codigo_estacao,data,hora,temp_inst,temp_max,temp_min,umid_inst,umid_max,umid_min,pto_orvalho_inst,pto_orvalho_max,pto_orvalho_min,pressao,pressao_max,pressao_min,vento_direcao,vento_vel, vento_rajada,radiacao,precipitacao
A765,29/08/2017,00,////,////,////,////,////,////,////,////,////,////,////,////,////,////,////,////,////
A765,29/08/2017,08,////,////,////,////,////,////,////,////,////,////,////,////,////,////,////,////,////
A765,29/08/2017,09,////,////,////,////,////,////,////,////,////,////,////,////,////,////,////,////,////
A765,29/08/2017,13,////,////,////,////,////,////,////,////,////,////,////,////,////,////,////,////,////
A765,29/08/2017,14,////,////,////,////,////,////,////,////,////,////,////,////,////,////,////,////,////
A765,29/08/2017,20,////,////,////,////,////,////,////,////,////,////,////,////,////,////,////,////,////
A765,29/08/2017,21,////,////,////,////,////,////,////,////,////,////,////,////,////,////,////,////,////
A765,29/08/2017,22,////,////,////,////,////,////,////,////,////,////,////,////,////,////,////,////,////
A765,29/08/2017,23,////,////,////,////,////,////,////,////,////,////,////,////,////,////,////,////,////
A765,29/08/2017,10,////,////,////,////,////,////,////,////,////,////,////,////,////,////,////,////,////
A765,29/08/2017,01,////,////,////,////,////,////,////,////,////,////,////,////,////,////,////,////,////
A765,29/08/2017,11,////,////,////,////,////,////,////,////,////,////,////,////,////,////,////,////,////
A765,29/08/2017,02,////,////,////,////,////,////,////,////,////,////,////,////,////,////,////,////,////
A765,29/08/2017,03,////,////,////,////,////,////,////,////,////,////,////,////,////,////,////,////,////
A765,29/08/2017,04,////,////,////,////,////,////,////,////,////,////,////,////,////,////,////,////,////
A765,29/08/2017,05,////,////,////,////,////,////,////,////,////,////,////,////,////,////,////,////,////
A765,29/08/2017,12,////,////,////,////,////,////,////,////,////,////,////,////,////,////,////,////,////
A765,29/08/2017,06,////,////,////,////,////,////,////,////,////,////,////,////,////,////,////,////,////
A765,29/08/2017,15,////,////,////,////,////,////,////,////,////,////,////,////,////,////,////,////,////
A765,29/08/2017,16,////,////,////,////,////,////,////,////,////,////,////,////,////,////,////,////,////
A765,29/08/2017,17,////,////,////,////,////,////,////,////,////,////,////,////,////,////,////,////,////
A765,29/08/2017,07,////,////,////,////,////,////,////,////,////,////,////,////,////,////,////,////,////
A765,29/08/2017,18,////,////,////,////,////,////,////,////,////,////,////,////,////,////,////,////,////
A765,29/08/2017,19,////,////,////,////,////,////,////,////,////,////,////,////,////,////,////,////,////
A765,30/08/2017,02,20.3,20.4,20.3,84,85,83,17.6,17.7,17.4,1017.2,1017.7,1017.2,0.9,340,2.9,0.013,0.0
A765,30/08/2017,03,20.3,20.5,20.2,84,85,83,17.5,17.7,17.4,1016.8,1017.2,1016.8,0.9,334,3.0,0.017,0.0
A765,30/08/2017,04,19.9,20.4,19.9,86,86,84,17.4,17.7,17.4,1016.2,1016.8,1016.2,0.7,217,2.8,-0.78,0.0
A765,30/08/2017,05,19.4,19.9,19.4,88,88,86,17.3,17.7,17.3,1015.6,1016.2,1015.6,0.5,292,2.4,-1.51,0.0
A765,30/08/2017,06,18.5,19.4,18.5,92,92,88,17.2,17.6,17.1,1014.9,1015.6,1014.9,1.0,308,2.0,-3.59,0.0
A765,30/08/2017,07,17.5,18.5,17.5,94,94,92,16.5,17.2,16.5,1014.4,1014.9,1014.4,0.8,315,1.6,-3.60,0.0
A765,30/08/2017,08,16.8,17.6,16.8,94,94,94,15.8,16.6,15.8,1013.9,1014.4,1013.8,0.5,256,2.5,-3.60,0.0
A765,30/08/2017,09,16.7,17.0,16.7,95,95,94,16.0,16.2,15.7,1014.4,1014.4,1013.9,1.1,233,2.6,-3.59,0.0
A765,30/08/2017,23,20.7,23.1,20.7,92,92,85,19.4,20.4,19.4,1013.4,1013.4,1013.2,0.4,353,3.1,-3.60,0.0
A765,30/08/2017,10,16.8,17.0,16.6,96,96,95,16.1,16.3,15.9,1014.8,1014.8,1014.4,1.0,268,2.5,55.32,0.0
A765,30/08/2017,11,18.6,18.6,16.8,92,96,92,17.4,17.4,16.1,1015.4,1015.4,1014.8,0.5,277,1.9,568.9,0.0
A765,30/08/2017,12,21.4,21.5,18.6,82,92,82,18.3,18.6,17.3,1015.7,1015.8,1015.4,0.4,5,1.6,1364.,0.0
A765,30/08/2017,13,23.5,23.5,21.4,77,83,76,19.1,19.4,18.1,1015.7,1015.8,1015.6,1.9,113,3.5,1955.,0.0
A765,30/08/2017,14,23.7,24.1,23.0,76,79,74,19.2,19.7,18.9,1015.3,1015.7,1015.3,2.2,110,4.6,2626.,0.0
A765,30/08/2017,15,24.1,24.6,23.2,75,79,73,19.3,19.8,18.8,1014.3,1015.3,1014.3,2.7,113,4.5,2951.,0.0
A765,30/08/2017,16,24.4,25.0,23.8,75,78,73,19.6,20.4,19.2,1013.4,1014.3,1013.4,2.6,116,4.7,2992.,0.0
A765,30/08/2017,17,24.9,25.5,24.4,75,76,72,20.1,20.5,19.6,1012.5,1013.4,1012.4,2.9,106,5.3,2718.,0.0
A765,30/08/2017,18,24.5,25.2,24.2,77,77,74,20.1,20.4,19.8,1012.1,1012.5,1012.1,2.3,102,5.6,2216.,0.0
A765,30/08/2017,19,25.8,25.8,24.5,72,77,72,20.4,20.6,19.9,1011.8,1012.1,1011.8,1.7,110,4.0,1647.,0.0
A765,30/08/2017,20,24.7,25.8,24.5,78,79,72,20.6,20.8,20.2,1012.2,1012.2,1011.8,2.2,105,4.2,809.6,0.0
A765,30/08/2017,21,23.2,24.7,23.2,83,83,78,20.1,20.6,20.0,1012.7,1012.7,1012.2,2.0,97,4.9,167.9,0.0
A765,30/08/2017,00,20.5,20.6,20.4,85,85,84,17.9,18.0,17.7,1017.3,1017.3,1017.0,1.3,285,2.7,-0.00,0.0
A765,30/08/2017,22,23.1,23.2,22.7,85,86,83,20.3,20.4,20.1,1013.3,1013.3,1012.7,1.9,92,2.9,-2.65,0.0
A765,30/08/2017,01,20.3,20.5,20.3,84,87,84,17.6,18.2,17.5,1017.6,1017.6,1017.3,1.7,300,2.9,0.000,0.0
A765,31/08/2017,01,19.7,20.3,19.7,94,94,93,18.8,19.2,18.7,1014.6,1014.6,1014.0,0.6,223,1.6,-3.59,0.0
A765,31/08/2017,13,18.9,19.0,18.5,93,95,93,17.7,18.0,17.6,1025.0,1025.0,1024.4,1.0,243,2.8,421.2,0.0
A765,31/08/2017,21,19.0,19.6,19.0,90,92,86,17.4,17.8,17.2,1024.2,1024.3,1024.0,1.1,308,1.9,35.18,0.0
A765,31/08/2017,10,18.6,19.2,18.6,93,94,92,17.5,17.9,17.5,1022.3,1022.3,1021.4,1.0,229,3.5,4.715,0.6
A765,31/08/2017,22,18.9,19.2,18.9,90,90,87,17.2,17.4,17.0,1024.2,1024.5,1024.2,0.8,305,2.6,-2.69,0.0
A765,31/08/2017,04,21.3,22.2,21.3,86,86,83,18.9,19.2,18.8,1018.7,1018.7,1017.9,2.4,224,9.2,-3.09,0.0
A765,31/08/2017,15,19.9,20.0,19.4,82,86,80,16.8,17.0,16.2,1024.6,1025.2,1024.6,0.8,219,3.1,703.6,0.0
A765,31/08/2017,23,18.9,19.0,18.9,91,91,90,17.5,17.5,17.3,1024.5,1024.7,1024.2,0.7,345,1.8,-2.39,0.0
A765,31/08/2017,19,20.6,21.2,20.5,83,83,75,17.5,17.5,16.3,1023.8,1023.8,1023.5,0.9,240,2.4,346.4,0.0
A765,31/08/2017,20,19.6,20.5,19.6,86,86,80,17.2,17.5,16.7,1024.0,1024.0,1023.7,0.9,346,2.4,109.8,0.2
A765,31/08/2017,17,19.9,20.2,19.3,80,85,80,16.4,17.1,16.3,1024.0,1024.4,1024.0,1.4,323,3.4,959.4,0.0
A765,31/08/2017,16,19.9,20.2,19.6,82,83,78,16.8,16.9,16.1,1024.4,1024.6,1024.4,1.4,150,3.9,620.7,0.0
A765,31/08/2017,02,22.0,22.1,19.7,88,95,87,19.9,20.1,18.7,1016.2,1016.3,1014.6,3.1,217,11.5,-3.59,0.0
A765,31/08/2017,18,20.9,21.1,19.9,75,81,74,16.4,16.9,16.1,1023.7,1023.9,1023.6,0.5,237,2.7,899.7,0.0
A765,31/08/2017,12,18.5,18.6,18.4,94,94,94,17.6,17.7,17.4,1024.4,1024.4,1023.3,1.1,236,2.5,169.3,0.2
A765,31/08/2017,11,18.5,18.7,18.4,94,94,93,17.5,17.7,17.4,1023.3,1023.3,1022.3,0.9,248,3.8,64.53,0.6
A765,31/08/2017,03,22.2,23.4,22.0,83,88,82,19.2,20.4,19.2,1018.0,1018.1,1016.2,3.8,216,10.0,-3.60,0.0
A765,31/08/2017,00,20.2,20.8,20.2,93,94,92,19.1,19.6,19.1,1014.0,1014.0,1013.4,0.9,312,1.4,-3.57,0.0
A765,31/08/2017,08,20.9,21.1,20.9,88,88,87,18.9,18.9,18.8,1019.8,1019.8,1019.2,0.9,207,2.5,-0.62,0.0
A765,31/08/2017,05,21.2,21.3,21.1,87,87,86,18.9,18.9,18.8,1018.9,1019.0,1018.7,1.1,217,6.7,0.062,0.0
A765,31/08/2017,07,21.1,21.1,21.0,87,87,87,18.8,18.8,18.8,1019.2,1019.2,1019.0,1.3,229,3.6,-0.35,0.0
A765,31/08/2017,06,21.1,21.2,21.1,87,87,87,18.8,18.9,18.8,1019.0,1019.0,1018.9,1.6,222,4.6,0.219,0.0
A765,31/08/2017,14,19.5,19.5,18.8,86,93,85,17.0,17.8,16.8,1025.2,1025.2,1024.9,1.5,267,3.3,705.2,0.0
A765,31/08/2017,09,19.2,20.9,19.2,92,92,88,17.9,19.1,17.9,1021.4,1021.4,1019.8,1.3,244,7.8,-1.89,0.6
A765,01/09/2017,16,21.7,22.7,21.6,72,73,68,16.4,17.1,15.7,1026.3,1027.0,1026.3,3.2,96,8.7,1105.,0.0
A765,01/09/2017,10,19.3,19.4,18.8,88,93,88,17.3,17.6,17.1,1026.1,1026.1,1025.3,4.1,110,8.5,9.786,0.0
A765,01/09/2017,07,18.8,18.8,18.4,91,94,91,17.3,17.7,17.2,1024.7,1024.8,1024.6,2.4,94,7.5,-0.90,0.2
A765,01/09/2017,22,20.9,21.0,20.8,68,71,68,14.8,15.4,14.7,1025.9,1025.9,1025.7,4.0,99,7.2,0.346,0.0
A765,01/09/2017,08,18.2,18.9,18.1,95,95,91,17.3,17.5,17.2,1025.0,1025.0,1024.7,2.0,12,6.3,-0.56,0.6
A765,01/09/2017,21,20.9,21.4,20.9,71,71,67,15.5,15.5,14.9,1025.7,1025.7,1025.5,2.5,103,6.5,116.7,0.0
A765,01/09/2017,23,20.8,20.9,20.7,70,70,68,15.2,15.2,14.7,1026.3,1026.3,1025.9,4.0,95,8.4,-0.55,0.0
A765,01/09/2017,06,18.4,18.6,18.4,94,95,94,17.4,17.7,17.4,1024.8,1025.0,1024.8,4.0,127,8.6,-0.18,1.8
A765,01/09/2017,17,21.6,21.7,21.4,70,72,69,16.0,16.3,15.7,1025.7,1026.3,1025.7,3.4,103,7.4,774.2,0.0
A765,01/09/2017,00,18.7,18.9,18.6,92,93,91,17.5,17.7,17.3,1024.9,1024.9,1024.3,1.0,251,2.5,-2.16,0.0
A765,01/09/2017,03,18.2,18.6,18.2,94,94,90,17.2,17.3,16.8,1025.6,1025.8,1025.5,1.5,345,2.8,-1.03,0.4
A765,01/09/2017,02,18.4,18.5,18.2,91,91,90,16.8,17.0,16.6,1025.6,1025.7,1025.4,0.7,283,1.6,-0.87,0.0
A765,01/09/2017,05,18.6,18.8,18.0,94,95,94,17.7,18.0,17.0,1025.0,1025.5,1025.0,3.3,140,7.1,-0.77,0.8
A765,01/09/2017,04,18.3,18.5,18.1,94,94,93,17.3,17.4,17.0,1025.5,1025.6,1025.4,0.9,72,5.4,-0.84,1.0
A765,01/09/2017,18,21.4,21.7,21.2,68,72,68,15.3,16.2,15.3,1025.2,1025.7,1025.2,4.2,91,9.1,682.9,0.0
A765,01/09/2017,13,21.5,21.5,20.0,79,88,79,17.8,18.5,17.6,1027.5,1027.6,1027.4,4.6,122,8.9,1713.,0.0
A765,01/09/2017,15,22.5,22.5,21.5,71,78,70,16.9,17.7,16.3,1027.0,1027.3,1026.9,4.6,98,8.6,1756.,0.0
A765,01/09/2017,20,21.3,21.5,21.3,68,68,65,15.2,15.4,14.7,1025.5,1025.5,1025.3,3.5,93,9.5,355.3,0.0
A765,01/09/2017,09,18.8,19.0,18.1,93,95,91,17.6,17.8,17.2,1025.3,1025.4,1025.0,4.0,118,8.4,-0.30,1.0
A765,01/09/2017,01,18.3,18.8,18.2,91,93,91,16.8,17.6,16.8,1025.4,1025.5,1024.9,0.6,304,2.3,-3.23,0.0
A765,01/09/2017,11,18.8,19.3,18.8,90,91,87,17.1,17.4,16.8,1027.0,1027.0,1026.1,4.4,110,10.1,184.0,0.2
A765,01/09/2017,19,21.5,21.6,21.3,65,69,65,14.7,15.7,14.7,1025.3,1025.4,1025.2,4.1,97,9.5,626.5,0.0
A765,01/09/2017,14,21.8,21.9,21.2,76,80,76,17.4,17.9,17.2,1027.3,1027.6,1027.3,3.3,97,8.6,1568.,0.0
A765,01/09/2017,12,20.1,20.2,18.7,86,92,85,17.6,17.9,17.2,1027.5,1027.5,1027.0,4.0,117,10.1,803.8,0.0
A765,02/09/2017,07,16.6,17.1,16.6,94,95,94,15.7,16.1,15.7,1024.9,1025.0,1024.9,1.0,324,1.7,-3.59,0.0
A765,02/09/2017,09,15.9,16.2,15.9,95,95,94,15.1,15.3,15.0,1025.5,1025.5,1025.1,0.6,320,1.9,-3.59,0.0
A765,02/09/2017,18,23.3,23.7,22.7,63,69,62,15.9,17.0,15.5,1024.4,1024.7,1024.4,2.3,119,5.9,1208.,0.0
A765,02/09/2017,16,23.9,24.4,23.3,61,66,59,16.0,16.8,15.5,1025.2,1026.0,1025.2,3.6,120,6.8,3130.,0.0
A765,02/09/2017,10,16.1,16.1,15.4,96,96,95,15.4,15.4,14.7,1026.2,1026.2,1025.5,0.6,277,1.5,77.73,0.0
A765,02/09/2017,02,18.5,19.9,18.5,88,88,75,16.4,16.5,15.3,1026.8,1026.9,1026.7,0.9,314,2.3,-3.06,0.0
A765,02/09/2017,13,22.4,22.4,20.6,66,70,65,15.6,16.1,14.5,1027.3,1027.3,1027.2,2.1,114,4.3,2109.,0.0
A765,02/09/2017,12,20.6,20.6,17.7,70,92,67,14.9,17.1,14.0,1027.2,1027.2,1026.8,0.8,26,1.8,1466.,0.0
A765,02/09/2017,11,17.7,17.7,16.0,92,96,92,16.5,16.5,15.3,1026.8,1026.8,1026.2,0.6,342,1.5,676.0,0.0
A765,02/09/2017,15,23.3,23.7,22.8,65,66,60,16.2,16.6,14.9,1026.0,1026.7,1026.0,2.8,126,5.4,3126.,0.0
A765,02/09/2017,01,19.9,20.6,19.9,75,77,71,15.3,15.8,15.2,1026.7,1026.7,1026.6,1.0,59,7.3,-1.78,0.0
A765,02/09/2017,17,23.0,24.0,22.9,63,65,60,15.7,16.5,15.5,1024.7,1025.2,1024.7,3.1,135,6.6,1793.,0.0
A765,02/09/2017,05,17.5,17.9,17.4,93,93,90,16.4,16.4,16.1,1025.6,1026.1,1025.6,0.5,314,1.1,-3.50,0.0
A765,02/09/2017,08,16.1,16.6,15.9,94,95,94,15.2,15.7,15.0,1025.1,1025.1,1024.9,1.0,343,1.8,-3.60,0.0
A765,02/09/2017,04,17.9,18.6,17.9,90,90,88,16.2,16.7,16.2,1026.1,1026.5,1026.1,0.2,239,1.3,-2.69,0.0
A765,02/09/2017,23,18.2,19.3,18.2,90,91,87,16.6,17.2,16.6,1025.0,1025.0,1024.7,0.9,261,2.4,-3.60,0.0
A765,02/09/2017,03,18.6,18.7,18.4,88,89,87,16.7,16.7,16.3,1026.5,1026.8,1026.5,0.4,308,1.4,-1.13,0.0
A765,02/09/2017,21,21.4,22.3,21.4,75,75,70,16.7,17.2,16.2,1024.5,1024.5,1024.4,2.3,100,4.2,104.7,0.0
A765,02/09/2017,22,19.3,21.4,19.3,87,87,75,17.1,17.7,16.7,1024.7,1024.7,1024.5,1.0,266,4.2,-2.47,0.0
A765,02/09/2017,14,23.3,23.3,21.9,62,68,61,15.6,16.2,15.1,1026.7,1027.3,1026.7,2.4,106,5.2,2812.,0.0
A765,02/09/2017,19,22.9,23.4,22.6,68,68,62,16.7,16.7,15.6,1024.5,1024.5,1024.4,2.5,124,6.3,845.6,0.0
A765,02/09/2017,00,20.6,20.8,20.6,71,71,69,15.2,15.3,14.9,1026.6,1026.7,1026.3,3.6,98,8.2,-1.39,0.0
A765,02/09/2017,20,22.1,22.9,22.1,72,72,66,16.9,16.9,15.9,1024.5,1024.5,1024.4,2.4,123,5.8,399.8,0.0
A765,02/09/2017,06,17.1,17.5,17.1,94,94,93,16.1,16.4,16.1,1025.0,1025.6,1025.0,0.7,359,1.2,-3.30,0.0
A765,03/09/2017,19,21.4,21.7,20.9,75,77,72,16.7,16.9,16.2,1021.8,1021.9,1021.7,1.1,151,3.7,775.2,0.0
A765,03/09/2017,18,21.2,21.7,21.0,74,75,73,16.4,16.9,16.2,1021.9,1022.5,1021.9,1.9,164,3.7,919.3,0.2
A765,03/09/2017,08,15.6,15.9,15.5,96,96,96,15.0,15.3,14.9,1023.1,1023.2,1023.1,1.1,305,1.8,-3.60,0.0
A765,03/09/2017,09,15.4,15.7,15.1,96,96,96,14.8,15.1,14.5,1023.9,1023.9,1023.1,0.7,330,1.8,-3.60,0.0
A765,03/09/2017,05,15.9,16.1,15.8,96,96,95,15.2,15.4,15.0,1024.1,1024.5,1024.1,0.8,287,1.6,-3.60,0.0
A765,03/09/2017,01,17.2,17.8,16.9,94,94,93,16.2,16.6,15.8,1025.2,1025.2,1025.0,0.5,289,1.4,-3.60,0.0
A765,03/09/2017,21,19.9,21.0,19.9,80,80,75,16.3,16.6,16.3,1022.0,1022.0,1021.8,0.7,162,2.4,208.2,0.0
A765,03/09/2017,16,21.1,22.2,20.7,74,76,72,16.2,17.4,15.8,1023.5,1024.2,1023.5,2.3,155,6.5,1295.,0.0
A765,03/09/2017,06,15.7,16.0,15.7,96,96,96,15.1,15.3,15.0,1023.7,1024.2,1023.7,0.8,303,1.3,-3.60,0.0
A765,03/09/2017,17,21.1,21.2,20.7,74,76,73,16.3,16.6,15.9,1022.5,1023.5,1022.5,1.6,154,5.4,854.7,0.0
A765,03/09/2017,13,21.7,22.4,20.3,73,80,70,16.7,17.2,16.0,1025.3,1025.3,1025.2,2.2,139,4.3,2119.,0.0
A765,03/09/2017,23,18.2,18.5,18.0,91,92,90,16.7,17.0,16.4,1022.5,1022.5,1022.3,0.5,2,1.3,-2.89,0.0
A765,03/09/2017,20,20.8,21.6,20.7,76,76,73,16.5,17.0,16.3,1022.0,1022.0,1021.8,1.4,159,3.4,606.5,0.0
A765,03/09/2017,02,17.2,17.3,17.1,95,95,94,16.4,16.4,16.2,1025.1,1025.3,1025.1,0.8,286,2.0,-3.60,0.0
A765,03/09/2017,12,20.5,20.6,17.8,80,95,80,16.8,17.4,16.8,1025.2,1025.3,1024.8,1.8,185,4.1,1482.,0.0
A765,03/09/2017,10,15.2,15.4,15.0,96,97,96,14.6,14.8,14.4,1024.4,1024.4,1023.9,0.8,243,1.7,79.54,0.0
A765,03/09/2017,03,16.4,17.2,16.3,94,95,94,15.4,16.4,15.4,1024.9,1025.1,1024.9,1.1,277,1.7,-3.60,0.0
A765,03/09/2017,22,18.5,19.9,18.5,91,91,80,17.0,17.2,16.2,1022.3,1022.3,1021.9,0.8,338,1.6,-2.69,0.0
A765,03/09/2017,07,15.6,15.8,15.6,96,96,96,15.0,15.2,15.0,1023.2,1023.7,1023.2,0.5,284,1.6,-3.60,0.0
A765,03/09/2017,14,23.2,23.2,21.7,69,73,66,17.1,17.4,15.7,1024.7,1025.3,1024.7,2.2,120,5.3,2799.,0.0
A765,03/09/2017,00,17.7,18.2,17.7,93,93,91,16.6,16.7,16.4,1025.1,1025.1,1025.0,0.9,303,2.5,-3.60,0.0
A765,03/09/2017,11,17.8,17.8,15.1,95,97,95,17.0,17.0,14.6,1024.8,1024.8,1024.4,0.8,221,2.5,672.5,0.0
A765,03/09/2017,04,15.9,16.4,15.8,95,95,94,15.1,15.5,14.9,1024.5,1024.9,1024.5,0.5,284,1.6,-3.60,0.0
A765,03/09/2017,15,21.5,23.3,21.4,75,75,68,16.9,17.5,16.1,1024.2,1024.7,1024.2,3.3,154,6.3,2595.,0.0
A765,04/09/2017,01,17.0,17.5,17.0,94,94,92,16.1,16.2,16.0,1022.4,1022.5,1022.4,0.6,283,1.5,-3.60,0.0
A765,04/09/2017,07,15.3,15.9,15.3,96,96,96,14.7,15.3,14.7,1019.5,1020.0,1019.5,0.7,247,1.9,-3.60,0.0
A765,04/09/2017,08,16.0,16.0,15.3,96,97,96,15.4,15.5,14.6,1019.5,1019.5,1019.3,1.6,214,3.6,-3.60,0.0
A765,04/09/2017,13,23.1,23.2,20.9,66,80,64,16.5,17.5,15.7,1020.9,1021.4,1020.9,1.4,110,3.0,2119.,0.0
A765,04/09/2017,09,16.1,16.5,16.0,96,96,96,15.5,15.9,15.3,1020.4,1020.4,1019.5,1.7,233,5.2,-3.58,0.0
A765,04/09/2017,12,20.9,20.9,17.5,80,94,80,17.4,17.7,16.4,1021.4,1021.5,1021.4,1.2,157,2.9,1502.,0.0
A765,04/09/2017,00,17.5,18.2,17.5,92,92,90,16.2,16.7,16.2,1022.4,1022.6,1022.4,0.4,330,1.0,-3.34,0.0
A765,04/09/2017,10,16.2,16.7,16.0,96,96,95,15.5,16.1,15.3,1021.1,1021.1,1020.4,1.5,301,4.9,78.61,0.0
A765,04/09/2017,05,15.8,15.9,15.5,96,96,95,15.2,15.3,14.8,1020.4,1021.0,1020.4,0.7,284,1.6,-3.60,0.0
A765,04/09/2017,11,17.6,17.6,15.9,94,96,94,16.5,16.6,15.1,1021.4,1021.4,1021.1,0.7,269,2.6,671.6,0.0
A765,04/09/2017,04,15.8,16.4,15.7,96,96,95,15.1,15.7,14.9,1021.0,1021.8,1021.0,0.5,1,1.5,-3.60,0.0
A765,04/09/2017,03,16.4,16.6,16.2,96,96,95,15.7,15.8,15.5,1021.8,1022.0,1021.8,1.0,301,1.5,-3.60,0.0
A765,04/09/2017,23,18.5,19.4,18.5,92,92,89,17.1,17.6,17.1,1018.7,1018.7,1018.5,0.7,294,1.4,-3.60,0.0
A765,04/09/2017,02,16.5,17.0,16.5,95,95,94,15.8,16.1,15.6,1022.0,1022.4,1021.9,0.4,275,1.1,-3.60,0.0
A765,04/09/2017,06,15.9,16.1,15.3,96,96,96,15.3,15.5,14.7,1020.0,1020.4,1019.9,0.7,293,3.1,-3.59,0.0
A765,04/09/2017,14,23.8,23.9,22.9,73,74,65,18.7,18.7,16.2,1020.6,1020.9,1020.6,2.4,112,4.8,2814.,0.2
A765,04/09/2017,15,23.7,24.2,22.9,74,78,71,18.9,19.5,18.0,1020.2,1020.6,1020.2,2.6,115,5.7,3122.,0.0
A765,04/09/2017,16,23.4,24.0,22.8,76,78,71,18.8,19.2,17.9,1019.4,1020.2,1019.4,3.1,124,6.0,3165.,0.0
A765,04/09/2017,17,24.5,24.8,23.4,65,75,56,17.4,18.7,15.1,1018.8,1019.4,1018.8,2.7,114,5.7,2923.,0.0
A765,04/09/2017,18,24.0,24.8,23.6,65,70,61,17.1,18.3,16.5,1018.5,1018.8,1018.4,2.8,119,5.7,2429.,0.0
A765,04/09/2017,19,22.9,24.2,22.7,71,71,62,17.3,17.4,15.9,1018.1,1018.5,1018.1,2.5,120,4.9,1770.,0.0
A765,04/09/2017,20,22.3,22.9,22.1,72,73,69,17.0,17.3,16.5,1018.1,1018.1,1018.0,2.2,114,4.7,955.5,0.0
A765,04/09/2017,21,21.2,22.4,21.2,72,74,71,15.9,17.2,15.9,1018.2,1018.2,1018.1,1.5,80,3.5,213.9,0.0
A765,04/09/2017,22,19.4,21.2,19.4,89,89,72,17.6,17.7,16.0,1018.5,1018.5,1018.2,0.5,310,2.0,-2.70,0.0
A765,05/09/2017,18,24.8,26.2,24.5,69,69,59,18.7,18.9,17.6,1016.5,1016.7,1016.4,3.1,107,5.5,2389.,0.0
A765,05/09/2017,19,24.8,25.5,24.2,66,71,64,18.0,19.2,17.3,1016.3,1016.5,1016.3,3.0,103,5.3,1716.,0.0
A765,05/09/2017,20,24.3,25.0,24.2,66,67,61,17.5,17.8,16.9,1016.1,1016.3,1016.1,1.5,105,4.8,921.6,0.0
A765,05/09/2017,21,23.1,24.3,23.1,71,71,64,17.6,17.8,16.2,1016.2,1016.3,1016.1,1.0,91,3.0,195.5,0.0
A765,05/09/2017,02,16.9,17.3,16.9,94,95,94,16.0,16.5,16.0,1018.6,1018.8,1018.6,0.6,1,1.4,-3.60,0.0
A765,05/09/2017,22,20.6,23.1,20.6,86,86,72,18.2,18.3,17.3,1016.6,1016.6,1016.2,0.7,327,1.8,-2.78,0.0
A765,05/09/2017,03,16.8,16.9,16.5,95,95,94,16.1,16.1,15.6,1018.2,1018.6,1018.2,0.5,280,1.4,-3.60,0.0
A765,05/09/2017,04,16.4,17.0,16.3,95,95,95,15.6,16.2,15.5,1017.8,1018.2,1017.8,0.3,184,1.5,-3.60,0.0
A765,05/09/2017,05,16.3,16.8,16.2,96,96,95,15.6,16.0,15.4,1017.1,1017.8,1017.1,0.7,247,1.7,-3.60,0.0
A765,05/09/2017,06,16.2,16.6,16.1,96,96,95,15.6,16.0,15.4,1016.5,1017.1,1016.5,0.6,288,1.7,-3.60,0.0
A765,05/09/2017,23,19.5,20.6,19.5,90,90,86,17.9,18.6,17.8,1017.2,1017.2,1016.6,0.9,270,1.6,-3.60,0.0
A765,05/09/2017,07,16.0,16.4,15.9,96,96,96,15.4,15.8,15.3,1016.1,1016.5,1016.1,0.6,165,2.8,-3.59,0.0
A765,05/09/2017,08,15.9,16.3,15.6,96,96,96,15.3,15.6,14.9,1016.4,1016.4,1016.1,0.8,233,3.2,-3.60,0.0
A765,05/09/2017,09,15.8,16.3,15.7,96,97,96,15.2,15.8,15.1,1016.3,1016.4,1016.2,1.1,253,2.3,-3.60,0.0
A765,05/09/2017,10,16.7,16.8,15.8,94,96,94,15.7,15.9,15.0,1016.7,1016.7,1016.3,1.4,204,3.9,111.3,0.0
A765,05/09/2017,11,19.8,19.8,16.7,81,94,81,16.5,16.7,15.8,1017.5,1017.6,1016.7,1.4,200,4.1,751.8,0.0
A765,05/09/2017,12,24.0,24.0,19.8,64,81,63,16.8,17.1,16.0,1018.1,1018.2,1017.5,2.3,166,3.8,1559.,0.0
A765,05/09/2017,13,26.0,26.5,24.0,57,66,50,16.8,17.3,15.1,1018.1,1018.2,1018.1,3.1,190,4.5,2153.,0.0
A765,05/09/2017,14,27.5,28.8,26.0,56,59,44,17.9,17.9,15.0,1018.3,1018.4,1018.1,2.7,148,4.7,2834.,0.0
A765,05/09/2017,00,17.9,18.5,17.9,93,93,91,16.9,17.1,16.8,1018.7,1018.8,1018.7,0.7,275,1.5,-3.60,0.0
A765,05/09/2017,15,27.7,28.4,26.6,57,63,52,18.3,19.0,17.3,1017.9,1018.3,1017.9,1.5,135,4.4,3140.,0.0
A765,05/09/2017,01,17.1,17.9,17.1,94,94,93,16.2,16.8,16.2,1018.7,1018.7,1018.6,0.9,269,1.5,-3.60,0.0
A765,05/09/2017,16,25.0,28.0,24.5,71,72,56,19.4,20.1,17.8,1017.3,1017.9,1017.3,3.5,103,6.2,3171.,0.0
A765,05/09/2017,17,25.0,26.3,24.2,67,72,64,18.4,19.9,18.0,1016.7,1017.3,1016.6,3.1,112,6.2,2908.,0.0
A765,06/09/2017,09,19.8,19.9,19.5,87,87,85,17.5,17.5,17.1,1019.7,1019.7,1019.2,0.3,222,1.9,-0.41,0.0
A765,06/09/2017,10,19.4,19.8,19.2,91,91,87,17.8,18.0,17.5,1020.1,1020.1,1019.7,0.4,17,1.5,80.95,0.0
A765,06/09/2017,11,21.3,21.3,19.4,83,91,83,18.4,18.5,17.7,1020.9,1020.9,1020.1,0.7,240,1.6,603.7,0.0
A765,06/09/2017,12,22.2,22.4,21.3,79,84,78,18.4,18.9,18.1,1021.6,1021.6,1020.9,1.0,181,3.8,1109.,0.0
A765,06/09/2017,00,19.6,19.7,19.3,85,91,85,16.9,18.0,16.9,1017.7,1017.7,1017.2,0.9,243,2.5,-3.60,0.0
A765,06/09/2017,13,22.9,23.0,21.9,74,81,74,18.1,18.7,18.0,1022.0,1022.0,1021.6,2.2,180,4.1,1224.,0.0
A765,06/09/2017,14,23.4,23.8,22.9,70,77,70,17.7,18.9,17.7,1022.0,1022.1,1021.9,1.5,221,4.2,1139.,0.0
A765,06/09/2017,15,23.5,23.7,23.0,70,72,67,17.7,17.9,17.0,1021.8,1022.0,1021.8,1.6,251,4.6,899.3,0.0
A765,06/09/2017,16,24.6,25.5,23.3,73,74,62,19.4,19.4,16.9,1020.9,1021.8,1020.9,2.6,132,5.7,2256.,0.0
A765,06/09/2017,01,18.5,19.6,18.4,83,88,77,15.5,17.4,15.0,1017.7,1017.8,1017.7,0.6,302,1.7,-3.60,0.0
A765,06/09/2017,17,23.0,25.0,22.8,78,79,69,19.0,19.2,18.5,1020.3,1020.9,1020.3,2.1,157,5.7,1490.,0.0
A765,06/09/2017,18,22.0,23.0,21.9,81,82,78,18.5,19.2,18.5,1020.0,1020.3,1019.9,2.8,154,6.2,570.2,0.0
A765,06/09/2017,19,21.9,22.1,21.8,82,82,80,18.6,18.7,18.4,1019.9,1020.0,1019.8,1.8,158,5.7,423.8,0.0
A765,06/09/2017,02,18.4,18.6,17.7,88,89,82,16.3,16.3,15.1,1018.0,1018.0,1017.7,1.2,186,2.5,-3.60,0.0
A765,06/09/2017,20,21.8,21.9,21.6,83,83,81,18.7,18.7,18.4,1020.1,1020.1,1019.9,1.2,127,3.4,187.9,0.0
A765,06/09/2017,21,21.5,21.8,21.4,85,85,82,18.7,18.8,18.4,1020.4,1020.4,1020.1,1.9,135,3.0,41.12,0.0
A765,06/09/2017,22,21.3,21.5,21.3,83,85,83,18.4,18.8,18.4,1020.7,1020.7,1020.4,1.3,140,2.8,0.004,0.0
A765,06/09/2017,03,19.6,19.6,17.8,81,88,81,16.3,16.3,15.3,1018.5,1018.6,1018.0,3.6,220,7.6,-3.60,0.0
A765,06/09/2017,04,21.5,22.2,19.6,79,81,74,17.7,17.8,16.3,1018.9,1018.9,1018.5,3.4,236,10.6,-3.60,0.0
A765,06/09/2017,23,21.1,21.3,21.1,85,85,83,18.5,18.7,18.4,1020.8,1020.8,1020.6,0.8,86,1.9,-1.33,0.0
A765,06/09/2017,05,20.9,21.6,20.9,83,84,79,17.9,18.0,17.8,1019.1,1019.2,1018.9,2.9,238,9.5,-3.60,0.0
A765,06/09/2017,06,20.6,20.9,20.6,85,85,82,17.9,18.0,17.7,1019.0,1019.2,1019.0,1.8,231,7.0,-3.60,0.0
A765,06/09/2017,07,19.0,20.6,19.0,85,86,83,16.5,18.0,16.5,1019.1,1019.1,1019.0,1.7,309,4.8,-1.24,0.0
A765,06/09/2017,08,19.5,19.8,19.0,86,86,84,17.1,17.3,16.5,1019.3,1019.4,1019.1,0.6,210,2.8,-0.71,0.0
A765,07/09/2017,14,22.9,23.5,21.5,73,78,72,17.8,18.5,17.3,1022.0,1022.7,1022.0,2.8,125,5.4,2584.,0.0
A765,07/09/2017,03,19.2,19.6,19.2,92,92,91,17.8,18.3,17.8,1021.4,1021.6,1021.4,0.3,324,1.3,-1.89,0.0
A765,07/09/2017,04,19.6,19.6,19.2,92,92,90,18.2,18.2,17.8,1021.4,1021.5,1021.3,0.5,340,0.8,-2.25,0.0
A765,07/09/2017,05,19.3,19.5,19.2,94,94,92,18.3,18.3,18.0,1020.9,1021.4,1020.9,0.5,281,1.4,-2.40,0.0
A765,07/09/2017,06,19.1,19.5,19.0,94,94,93,18.0,18.5,17.9,1020.4,1020.9,1020.4,1.0,341,1.6,-2.60,0.0
A765,07/09/2017,15,23.5,23.7,22.7,69,75,69,17.5,18.3,17.0,1021.2,1022.0,1021.2,3.2,118,5.5,2722.,0.0
A765,07/09/2017,07,18.5,19.1,18.5,93,94,93,17.4,18.1,17.4,1020.0,1020.4,1020.0,0.4,74,1.8,-3.48,0.0
A765,07/09/2017,08,18.5,18.6,18.3,94,94,93,17.6,17.7,17.2,1020.3,1020.3,1019.9,0.8,327,1.4,-2.67,0.0
A765,07/09/2017,09,18.4,18.7,18.4,91,94,91,16.9,17.8,16.9,1020.6,1020.6,1020.3,1.1,346,1.9,-2.73,0.0
A765,07/09/2017,00,20.5,21.2,20.5,90,90,85,18.9,19.1,18.5,1021.4,1021.4,1020.8,0.7,204,1.5,-2.03,0.0
A765,07/09/2017,16,23.4,24.3,23.0,68,69,64,17.1,17.6,16.3,1020.3,1021.2,1020.3,3.2,123,5.4,2804.,0.0
A765,07/09/2017,10,18.6,18.6,18.3,91,92,90,17.0,17.1,16.7,1021.2,1021.2,1020.6,0.3,59,1.9,62.25,0.0
A765,07/09/2017,11,19.5,19.5,18.6,88,91,88,17.4,17.5,17.0,1022.2,1022.2,1021.2,0.3,342,1.0,262.7,0.0
A765,07/09/2017,18,23.4,24.0,22.8,70,73,67,17.7,18.1,17.3,1018.7,1019.5,1018.7,3.2,120,6.2,2461.,0.0
A765,07/09/2017,12,21.1,21.2,19.5,80,88,79,17.4,17.7,17.1,1022.7,1022.8,1022.2,0.8,70,1.9,675.5,0.0
A765,07/09/2017,17,24.0,24.4,23.1,69,70,63,17.9,17.9,16.4,1019.5,1020.3,1019.5,3.2,121,6.1,2923.,0.0
A765,07/09/2017,13,22.0,22.6,21.0,76,81,69,17.5,17.9,16.8,1022.7,1022.8,1022.6,2.4,122,4.5,1127.,0.0
A765,07/09/2017,01,20.2,20.5,20.2,93,93,90,19.0,19.1,18.9,1021.6,1021.7,1021.4,0.7,332,1.3,-2.49,0.0
A765,07/09/2017,19,22.8,23.7,22.7,73,73,69,17.8,18.1,17.0,1018.3,1018.7,1018.3,3.0,116,5.8,1877.,0.0
A765,07/09/2017,20,21.6,23.0,21.6,75,76,71,17.0,17.8,16.9,1018.0,1018.3,1018.0,2.6,104,5.2,727.4,0.0
A765,07/09/2017,21,21.2,21.7,21.0,77,78,75,17.0,17.2,16.9,1017.9,1018.1,1017.9,1.8,83,4.3,136.0,0.0
A765,07/09/2017,22,20.2,21.2,20.0,84,84,77,17.3,17.3,16.9,1017.8,1017.9,1017.7,0.9,42,3.7,-2.04,0.0
A765,07/09/2017,02,19.6,20.3,19.6,92,93,91,18.3,19.1,18.3,1021.6,1021.6,1021.5,0.6,9,1.6,-2.13,0.0
A765,07/09/2017,23,18.9,20.2,18.9,91,91,84,17.4,17.8,17.3,1018.5,1018.5,1017.8,0.6,295,2.2,-3.60,0.0
A765,08/09/2017,23,19.1,20.3,19.1,92,92,87,17.7,18.2,17.7,1016.4,1016.4,1015.7,0.5,306,1.5,-3.60,0.0
A765,08/09/2017,00,18.2,18.9,18.2,92,92,91,16.8,17.5,16.8,1018.9,1018.9,1018.5,0.8,315,1.8,-3.60,0.0
A765,08/09/2017,03,17.0,17.6,17.0,95,95,95,16.2,16.8,16.1,1018.5,1018.8,1018.5,0.8,244,1.6,-3.60,0.0
A765,08/09/2017,01,17.6,18.2,17.5,94,94,92,16.6,16.9,16.4,1019.1,1019.1,1018.9,0.7,300,1.6,-3.60,0.0
A765,08/09/2017,02,17.6,17.7,17.5,95,95,94,16.8,16.8,16.6,1018.8,1019.1,1018.8,1.1,280,1.6,-3.60,0.0
A765,08/09/2017,04,16.8,17.3,16.7,95,96,95,16.1,16.5,15.9,1018.3,1018.5,1018.3,0.7,314,1.4,-3.60,0.0
A765,08/09/2017,05,16.4,17.2,16.4,95,96,95,15.6,16.5,15.6,1017.6,1018.3,1017.6,0.4,13,1.5,-3.59,0.0
A765,08/09/2017,06,16.5,16.7,16.3,96,96,95,15.8,16.0,15.6,1016.7,1017.6,1016.7,0.9,314,1.4,-3.58,0.0
A765,08/09/2017,07,16.8,16.8,16.4,96,96,96,16.2,16.2,15.7,1016.1,1016.7,1016.1,0.6,339,1.5,-3.57,0.0
A765,08/09/2017,08,15.9,16.9,15.9,96,96,96,15.2,16.3,15.2,1016.1,1016.2,1016.1,0.5,246,1.8,-3.55,0.0
A765,08/09/2017,09,16.1,16.2,15.7,96,96,96,15.5,15.6,15.1,1016.7,1016.7,1016.1,1.0,236,2.2,-3.60,0.0
A765,08/09/2017,10,16.8,16.9,16.1,96,97,96,16.2,16.3,15.5,1017.6,1017.6,1016.7,0.7,262,2.5,74.39,0.0
A765,08/09/2017,11,18.1,18.1,16.8,94,96,94,17.1,17.1,16.2,1017.7,1017.7,1017.6,1.0,310,1.6,699.8,0.2
A765,08/09/2017,12,20.7,20.7,18.1,83,94,81,17.6,17.6,16.5,1018.0,1018.0,1017.7,0.7,307,1.6,1515.,0.0
A765,08/09/2017,13,23.0,23.2,20.7,67,83,67,16.7,17.8,16.3,1018.0,1018.1,1018.0,1.6,187,3.6,2102.,0.0
A765,08/09/2017,14,22.9,23.8,22.8,73,73,62,17.8,18.3,15.6,1017.9,1018.0,1017.8,2.7,124,5.5,2757.,0.0
A765,08/09/2017,15,24.1,24.5,22.9,71,74,69,18.5,18.8,17.8,1017.2,1017.9,1017.2,2.4,143,5.6,3048.,0.0
A765,08/09/2017,17,24.0,25.0,23.8,70,72,67,18.3,19.1,18.1,1016.0,1016.7,1016.0,2.1,135,5.5,2848.,0.0
A765,08/09/2017,16,24.4,24.6,23.3,70,74,69,18.6,19.0,17.7,1016.7,1017.2,1016.7,2.4,135,5.5,3072.,0.0
A765,08/09/2017,18,24.2,25.3,23.9,71,71,67,18.7,19.2,18.2,1015.2,1016.0,1015.2,2.5,106,4.1,2374.,0.0
A765,08/09/2017,19,24.1,25.1,23.6,70,73,68,18.3,19.1,18.2,1014.9,1015.2,1014.8,2.7,109,4.4,1726.,0.0
A765,08/09/2017,20,22.8,24.3,22.8,75,75,70,18.1,18.5,17.9,1014.9,1014.9,1014.7,1.8,142,4.2,949.0,0.0
A765,08/09/2017,21,21.5,22.9,21.4,80,80,74,17.8,18.1,17.7,1015.3,1015.3,1014.9,1.7,139,4.0,210.9,0.0
A765,08/09/2017,22,20.3,21.5,20.3,87,87,80,18.1,18.2,17.7,1015.7,1015.7,1015.3,0.8,321,3.0,-2.11,0.0
A765,09/09/2017,23,20.6,20.8,20.5,91,91,89,19.0,19.2,18.9,1017.5,1017.5,1017.0,0.7,16,2.7,-1.35,0.0
A765,09/09/2017,00,18.7,19.2,18.6,94,94,92,17.6,17.9,17.5,1016.8,1016.8,1016.4,0.9,293,1.3,-3.60,0.0
A765,09/09/2017,01,18.0,18.7,18.0,94,94,93,17.1,17.7,17.0,1016.8,1016.9,1016.8,0.4,12,1.3,-3.59,0.0
A765,09/09/2017,02,17.6,18.1,17.5,95,95,94,16.8,17.2,16.7,1016.7,1016.8,1016.6,0.8,303,1.3,-3.60,0.0
A765,09/09/2017,03,16.8,17.6,16.8,95,95,95,16.0,16.8,16.0,1016.6,1016.7,1016.6,0.9,332,1.7,-3.56,0.0
A765,09/09/2017,04,16.9,17.1,16.8,95,96,95,16.1,16.4,16.0,1016.4,1016.6,1016.4,0.8,289,1.7,-3.60,0.0
A765,09/09/2017,05,16.5,17.1,16.5,96,96,95,15.8,16.4,15.8,1015.8,1016.4,1015.8,0.6,352,1.2,-3.60,0.0
A765,09/09/2017,06,16.7,16.8,16.2,96,96,96,16.0,16.1,15.5,1015.3,1015.8,1015.3,0.4,283,1.4,-3.60,0.0
A765,09/09/2017,07,16.7,16.8,16.4,96,96,96,16.1,16.2,15.7,1015.2,1015.3,1015.2,0.8,283,1.7,-3.60,0.0
A765,09/09/2017,08,16.7,16.9,16.4,97,97,96,16.2,16.4,15.8,1015.5,1015.5,1015.2,0.7,257,2.1,-3.15,0.0
A765,09/09/2017,09,16.8,17.1,16.7,97,97,97,16.3,16.5,16.1,1016.2,1016.2,1015.5,0.9,295,1.9,-2.09,0.0
A765,09/09/2017,10,17.0,17.1,16.8,96,97,96,16.5,16.6,16.3,1016.8,1016.8,1016.2,0.8,315,1.5,89.91,0.0
A765,09/09/2017,11,19.0,19.0,17.0,94,97,94,18.1,18.1,16.4,1017.7,1017.7,1016.8,1.0,273,1.6,524.8,0.0
A765,09/09/2017,12,20.8,21.0,19.0,85,94,85,18.2,18.7,17.9,1018.2,1018.2,1017.7,0.6,269,1.8,1092.,0.0
A765,09/09/2017,13,22.9,23.4,20.7,76,86,75,18.6,19.1,18.0,1018.3,1018.4,1018.2,1.8,83,3.8,1944.,0.0
A765,09/09/2017,14,24.3,24.4,22.7,72,78,72,18.9,19.4,18.4,1018.1,1018.3,1018.1,2.6,116,4.3,2691.,0.0
A765,09/09/2017,15,24.5,24.6,23.0,70,76,70,18.8,19.3,18.2,1017.5,1018.1,1017.5,3.1,115,5.7,2725.,0.0
A765,09/09/2017,16,24.4,25.0,23.5,71,74,69,18.7,19.4,18.3,1016.6,1017.5,1016.6,2.6,134,5.5,2958.,0.0
A765,09/09/2017,17,23.8,25.0,23.7,73,74,69,18.8,19.2,18.5,1015.9,1016.6,1015.9,3.0,104,5.6,2791.,0.0
A765,09/09/2017,18,23.9,24.8,23.4,73,74,70,18.8,19.4,18.4,1015.6,1015.9,1015.6,2.3,151,5.1,2305.,0.0
A765,09/09/2017,19,22.7,23.9,22.4,80,80,73,19.0,19.1,18.5,1015.9,1015.9,1015.5,2.0,133,5.7,1216.,0.0
A765,09/09/2017,20,21.3,22.8,21.3,87,87,79,19.0,19.3,18.7,1016.1,1016.1,1015.9,2.5,139,4.8,323.2,0.0
A765,09/09/2017,21,21.0,21.4,20.8,88,88,86,19.0,19.1,18.7,1016.4,1016.4,1016.1,1.7,132,4.4,53.75,0.0
A765,09/09/2017,22,20.8,21.1,20.7,89,89,88,19.0,19.0,18.8,1017.0,1017.0,1016.4,1.6,358,3.6,0.649,0.0
A765,10/09/2017,23,21.0,21.5,21.0,85,86,84,18.5,18.9,18.4,1016.3,1016.3,1015.9,1.3,8,2.7,-0.20,0.0
A765,10/09/2017,00,20.3,20.6,20.2,91,92,91,18.8,19.1,18.8,1017.7,1017.7,1017.5,0.8,52,1.8,-3.54,0.0
A765,10/09/2017,01,19.4,20.3,19.4,92,93,91,18.0,18.9,18.0,1017.7,1017.8,1017.6,1.2,316,2.2,-3.60,0.0
A765,10/09/2017,02,18.7,19.4,18.7,94,94,91,17.7,18.1,17.7,1017.3,1017.7,1017.3,0.4,270,2.2,-3.50,0.0
A765,10/09/2017,03,19.2,19.5,18.5,94,95,94,18.3,18.6,17.5,1017.5,1017.5,1017.3,0.7,261,2.1,-0.61,0.0
A765,10/09/2017,04,18.4,19.2,18.3,94,95,94,17.5,18.4,17.3,1017.2,1017.5,1017.2,0.6,342,2.1,-2.98,0.0
A765,10/09/2017,05,19.2,19.3,18.4,94,94,94,18.2,18.3,17.4,1017.0,1017.3,1017.0,1.2,282,2.0,-1.42,0.0
A765,10/09/2017,06,18.9,19.2,18.8,94,94,94,17.8,18.3,17.7,1016.8,1017.0,1016.8,0.7,343,1.8,-1.50,0.0
A765,10/09/2017,07,18.5,18.9,18.3,93,94,92,17.3,17.9,17.0,1016.4,1016.9,1016.3,0.6,313,1.5,-3.00,0.0
A765,10/09/2017,08,18.0,19.0,18.0,94,94,92,17.0,17.8,17.0,1016.5,1016.5,1016.3,0.6,240,1.8,-3.38,0.0
A765,10/09/2017,09,17.9,18.3,17.9,95,95,94,17.1,17.4,17.0,1017.0,1017.0,1016.5,0.7,311,1.3,-3.59,0.0
A765,10/09/2017,10,17.7,18.1,17.7,95,96,95,17.0,17.4,16.9,1017.4,1017.4,1017.0,0.4,20,1.2,60.94,0.0
A765,10/09/2017,11,19.4,19.4,17.7,95,96,95,18.5,18.5,16.9,1017.8,1017.8,1017.4,0.5,287,1.2,491.2,0.0
A765,10/09/2017,12,21.3,21.5,19.4,79,95,79,17.6,18.9,17.5,1018.1,1018.2,1017.8,0.7,300,1.4,1267.,0.0
A765,10/09/2017,13,23.4,23.7,21.3,72,80,72,18.2,18.8,17.6,1018.2,1018.3,1018.1,2.4,102,4.3,1670.,0.0
A765,10/09/2017,14,24.1,24.1,23.1,73,77,72,18.9,19.3,18.3,1017.9,1018.2,1017.8,2.8,113,4.9,2590.,0.0
A765,10/09/2017,15,23.6,24.5,23.4,76,77,72,19.0,19.6,18.5,1017.2,1017.9,1017.2,3.4,120,6.3,2988.,0.0
A765,10/09/2017,16,22.9,23.7,22.6,79,80,76,19.0,19.4,18.7,1016.5,1017.2,1016.5,2.7,117,6.6,1494.,0.0
A765,10/09/2017,17,23.3,23.3,22.3,76,80,76,18.8,19.2,18.5,1015.6,1016.5,1015.6,2.0,126,5.1,1160.,0.0
A765,10/09/2017,18,22.8,23.3,22.7,77,78,75,18.5,18.9,18.4,1015.4,1015.6,1015.4,2.6,117,4.9,1279.,0.0
A765,10/09/2017,19,22.2,23.1,22.1,80,80,76,18.6,18.7,18.3,1015.4,1015.5,1015.4,2.7,97,4.8,695.4,0.0
A765,10/09/2017,20,21.8,22.4,21.8,81,81,79,18.4,18.7,18.4,1015.5,1015.5,1015.3,2.5,89,4.8,344.2,0.0
A765,10/09/2017,21,21.6,22.1,21.5,84,84,81,18.7,18.8,18.5,1015.5,1015.5,1015.4,2.3,92,4.8,76.17,0.0
A765,10/09/2017,22,21.5,21.6,21.5,85,86,84,18.8,19.0,18.7,1015.9,1015.9,1015.5,1.2,17,4.5,1.506,0.0
A765,11/09/2017,23,21.5,22.4,21.5,90,90,85,19.8,19.8,19.5,1015.7,1015.7,1015.3,0.4,272,2.2,-3.60,0.0
A765,11/09/2017,00,20.6,21.1,20.6,87,87,85,18.3,18.7,18.3,1016.5,1016.5,1016.3,1.0,353,2.7,-1.73,0.0
A765,11/09/2017,01,19.1,20.6,19.1,91,91,87,17.6,18.4,17.5,1016.5,1016.6,1016.4,0.5,319,2.0,-3.60,0.0
A765,11/09/2017,02,18.6,19.2,18.5,94,94,91,17.6,17.8,17.4,1016.4,1016.5,1016.4,0.7,240,1.5,-3.60,0.0
A765,11/09/2017,03,18.1,18.8,18.1,95,95,94,17.2,17.9,17.2,1016.3,1016.6,1016.3,1.0,330,2.7,-3.56,0.0
A765,11/09/2017,04,17.7,18.2,17.7,95,95,94,16.8,17.3,16.8,1015.7,1016.3,1015.7,0.6,270,1.6,-3.59,0.0
A765,11/09/2017,05,17.8,17.9,17.4,95,96,95,17.0,17.2,16.6,1015.3,1015.7,1015.3,0.7,299,1.6,-3.58,0.0
A765,11/09/2017,06,17.1,17.7,17.1,96,96,95,16.4,16.9,16.3,1015.0,1015.3,1015.0,0.5,283,1.7,-3.47,0.0
A765,11/09/2017,07,17.8,18.5,16.9,96,96,95,17.1,17.9,16.2,1014.6,1015.0,1014.4,1.1,244,3.4,-3.48,0.0
A765,11/09/2017,08,18.3,18.4,17.7,96,96,96,17.6,17.8,17.0,1015.0,1015.0,1014.4,1.2,227,4.7,-3.22,0.0
A765,11/09/2017,09,18.2,18.4,18.0,96,96,96,17.5,17.7,17.3,1015.7,1015.8,1014.9,1.8,218,3.7,-3.45,0.0
A765,11/09/2017,10,19.0,19.0,18.2,96,96,96,18.2,18.2,17.5,1016.4,1016.5,1015.7,1.9,203,5.3,109.3,0.0
A765,11/09/2017,11,20.6,20.6,19.0,92,96,92,19.1,19.1,18.3,1017.0,1017.0,1016.4,2.5,208,5.3,770.8,0.0
A765,11/09/2017,12,23.0,23.1,20.6,80,91,79,19.4,19.7,19.0,1017.6,1017.6,1017.0,1.9,198,5.4,1533.,0.0
A765,11/09/2017,13,24.8,24.9,23.0,73,81,73,19.7,19.9,19.2,1017.8,1017.8,1017.5,2.2,206,4.9,2119.,0.0
A765,11/09/2017,14,25.5,26.6,24.8,73,73,67,20.3,20.7,19.4,1017.7,1017.8,1017.6,2.4,126,4.6,2778.,0.0
A765,11/09/2017,15,25.6,26.3,25.3,73,74,69,20.4,20.6,19.6,1017.2,1017.7,1017.2,2.4,136,5.0,3035.,0.0
A765,11/09/2017,16,25.8,26.1,25.2,72,75,71,20.4,20.8,20.0,1016.4,1017.2,1016.4,2.0,134,4.9,3090.,0.2
A765,11/09/2017,17,24.7,26.5,24.7,76,77,70,20.3,21.2,20.0,1015.8,1016.4,1015.8,1.4,51,4.2,2476.,0.0
A765,11/09/2017,18,24.1,25.6,24.1,77,79,74,19.9,21.0,19.9,1015.4,1015.8,1015.4,3.2,110,5.9,2468.,0.0
A765,11/09/2017,19,24.3,25.3,24.0,76,78,68,19.7,20.2,18.3,1015.3,1015.4,1015.2,2.3,97,5.3,1714.,0.0
A765,11/09/2017,20,24.8,24.9,23.7,69,78,69,18.7,20.0,18.4,1015.3,1015.3,1015.2,1.7,101,3.7,856.9,0.0
A765,11/09/2017,21,23.2,24.9,23.2,81,81,66,19.7,19.8,17.9,1015.5,1015.6,1015.2,1.6,98,3.9,173.6,0.0
A765,11/09/2017,22,22.3,23.2,22.2,86,87,81,19.8,20.0,19.6,1015.4,1015.5,1015.3,0.5,12,3.6,-2.11,0.0
A765,12/09/2017,23,21.4,22.1,21.4,86,87,84,19.0,19.4,18.9,1020.4,1020.4,1019.9,1.5,251,5.8,-2.82,0.0
A765,12/09/2017,00,21.0,21.5,20.8,92,93,90,19.7,20.1,19.5,1016.5,1016.5,1015.7,0.6,275,1.6,-3.60,0.0
A765,12/09/2017,01,20.2,21.1,20.2,92,93,92,18.9,19.8,18.8,1016.9,1016.9,1016.5,0.4,267,1.9,-3.60,0.0
A765,12/09/2017,02,19.8,20.3,19.7,93,94,92,18.6,19.3,18.6,1016.8,1016.9,1016.7,0.9,324,1.8,-3.57,0.0
A765,12/09/2017,03,19.4,19.8,19.3,92,93,92,18.1,18.6,18.0,1016.5,1016.8,1016.5,0.4,276,1.8,-3.60,0.0
A765,12/09/2017,04,20.4,20.4,19.4,95,95,92,19.6,19.6,18.1,1016.2,1016.6,1016.2,1.2,254,3.0,-3.38,0.0
A765,12/09/2017,05,19.7,21.1,19.7,93,95,93,18.6,20.2,18.6,1015.8,1016.3,1015.8,1.2,282,5.0,-3.05,0.0
A765,12/09/2017,06,18.6,20.1,18.6,94,95,93,17.6,19.1,17.5,1015.8,1015.9,1015.8,0.9,347,3.1,-3.31,0.0
A765,12/09/2017,07,19.8,20.6,18.4,95,95,93,18.9,19.8,17.3,1016.3,1016.3,1015.8,1.5,253,4.2,-2.60,0.0
A765,12/09/2017,08,18.0,19.8,18.0,94,95,94,17.1,18.9,17.1,1016.8,1016.8,1016.3,0.5,22,3.2,-3.16,0.0
A765,12/09/2017,09,18.3,18.4,17.9,95,95,94,17.4,17.6,17.0,1017.3,1017.3,1016.7,0.4,307,1.4,-3.16,0.0
A765,12/09/2017,10,18.6,18.6,17.9,95,95,95,17.8,17.8,17.1,1018.0,1018.0,1017.3,0.3,356,1.2,70.06,0.0
A765,12/09/2017,11,20.2,20.2,18.6,94,95,94,19.3,19.3,17.8,1018.6,1018.6,1018.0,0.3,23,1.0,361.3,0.0
A765,12/09/2017,12,22.6,22.6,20.2,86,94,86,20.2,20.2,19.3,1019.3,1019.3,1018.6,1.0,75,2.5,708.3,0.0
A765,12/09/2017,13,24.2,24.2,22.5,77,86,77,20.0,20.5,19.6,1019.5,1019.5,1019.3,2.0,116,3.6,2114.,0.0
A765,12/09/2017,14,24.5,25.3,24.2,77,77,72,20.2,20.4,19.5,1019.8,1019.8,1019.5,2.7,137,4.3,2793.,0.0
A765,12/09/2017,15,25.9,26.0,24.5,73,77,72,20.7,20.9,20.2,1019.5,1019.8,1019.5,2.6,134,5.4,3076.,0.0
A765,12/09/2017,16,25.7,26.9,25.5,72,74,69,20.3,21.3,20.2,1019.0,1019.5,1019.0,3.5,135,6.0,3109.,0.0
A765,12/09/2017,17,25.9,26.5,25.5,71,73,70,20.4,20.9,20.1,1018.5,1019.0,1018.5,2.6,135,6.0,2894.,0.0
A765,12/09/2017,18,24.8,26.2,24.6,75,76,71,20.2,20.7,20.0,1018.1,1018.6,1018.0,3.1,141,5.1,1847.,0.0
A765,12/09/2017,19,24.4,25.5,24.2,77,77,73,20.1,20.5,19.9,1018.5,1018.5,1018.0,3.0,218,7.5,973.4,0.0
A765,12/09/2017,20,23.4,24.4,23.4,80,81,77,19.8,19.9,19.6,1018.9,1018.9,1018.5,1.9,234,8.1,472.1,0.0
A765,12/09/2017,21,22.5,23.4,22.5,82,82,80,19.3,20.0,19.2,1019.3,1019.3,1018.9,2.4,230,5.7,109.0,0.0
A765,12/09/2017,22,22.1,22.5,22.1,84,84,82,19.3,19.6,19.3,1019.9,1019.9,1019.3,1.9,229,5.8,0.941,0.0
A765,13/09/2017,23,20.9,21.5,20.9,88,89,86,18.9,19.3,18.8,1017.9,1017.9,1017.3,1.1,341,2.5,-3.55,0.0
A765,13/09/2017,00,21.1,21.4,21.1,87,87,86,18.8,19.0,18.8,1020.7,1020.8,1020.4,1.6,243,4.3,-3.60,0.0
A765,13/09/2017,01,20.7,21.1,20.7,88,88,87,18.7,18.9,18.7,1020.8,1020.8,1020.7,1.3,222,4.2,-3.59,0.0
A765,13/09/2017,02,20.3,20.9,20.3,91,91,88,18.8,19.1,18.7,1020.7,1020.8,1020.7,0.9,322,2.6,-2.55,0.0
A765,13/09/2017,03,20.3,20.5,20.2,91,92,90,18.8,19.0,18.6,1020.7,1020.9,1020.7,0.5,267,1.6,-1.69,0.0
A765,13/09/2017,04,20.5,20.5,20.3,91,91,91,19.1,19.1,18.7,1020.3,1020.7,1020.3,0.5,323,1.1,-1.42,0.0
A765,13/09/2017,05,20.3,20.5,20.3,92,92,91,18.9,19.1,18.9,1019.8,1020.3,1019.8,0.3,227,0.9,-1.40,0.0
A765,13/09/2017,06,20.7,20.7,20.3,92,92,92,19.4,19.4,18.9,1019.9,1019.9,1019.7,0.7,275,1.2,-0.35,0.0
A765,13/09/2017,07,20.6,20.7,20.5,93,93,92,19.4,19.4,19.2,1019.6,1019.9,1019.6,0.5,347,1.2,0.339,0.0
A765,13/09/2017,08,20.5,20.7,20.4,92,93,92,19.2,19.4,19.1,1019.6,1019.7,1019.5,0.7,347,1.5,-0.03,0.0
A765,13/09/2017,09,20.6,20.7,20.5,92,93,92,19.3,19.4,19.2,1019.7,1019.7,1019.5,0.7,39,1.6,-0.00,0.0
A765,13/09/2017,10,20.7,20.8,20.5,93,93,92,19.5,19.5,19.3,1020.5,1020.5,1019.7,0.5,202,1.6,35.30,0.0
A765,13/09/2017,11,21.3,21.4,20.6,86,93,86,19.0,19.7,19.0,1020.6,1020.6,1020.5,1.5,122,3.1,192.9,0.0
A765,13/09/2017,12,21.9,22.7,21.3,81,86,79,18.6,19.0,18.3,1020.5,1020.6,1020.5,2.1,124,4.0,942.4,0.0
A765,13/09/2017,13,22.9,23.0,21.9,77,82,77,18.7,18.9,18.5,1020.6,1020.6,1020.3,2.7,116,4.6,1144.,0.0
A765,13/09/2017,14,22.9,23.9,22.8,79,80,75,19.0,19.5,18.7,1020.4,1020.6,1020.4,2.2,108,4.8,1493.,0.0
A765,13/09/2017,15,23.1,23.2,22.1,78,81,77,19.1,19.2,18.5,1019.9,1020.4,1019.9,2.5,110,4.6,1028.,0.0
A765,13/09/2017,16,23.3,24.2,22.9,75,79,72,18.5,19.3,18.5,1019.0,1019.9,1019.0,3.0,122,4.7,2563.,0.0
A765,13/09/2017,17,23.2,23.7,22.9,76,77,74,18.7,19.2,18.4,1018.5,1019.0,1018.5,2.5,115,4.7,1430.,0.0
A765,13/09/2017,18,22.7,23.3,22.6,77,78,75,18.4,19.1,18.4,1017.8,1018.5,1017.8,2.1,134,4.5,1106.,0.0
A765,13/09/2017,19,22.0,22.9,22.0,79,80,76,18.2,18.7,18.2,1017.7,1017.8,1017.7,2.2,109,4.8,639.7,0.0
A765,13/09/2017,20,22.0,22.3,21.7,81,82,79,18.6,18.7,18.3,1017.4,1017.7,1017.4,1.9,93,4.1,272.3,0.0
A765,13/09/2017,21,21.9,22.1,21.8,83,83,81,18.9,19.0,18.6,1017.2,1017.4,1017.2,1.3,34,4.0,70.29,0.0
A765,13/09/2017,22,21.4,21.9,21.4,86,87,83,19.1,19.2,18.9,1017.3,1017.4,1017.1,1.5,353,2.8,-0.57,0.0
A765,14/09/2017,23,21.3,23.2,21.3,87,88,84,19.0,20.5,18.9,1014.7,1014.7,1014.4,0.7,290,3.3,-3.60,0.0
A765,14/09/2017,00,21.1,21.2,20.9,85,89,85,18.5,19.0,18.5,1018.2,1018.2,1017.9,0.6,229,2.0,-0.81,0.0
A765,14/09/2017,01,20.2,21.3,20.2,91,91,85,18.6,18.8,18.4,1018.5,1018.5,1018.2,0.9,283,1.9,-3.23,0.0
A765,14/09/2017,02,19.4,20.2,19.4,92,93,91,18.2,18.6,18.1,1018.6,1018.7,1018.5,0.4,326,1.6,-3.60,0.0
A765,14/09/2017,03,18.7,19.4,18.6,93,93,92,17.5,18.1,17.3,1018.2,1018.6,1018.2,0.5,316,1.3,-3.60,0.0
A765,14/09/2017,04,18.1,18.7,18.1,94,94,92,17.1,17.7,17.1,1017.2,1018.2,1017.2,0.4,320,1.3,-3.59,0.0
A765,14/09/2017,05,17.9,18.2,17.7,95,95,94,17.1,17.3,16.9,1016.3,1017.2,1016.3,0.6,308,1.1,-3.59,0.0
A765,14/09/2017,06,17.6,18.0,17.6,96,96,95,16.9,17.3,16.9,1015.7,1016.3,1015.7,0.7,216,1.7,-3.59,0.0
A765,14/09/2017,07,17.9,18.4,17.6,96,97,96,17.2,17.8,16.9,1015.3,1015.8,1015.3,1.0,140,2.2,-3.58,0.0
A765,14/09/2017,08,18.4,18.5,17.8,96,96,95,17.8,17.9,17.1,1015.5,1015.5,1015.2,1.6,210,4.6,-3.54,0.0
A765,14/09/2017,09,20.8,20.8,18.3,89,96,89,18.8,19.4,17.6,1015.3,1015.6,1015.2,1.7,258,5.4,-3.44,0.0
A765,14/09/2017,10,20.1,22.0,19.3,83,89,72,17.1,18.5,16.3,1016.1,1016.2,1015.3,1.6,197,5.6,141.3,0.0
A765,14/09/2017,11,21.0,21.2,20.1,84,86,80,18.3,18.5,17.1,1016.9,1016.9,1016.1,2.1,203,4.8,859.6,0.0
A765,14/09/2017,12,24.7,24.7,21.0,72,85,72,19.2,19.6,18.4,1017.1,1017.2,1016.9,1.7,214,4.6,1702.,0.0
A765,14/09/2017,13,28.0,28.3,24.7,58,72,52,19.0,19.3,17.2,1016.7,1017.1,1016.7,1.9,129,4.4,2330.,0.0
A765,14/09/2017,14,29.2,29.8,28.0,56,59,48,19.5,19.5,17.3,1016.2,1016.7,1016.1,2.7,112,5.4,2971.,0.0
A765,14/09/2017,15,26.6,29.2,25.7,68,73,55,20.2,20.7,18.9,1015.8,1016.3,1015.8,2.6,111,5.0,3218.,0.0
A765,14/09/2017,16,27.6,28.3,26.1,57,69,57,18.4,20.5,18.4,1014.8,1015.8,1014.8,2.4,100,4.7,3241.,0.0
A765,14/09/2017,17,26.3,28.3,26.0,69,69,57,20.1,20.2,18.7,1014.2,1014.8,1014.1,3.0,104,5.4,2979.,0.0
A765,14/09/2017,18,26.2,26.5,25.3,70,72,67,20.1,20.5,19.3,1013.6,1014.2,1013.6,2.4,106,6.0,2440.,0.0
A765,14/09/2017,19,26.5,26.7,25.5,62,71,61,18.6,20.1,18.2,1013.5,1013.6,1013.4,2.7,114,5.5,1729.,0.0
A765,14/09/2017,20,26.8,27.6,26.2,62,63,55,19.0,19.3,17.4,1013.7,1013.7,1013.5,0.7,335,4.2,895.9,0.0
A765,14/09/2017,21,24.5,27.0,24.5,75,75,62,19.7,20.5,18.6,1014.1,1014.1,1013.7,0.9,264,2.2,227.3,0.0
A765,14/09/2017,22,23.2,24.5,22.9,85,86,74,20.5,20.6,19.1,1014.5,1014.5,1014.1,1.3,53,3.2,-1.53,0.0
A765,15/09/2017,23,22.5,22.8,22.5,83,84,83,19.5,19.9,19.5,1019.9,1019.9,1019.1,1.9,231,5.3,-2.44,0.0
A765,15/09/2017,00,20.5,21.3,20.4,91,91,87,19.0,19.2,18.7,1015.5,1015.5,1014.7,1.1,228,2.1,-3.60,0.0
A765,15/09/2017,01,19.9,20.8,19.9,92,93,91,18.5,19.4,18.5,1016.2,1016.2,1015.5,0.6,99,2.7,-3.59,0.0
A765,15/09/2017,02,19.3,20.0,19.1,90,92,89,17.5,18.7,17.4,1016.2,1016.4,1016.1,0.6,247,2.0,-3.60,0.0
A765,15/09/2017,03,18.9,19.4,18.9,92,93,89,17.6,18.1,17.4,1016.1,1016.3,1016.0,1.0,336,2.9,-3.60,0.0
A765,15/09/2017,04,18.8,19.3,18.7,92,93,92,17.6,18.0,17.4,1015.7,1016.2,1015.7,0.6,345,3.3,-3.60,0.0
A765,15/09/2017,05,18.2,18.8,18.1,93,93,92,17.0,17.6,16.9,1015.1,1015.7,1015.1,0.9,253,3.0,-3.60,0.0
A765,15/09/2017,06,18.4,18.5,18.0,92,93,92,17.1,17.4,16.8,1015.0,1015.1,1015.0,0.7,256,2.8,-3.60,0.0
A765,15/09/2017,07,18.7,19.1,18.2,90,92,88,17.0,17.3,16.8,1015.0,1015.0,1014.9,1.1,283,3.7,-3.60,0.0
A765,15/09/2017,08,20.9,20.9,18.5,79,91,79,17.1,17.3,16.6,1015.4,1015.5,1014.9,2.5,197,5.6,-3.60,0.0
A765,15/09/2017,09,19.0,21.0,19.0,87,88,78,16.8,17.8,16.6,1016.4,1016.4,1015.4,1.0,265,4.5,-3.60,0.0
A765,15/09/2017,10,19.1,19.1,18.3,90,91,86,17.3,17.3,16.4,1017.0,1017.0,1016.4,0.6,281,3.3,136.4,0.0
A765,15/09/2017,11,22.2,22.2,19.1,78,90,78,18.2,18.4,17.2,1017.5,1017.5,1017.0,0.6,131,1.9,791.6,0.0
A765,15/09/2017,12,25.8,25.8,22.2,69,78,68,19.8,19.8,18.0,1018.0,1018.0,1017.5,0.7,195,2.4,1624.,0.0
A765,15/09/2017,13,28.5,28.5,25.8,57,69,52,19.1,20.0,17.3,1018.3,1018.4,1018.0,2.5,189,7.1,2264.,0.0
A765,15/09/2017,14,29.7,29.7,28.1,58,61,57,20.6,20.7,19.1,1017.7,1018.3,1017.7,2.8,203,6.3,2846.,0.0
A765,15/09/2017,15,31.4,31.5,29.3,51,59,49,20.0,21.1,19.2,1017.0,1017.7,1017.0,3.1,186,6.0,3179.,0.0
A765,15/09/2017,16,31.3,31.4,30.5,57,59,50,21.9,21.9,19.7,1016.8,1017.0,1016.8,2.1,113,5.7,3150.,0.0
A765,15/09/2017,17,29.7,31.5,29.3,60,62,55,21.1,21.8,20.9,1016.5,1016.9,1016.5,2.0,125,4.8,2893.,0.0
A765,15/09/2017,18,28.5,29.7,28.3,64,67,60,21.2,21.8,20.9,1016.3,1016.5,1016.2,2.1,144,4.2,2405.,0.0
A765,15/09/2017,19,27.4,28.6,27.3,66,68,64,20.6,21.3,20.4,1016.8,1016.9,1016.2,2.8,120,4.9,1728.,0.0
A765,15/09/2017,20,25.7,27.7,25.7,71,71,62,20.0,20.5,19.5,1017.6,1017.6,1016.8,2.6,196,5.7,703.2,0.0
A765,15/09/2017,21,24.2,25.7,24.2,78,78,71,20.1,20.3,19.9,1018.4,1018.4,1017.5,1.1,226,5.6,142.4,0.0
A765,15/09/2017,22,22.8,24.3,22.8,84,84,78,19.9,20.4,19.8,1019.1,1019.1,1018.4,1.5,237,6.7,0.304,0.0
A765,16/09/2017,11,21.5,21.5,20.3,90,92,90,19.9,19.9,18.9,1021.5,1021.5,1020.9,0.5,259,1.6,329.5,0.0
A765,16/09/2017,12,23.5,23.5,21.5,81,90,80,20.0,20.0,19.5,1021.5,1021.6,1021.5,0.4,248,1.5,667.3,0.0
A765,16/09/2017,20,23.2,23.4,23.1,77,78,75,19.0,19.2,18.7,1017.5,1017.5,1017.2,1.5,128,4.1,242.4,0.0
A765,16/09/2017,13,24.0,24.9,23.2,80,81,74,20.3,20.4,19.4,1021.3,1021.5,1021.3,2.2,157,4.8,1598.,0.0
A765,16/09/2017,14,24.7,25.3,23.5,76,80,71,20.1,20.3,19.5,1020.4,1021.3,1020.4,3.0,121,4.7,2116.,0.0
A765,16/09/2017,15,23.6,24.7,23.5,79,80,75,19.8,20.2,19.6,1019.6,1020.4,1019.6,2.4,110,5.6,1165.,0.0
A765,16/09/2017,21,22.8,23.2,22.8,77,81,77,18.7,19.5,18.6,1018.3,1018.3,1017.5,1.0,111,3.3,63.98,0.0
A765,16/09/2017,16,23.4,23.9,23.3,79,81,78,19.6,20.0,19.6,1018.8,1019.6,1018.8,2.6,116,5.1,768.3,0.0
A765,16/09/2017,23,22.2,22.4,22.2,85,87,85,19.5,19.9,19.5,1019.0,1019.0,1018.6,1.4,280,2.0,-0.91,0.0
A765,16/09/2017,00,22.3,22.6,22.3,81,83,81,19.0,19.5,19.0,1021.0,1021.0,1019.9,2.4,218,6.1,-2.90,0.0
A765,16/09/2017,01,22.7,22.9,22.2,79,82,77,18.8,19.0,18.6,1021.6,1021.6,1021.0,1.8,242,6.1,-3.53,0.0
A765,16/09/2017,17,23.1,23.7,23.0,80,81,78,19.5,19.9,19.4,1017.6,1018.8,1017.6,2.9,99,5.1,748.8,0.0
A765,16/09/2017,02,22.5,22.7,22.5,79,80,77,18.6,19.1,18.3,1021.8,1021.8,1021.6,1.7,247,5.8,-3.60,0.0
A765,16/09/2017,03,21.8,22.6,21.4,88,90,79,19.8,19.9,18.8,1021.8,1021.9,1021.8,1.0,338,3.9,-2.95,0.0
A765,16/09/2017,04,21.3,21.8,21.3,90,90,88,19.5,19.9,19.5,1021.2,1021.8,1021.2,0.7,346,2.7,-2.15,0.0
A765,16/09/2017,05,21.7,21.7,21.2,88,90,88,19.5,19.8,19.5,1020.5,1021.2,1020.5,0.3,6,1.3,-0.07,0.0
A765,16/09/2017,18,23.6,23.7,23.1,77,81,76,19.4,19.8,19.2,1017.0,1017.6,1017.0,1.9,122,5.6,665.5,0.0
A765,16/09/2017,06,21.4,21.8,21.4,90,90,87,19.6,19.9,19.4,1020.0,1020.5,1020.0,0.6,187,1.8,-1.23,0.0
A765,16/09/2017,07,21.2,21.5,21.2,91,91,90,19.6,19.8,19.5,1019.6,1020.0,1019.6,0.5,252,1.3,-2.71,0.0
A765,16/09/2017,08,20.9,21.2,20.9,92,92,91,19.6,19.8,19.5,1019.8,1019.8,1019.5,0.8,294,1.2,-2.50,0.0
A765,16/09/2017,22,22.3,22.9,22.3,85,85,76,19.6,19.6,18.4,1018.6,1018.6,1018.3,0.9,318,2.1,1.069,0.0
A765,16/09/2017,09,20.6,21.0,20.5,92,92,91,19.2,19.7,19.1,1020.3,1020.3,1019.8,0.5,302,1.4,-1.79,0.0
A765,16/09/2017,19,23.4,23.7,23.2,77,78,74,19.2,19.5,18.8,1017.2,1017.2,1016.9,2.0,122,4.1,384.9,0.0
A765,16/09/2017,10,20.3,20.6,20.0,92,92,91,19.0,19.3,18.4,1020.9,1020.9,1020.3,0.6,274,1.5,63.44,0.0
A765,17/09/2017,04,19.0,19.8,19.0,94,94,93,18.0,18.6,17.9,1018.1,1018.7,1018.1,0.4,258,1.5,-3.59,0.0
A765,17/09/2017,06,18.8,19.0,18.5,95,95,94,17.9,18.2,17.6,1017.5,1017.8,1017.5,0.5,300,1.4,-3.47,0.0
A765,17/09/2017,07,18.9,19.2,18.7,95,95,95,18.1,18.4,17.9,1016.9,1017.5,1016.9,0.7,296,1.8,-3.52,0.0
A765,17/09/2017,08,18.7,19.0,18.7,95,95,95,17.9,18.3,17.9,1017.0,1017.0,1016.9,0.7,297,1.7,-3.26,0.0
A765,17/09/2017,09,18.3,18.8,18.3,96,96,95,17.6,18.1,17.6,1017.3,1017.3,1017.0,0.7,272,1.7,-3.45,0.0
A765,17/09/2017,10,18.8,18.9,18.3,96,96,96,18.1,18.2,17.6,1018.0,1018.0,1017.3,0.7,277,1.7,94.40,0.0
A765,17/09/2017,11,20.6,20.6,18.8,93,96,93,19.4,19.5,18.1,1018.4,1018.4,1018.0,0.3,294,1.7,637.5,0.0
A765,17/09/2017,12,23.0,23.0,20.6,80,93,80,19.3,19.9,19.0,1018.9,1018.9,1018.4,1.3,167,2.5,1336.,0.0
A765,17/09/2017,13,23.9,24.8,23.0,77,80,71,19.7,19.8,18.7,1018.9,1018.9,1018.9,1.8,122,3.8,1947.,0.0
A765,17/09/2017,14,25.0,25.2,23.8,74,78,72,19.9,20.3,19.4,1018.5,1018.9,1018.5,2.6,116,4.8,2556.,0.0
A765,17/09/2017,15,24.8,26.4,24.8,73,74,69,19.7,20.8,19.6,1018.0,1018.5,1018.0,2.8,159,4.9,3080.,0.0
A765,17/09/2017,16,23.7,25.2,23.7,79,79,73,19.8,20.2,19.6,1017.6,1018.0,1017.6,2.8,159,5.9,1275.,0.0
A765,17/09/2017,17,22.9,23.7,22.9,83,83,79,19.9,20.1,19.7,1017.4,1017.6,1017.3,3.2,157,5.9,546.1,0.0
A765,17/09/2017,18,22.5,22.9,22.4,84,85,83,19.7,20.1,19.7,1016.9,1017.4,1016.9,1.9,148,5.4,429.4,0.0
A765,17/09/2017,19,22.5,22.6,22.4,84,85,84,19.7,19.8,19.6,1017.5,1017.5,1016.9,1.6,164,4.5,222.3,0.0
A765,17/09/2017,20,21.4,22.6,21.3,92,92,84,20.0,20.1,19.4,1018.2,1018.2,1017.5,1.3,155,3.4,120.0,0.0
A765,17/09/2017,21,20.9,21.6,20.9,91,92,88,19.4,20.1,19.3,1018.7,1018.7,1018.2,1.1,212,3.9,33.22,0.0
A765,17/09/2017,22,21.0,21.0,20.8,92,93,91,19.7,19.8,19.4,1019.0,1019.0,1018.7,1.2,316,2.2,-2.14,0.0
A765,17/09/2017,23,21.1,21.2,20.9,93,93,92,19.9,20.0,19.7,1019.6,1019.6,1019.0,0.6,162,1.7,-2.31,0.0
A765,17/09/2017,05,18.8,19.1,18.8,94,94,94,17.9,18.1,17.9,1017.8,1018.1,1017.8,0.5,257,1.1,-3.53,0.0
A765,17/09/2017,00,21.4,22.2,21.4,91,91,84,19.9,20.0,19.4,1019.3,1019.3,1019.0,0.5,302,2.0,-2.99,0.0
A765,17/09/2017,01,20.4,21.4,20.4,91,92,91,18.9,19.9,18.9,1019.3,1019.4,1019.3,0.5,230,1.4,-3.59,0.0
A765,17/09/2017,02,20.0,20.4,19.9,93,93,91,18.9,19.0,18.7,1019.2,1019.4,1019.2,1.0,291,1.5,-3.59,0.0
A765,17/09/2017,03,19.7,20.0,19.6,93,94,92,18.5,18.9,18.4,1018.6,1019.3,1018.6,0.6,302,1.8,-3.44,0.0
A765,18/09/2017,02,19.8,20.5,19.7,95,95,95,19.0,19.7,18.9,1020.7,1020.8,1020.6,0.7,128,1.8,-3.51,0.0
A765,18/09/2017,03,20.0,20.2,19.8,95,96,95,19.2,19.5,19.1,1020.6,1020.8,1020.6,0.5,343,2.0,-1.97,0.0
A765,18/09/2017,04,20.1,20.2,19.8,94,95,94,19.2,19.4,18.9,1020.3,1020.6,1020.3,0.7,293,1.8,-2.01,0.0
A765,18/09/2017,05,20.1,20.2,19.8,94,95,94,19.2,19.3,18.9,1019.9,1020.3,1019.9,1.1,279,1.9,-2.35,0.0
A765,18/09/2017,06,20.0,20.2,19.8,95,95,94,19.1,19.3,18.8,1019.5,1019.9,1019.5,0.6,275,1.9,-3.30,0.0
A765,18/09/2017,07,19.9,20.2,19.9,94,95,94,19.0,19.4,18.9,1019.2,1019.5,1019.2,0.7,309,1.5,-2.18,0.0
A765,18/09/2017,08,20.1,20.2,19.7,95,95,94,19.2,19.3,18.8,1019.7,1019.7,1019.2,1.1,305,1.6,-1.99,0.0
A765,18/09/2017,09,20.3,20.4,19.9,94,95,94,19.3,19.6,19.0,1020.2,1020.2,1019.7,1.0,287,1.8,-1.13,0.0
A765,18/09/2017,10,20.6,20.6,20.2,93,94,93,19.5,19.5,19.2,1020.7,1020.7,1020.2,0.6,254,1.7,62.25,0.0
A765,18/09/2017,11,21.7,21.7,20.6,88,94,88,19.6,20.0,19.5,1021.1,1021.1,1020.7,0.6,331,1.5,498.5,0.0
A765,18/09/2017,12,23.7,23.7,21.7,78,88,78,19.7,19.9,19.4,1021.4,1021.4,1021.1,1.2,187,2.2,1139.,0.0
A765,18/09/2017,13,25.1,25.2,23.3,70,78,70,19.1,19.7,18.6,1021.4,1021.4,1021.3,1.4,178,2.8,1693.,0.0
A765,18/09/2017,14,24.1,25.0,24.0,75,75,69,19.5,19.6,18.5,1021.1,1021.4,1021.1,2.3,157,4.1,1290.,0.0
A765,18/09/2017,15,23.7,24.1,23.5,77,78,75,19.4,19.6,19.2,1020.6,1021.1,1020.6,1.5,112,4.4,594.6,0.0
A765,18/09/2017,16,23.3,23.8,23.3,78,78,76,19.1,19.6,19.0,1020.0,1020.6,1020.0,1.8,147,3.6,422.7,0.0
A765,18/09/2017,17,23.1,23.3,23.0,81,81,78,19.6,19.7,19.1,1019.7,1020.0,1019.7,1.4,112,4.4,334.6,0.0
A765,18/09/2017,18,21.6,23.3,21.6,91,91,81,20.1,20.1,19.5,1019.5,1019.7,1019.5,1.8,284,3.7,228.9,0.0
A765,18/09/2017,19,21.3,21.6,21.3,94,94,91,20.3,20.5,20.1,1019.7,1019.7,1019.5,1.2,356,2.6,192.7,0.2
A765,18/09/2017,20,21.2,21.4,21.1,94,95,94,20.3,20.5,20.1,1019.7,1019.7,1019.6,1.0,4,2.4,136.4,0.2
A765,18/09/2017,21,21.3,21.3,21.1,94,95,94,20.3,20.4,20.2,1019.8,1019.8,1019.7,0.7,354,1.8,25.02,0.0
A765,18/09/2017,22,21.2,21.4,21.2,94,94,94,20.2,20.5,20.1,1020.2,1020.2,1019.8,0.3,115,1.2,-0.03,0.0
A765,18/09/2017,23,21.1,21.5,21.1,94,95,93,20.1,20.4,20.1,1020.7,1020.7,1020.2,1.4,285,2.2,-0.18,0.0
A765,18/09/2017,00,20.7,21.1,20.7,93,93,92,19.5,19.9,19.5,1020.4,1020.4,1019.6,1.3,202,2.5,-3.15,0.0
A765,18/09/2017,01,20.5,20.9,20.4,95,95,93,19.6,19.9,19.4,1020.6,1020.6,1020.4,1.2,342,2.9,-3.55,0.0
A765,19/09/2017,00,21.1,21.3,21.0,94,94,93,20.0,20.3,20.0,1021.2,1021.2,1020.7,1.1,341,1.9,-0.05,0.0
A765,19/09/2017,01,21.0,21.1,20.9,92,94,92,19.7,20.0,19.6,1021.2,1021.4,1021.2,1.3,298,1.9,-0.15,0.0
A765,19/09/2017,02,20.9,21.0,20.7,93,93,92,19.7,19.8,19.5,1021.0,1021.2,1020.9,0.4,344,2.0,-0.41,0.0
A765,19/09/2017,03,20.7,21.0,20.7,93,94,93,19.6,19.9,19.6,1020.8,1021.0,1020.8,0.6,17,1.2,-0.54,0.0
A765,19/09/2017,04,20.8,20.9,20.6,91,94,91,19.4,19.7,19.2,1020.4,1020.8,1020.4,1.0,330,2.3,-0.84,0.0
A765,19/09/2017,05,20.8,20.9,20.5,92,92,91,19.3,19.5,19.2,1019.9,1020.4,1019.9,0.8,266,1.6,-0.45,0.0
A765,19/09/2017,06,20.8,21.0,20.6,93,93,91,19.7,19.8,19.2,1019.7,1019.9,1019.7,0.7,241,1.6,-0.47,0.0
A765,19/09/2017,07,20.8,21.0,20.7,93,94,93,19.7,19.9,19.6,1019.4,1019.7,1019.4,0.9,293,1.7,-0.57,0.0
A765,19/09/2017,08,20.8,20.8,20.5,91,93,91,19.3,19.7,18.9,1019.9,1019.9,1019.3,0.9,289,1.6,-0.59,0.0
A765,19/09/2017,09,20.9,20.9,20.7,91,92,90,19.5,19.5,19.1,1020.4,1020.4,1019.9,0.4,295,1.6,-0.38,0.0
A765,19/09/2017,10,20.8,21.1,20.7,92,92,91,19.4,19.7,19.3,1021.2,1021.2,1020.4,1.0,302,1.7,29.03,0.0
A765,19/09/2017,11,21.8,21.8,20.7,89,92,89,19.9,20.1,19.3,1021.8,1021.8,1021.2,0.6,290,1.8,345.8,0.0
A765,19/09/2017,12,22.0,22.4,21.8,89,89,87,20.1,20.2,19.9,1022.3,1022.3,1021.8,1.9,141,3.6,318.8,0.0
A765,19/09/2017,13,22.8,22.9,22.0,85,89,85,20.2,20.5,20.0,1022.3,1022.3,1022.3,2.2,117,4.2,723.1,0.0
A765,19/09/2017,14,23.1,23.1,22.5,84,86,83,20.2,20.3,19.8,1022.2,1022.3,1022.2,1.0,151,4.0,769.9,0.0
A765,19/09/2017,15,24.3,25.0,22.9,76,84,76,19.9,21.0,19.9,1021.6,1022.2,1021.6,1.9,110,3.6,1903.,0.0
A765,19/09/2017,16,23.4,24.3,23.2,81,82,76,20.0,20.4,19.7,1020.9,1021.6,1020.9,2.3,111,4.3,1313.,0.0
A765,19/09/2017,17,24.4,24.6,23.2,77,82,76,20.1,20.5,19.8,1020.0,1020.9,1020.0,1.8,145,4.6,1585.,0.0
A765,19/09/2017,18,23.9,25.5,23.9,76,78,72,19.3,20.8,19.1,1019.3,1020.0,1019.3,3.2,167,5.0,2224.,0.2
A765,19/09/2017,19,23.7,24.2,23.5,76,78,75,19.1,19.8,19.1,1019.2,1019.3,1019.2,2.0,160,5.0,896.5,0.0
A765,19/09/2017,20,23.1,23.7,23.1,77,77,75,18.8,19.2,18.7,1019.4,1019.4,1019.2,2.4,153,4.5,501.3,0.0
A765,19/09/2017,21,22.7,23.2,22.7,79,80,76,18.9,19.1,18.6,1019.8,1019.8,1019.4,1.2,142,4.5,138.0,0.0
A765,19/09/2017,22,22.6,22.7,22.6,80,80,79,19.0,19.0,18.9,1020.4,1020.4,1019.8,0.9,118,2.7,1.321,0.0
A765,19/09/2017,23,22.4,22.7,22.2,84,85,80,19.5,19.7,18.9,1020.8,1020.8,1020.4,0.5,28,2.1,-1.75,0.0
A765,20/09/2017,00,21.9,22.4,21.8,87,88,84,19.6,19.8,19.4,1021.2,1021.2,1020.8,1.1,357,2.0,-0.58,0.0
A765,20/09/2017,01,21.1,21.9,21.1,90,90,86,19.3,19.6,19.2,1021.1,1021.2,1021.1,0.9,353,1.9,-2.69,0.0
A765,20/09/2017,02,20.7,21.1,20.6,91,91,90,19.2,19.4,19.0,1020.8,1021.1,1020.8,0.7,357,1.7,-2.90,0.0
A765,20/09/2017,03,20.7,20.7,20.3,91,91,90,19.2,19.2,18.7,1020.6,1020.8,1020.6,0.5,282,1.7,-2.02,0.0
A765,20/09/2017,04,20.4,20.7,20.4,93,93,91,19.1,19.3,18.9,1020.0,1020.6,1020.0,0.5,242,1.1,-3.05,0.0
A765,20/09/2017,05,20.1,20.5,20.1,91,93,91,18.6,19.3,18.6,1019.6,1020.0,1019.6,0.6,229,2.0,-1.21,0.0
A765,20/09/2017,06,20.6,20.7,20.1,92,92,91,19.2,19.3,18.6,1019.1,1019.6,1019.1,0.9,263,2.1,-1.15,0.0
A765,20/09/2017,07,20.5,20.6,20.4,92,92,92,19.1,19.3,19.0,1019.0,1019.1,1018.9,0.7,237,2.5,-0.98,0.0
A765,20/09/2017,08,20.5,20.6,20.3,93,93,92,19.3,19.4,19.1,1019.6,1019.6,1019.0,0.9,237,2.1,-1.06,0.0
A765,20/09/2017,09,20.8,20.9,20.5,88,93,88,18.7,19.3,18.7,1020.4,1020.4,1019.6,1.5,196,3.3,0.307,0.0
A765,20/09/2017,10,20.7,20.9,20.7,89,89,88,18.8,18.9,18.7,1021.0,1021.0,1020.4,0.6,214,3.2,10.82,0.0
A765,20/09/2017,11,21.0,21.0,20.7,90,90,89,19.3,19.3,18.8,1021.9,1021.9,1021.0,1.1,245,2.5,40.94,0.0
A765,20/09/2017,12,21.3,21.4,20.9,88,90,87,19.2,19.3,19.1,1022.6,1022.6,1021.9,1.2,215,2.9,152.0,0.0
A765,20/09/2017,13,22.5,22.5,21.3,81,88,81,19.0,19.3,18.8,1022.9,1023.0,1022.6,1.8,150,3.9,593.0,0.0
A765,20/09/2017,14,22.8,23.2,22.5,79,81,77,19.0,19.2,18.6,1022.7,1022.9,1022.7,1.4,155,3.9,851.0,0.0
A765,20/09/2017,15,22.2,22.8,22.0,82,83,79,19.0,19.2,18.7,1022.3,1022.7,1022.3,1.1,173,4.5,278.8,0.0
A765,20/09/2017,16,22.0,22.5,21.9,82,83,79,18.8,19.2,18.6,1021.6,1022.3,1021.6,1.9,157,4.2,461.8,0.0
A765,20/09/2017,17,21.8,22.0,21.5,86,88,82,19.4,19.5,18.8,1021.0,1021.6,1021.0,0.7,279,3.5,332.4,0.0
A765,20/09/2017,18,22.3,22.4,21.8,80,87,80,18.8,19.5,18.6,1020.5,1021.0,1020.5,1.2,181,3.3,367.1,0.0
A765,20/09/2017,19,21.7,22.4,21.6,87,88,80,19.5,19.7,18.8,1020.1,1020.5,1020.1,0.9,338,2.5,291.1,0.0
A765,20/09/2017,20,22.0,22.1,21.7,84,88,83,19.2,19.7,19.1,1020.1,1020.1,1020.0,1.0,8,3.0,273.8,0.0
A765,20/09/2017,21,21.8,22.2,21.8,86,86,83,19.3,19.4,19.1,1020.2,1020.2,1020.0,1.2,359,2.7,86.69,0.0
A765,20/09/2017,22,21.6,21.9,21.6,87,87,85,19.4,19.4,19.2,1020.4,1020.4,1020.1,1.1,354,2.4,1.428,0.0
A765,20/09/2017,23,21.4,21.6,21.4,89,89,87,19.6,19.6,19.4,1020.6,1020.6,1020.4,1.2,309,1.9,-0.81,0.0
A765,21/09/2017,23,20.9,22.0,20.9,88,90,87,18.9,20.2,18.9,1017.9,1017.9,1017.7,2.1,306,2.9,-3.46,0.0
A765,21/09/2017,00,21.3,21.5,21.3,89,90,89,19.4,19.7,19.3,1020.9,1020.9,1020.6,0.7,332,1.9,-0.79,0.0
A765,21/09/2017,01,20.8,21.4,20.8,90,91,87,19.2,19.4,19.2,1021.0,1021.0,1020.8,1.3,308,1.9,-0.97,0.0
A765,21/09/2017,02,20.7,20.9,20.7,91,91,90,19.2,19.3,19.1,1020.8,1021.0,1020.8,0.4,269,2.0,-0.90,0.0
A765,21/09/2017,03,20.7,20.8,20.6,92,92,90,19.3,19.3,19.0,1020.3,1020.8,1020.3,0.6,267,1.4,-1.51,0.0
A765,21/09/2017,04,20.8,20.9,20.5,92,92,92,19.4,19.5,19.2,1019.9,1020.3,1019.9,1.1,284,2.5,-1.85,0.0
A765,21/09/2017,05,21.0,21.0,20.6,90,92,90,19.3,19.3,19.1,1019.4,1019.9,1019.4,0.9,213,2.3,-0.09,0.0
A765,21/09/2017,06,20.7,21.0,20.7,91,91,90,19.2,19.4,19.2,1018.9,1019.4,1018.9,1.1,299,1.8,-0.51,0.0
A765,21/09/2017,07,20.2,20.9,20.2,92,92,90,18.8,19.4,18.7,1018.8,1018.9,1018.7,0.8,285,1.9,-1.93,0.0
A765,21/09/2017,08,20.3,20.3,20.0,93,93,92,19.1,19.1,18.7,1019.4,1019.4,1018.8,0.7,295,1.4,-1.91,0.0
A765,21/09/2017,09,19.9,20.9,19.8,91,93,90,18.4,19.5,18.2,1020.3,1020.3,1019.4,1.4,344,3.0,-0.60,0.0
A765,21/09/2017,10,20.2,20.2,19.7,90,92,90,18.5,18.6,18.2,1021.1,1021.1,1020.3,0.9,300,2.3,75.72,0.0
A765,21/09/2017,11,22.6,22.6,20.2,82,90,82,19.4,19.5,18.3,1021.6,1021.6,1021.1,1.9,221,4.3,589.3,0.0
A765,21/09/2017,12,23.6,23.9,22.6,77,82,76,19.3,19.7,19.2,1022.0,1022.0,1021.6,2.3,207,5.9,1490.,0.0
A765,21/09/2017,13,24.8,25.7,23.4,73,78,69,19.7,19.8,18.7,1021.7,1022.0,1021.7,2.9,155,5.9,2412.,0.0
A765,21/09/2017,14,24.3,25.2,23.8,75,77,72,19.6,20.1,19.3,1021.2,1021.7,1021.2,2.8,140,6.5,2332.,0.0
A765,21/09/2017,15,23.3,24.5,23.2,79,80,75,19.5,20.0,19.4,1020.3,1021.2,1020.3,2.7,113,5.2,1052.,0.0
A765,21/09/2017,16,23.2,23.6,23.1,80,81,78,19.5,19.8,19.3,1019.5,1020.3,1019.5,2.3,119,4.5,685.1,0.0
A765,21/09/2017,17,23.1,23.3,22.9,80,81,80,19.5,19.7,19.4,1018.8,1019.5,1018.8,1.7,122,4.4,524.7,0.0
A765,21/09/2017,18,23.0,23.3,22.6,81,83,79,19.5,19.8,19.4,1018.0,1018.8,1018.0,1.4,109,3.1,502.1,0.0
A765,21/09/2017,19,23.3,23.3,22.9,80,82,80,19.7,19.8,19.4,1017.8,1018.0,1017.7,1.4,97,3.0,343.0,0.0
A765,21/09/2017,20,22.9,23.4,22.9,82,82,79,19.7,19.7,19.4,1017.7,1017.8,1017.7,1.8,85,3.9,283.5,0.0
A765,21/09/2017,21,22.5,23.1,22.5,86,86,82,20.0,20.2,19.7,1017.8,1017.8,1017.6,1.0,42,3.4,54.07,0.0
A765,21/09/2017,22,22.0,22.6,22.0,88,89,86,20.0,20.2,20.0,1017.8,1017.9,1017.8,1.1,346,2.2,0.243,0.0
A765,22/09/2017,23,21.5,23.1,21.4,91,91,89,19.9,21.2,19.7,1015.4,1015.4,1015.0,0.6,356,1.6,-3.60,0.0
A765,22/09/2017,00,20.1,20.9,20.1,90,91,88,18.4,19.0,18.4,1018.3,1018.3,1017.9,0.9,305,2.9,-3.45,0.0
A765,22/09/2017,01,19.1,20.1,19.1,92,92,89,17.8,18.4,17.4,1018.2,1018.3,1018.1,0.9,282,1.7,-3.48,0.0
A765,22/09/2017,02,19.1,19.3,19.0,94,94,92,18.2,18.2,17.8,1017.7,1018.2,1017.7,0.5,302,1.5,-3.58,0.0
A765,22/09/2017,03,18.2,19.1,18.2,94,95,94,17.3,18.2,17.2,1017.6,1017.7,1017.5,1.0,344,1.9,-3.54,0.0
A765,22/09/2017,04,18.5,18.5,18.0,95,95,94,17.7,17.8,17.1,1016.9,1017.6,1016.9,0.6,329,1.9,-3.56,0.0
A765,22/09/2017,05,18.8,18.8,18.0,96,96,95,18.1,18.1,17.2,1016.5,1016.9,1016.5,0.6,312,1.3,-3.58,0.0
A765,22/09/2017,06,18.3,18.9,18.2,96,96,96,17.7,18.2,17.5,1016.0,1016.5,1016.0,0.8,261,1.7,-3.50,0.0
A765,22/09/2017,07,19.2,19.2,18.3,96,96,96,18.6,18.6,17.6,1016.0,1016.0,1015.8,1.3,212,3.5,-3.58,0.0
A765,22/09/2017,08,18.5,19.4,18.3,96,96,96,17.9,18.7,17.7,1016.2,1016.2,1015.9,0.8,243,3.2,-3.48,0.0
A765,22/09/2017,09,18.5,18.8,18.5,96,96,96,17.8,18.3,17.8,1016.8,1016.8,1016.2,0.7,267,2.5,-3.03,0.0
A765,22/09/2017,10,18.7,18.7,18.2,96,96,96,18.1,18.1,17.5,1017.0,1017.1,1016.8,0.7,218,1.9,192.8,0.0
A765,22/09/2017,11,21.6,21.6,18.7,94,96,94,20.5,20.6,18.0,1017.6,1017.6,1017.0,0.8,222,2.1,787.4,0.0
A765,22/09/2017,12,24.6,24.7,21.6,74,94,74,19.7,20.9,19.6,1017.9,1018.1,1017.6,1.8,181,3.8,1634.,0.0
A765,22/09/2017,13,26.2,26.2,24.4,68,75,67,19.9,19.9,19.0,1017.9,1018.0,1017.8,2.3,162,4.5,2370.,0.0
A765,22/09/2017,14,26.8,27.0,25.8,71,74,65,21.2,21.4,19.4,1017.8,1018.0,1017.8,2.7,111,4.9,2740.,0.0
A765,22/09/2017,15,26.2,26.8,25.3,75,78,71,21.5,21.5,20.7,1017.3,1017.8,1017.3,3.2,113,5.6,3204.,0.0
A765,22/09/2017,16,25.4,26.5,25.4,75,76,72,20.6,21.5,20.6,1016.6,1017.3,1016.6,3.2,114,5.8,2970.,0.0
A765,22/09/2017,17,26.5,26.7,25.2,73,77,72,21.2,21.5,20.6,1015.7,1016.6,1015.7,2.6,111,6.0,2630.,0.0
A765,22/09/2017,18,25.6,26.5,24.6,76,79,73,21.1,21.5,20.6,1015.2,1015.7,1015.0,3.2,119,6.0,2149.,0.0
A765,22/09/2017,19,24.8,26.1,24.8,80,80,75,21.2,21.6,20.7,1014.7,1015.1,1014.7,2.4,113,5.3,1503.,0.0
A765,22/09/2017,20,24.3,24.8,24.2,80,82,79,20.6,21.2,20.6,1014.7,1014.8,1014.6,1.8,97,4.4,532.4,0.0
A765,22/09/2017,21,24.0,24.7,24.0,82,82,79,20.8,20.9,20.6,1014.8,1014.8,1014.6,1.6,95,3.2,216.8,0.0
A765,22/09/2017,22,23.1,24.0,23.1,89,89,82,21.2,21.2,20.8,1015.0,1015.0,1014.8,0.7,3,3.3,0.232,0.0
A765,23/09/2017,23,23.0,23.3,23.0,79,79,76,19.1,19.5,18.8,1018.6,1018.6,1018.2,1.3,216,6.4,-1.27,0.0
A765,23/09/2017,00,20.7,21.5,20.7,91,92,90,19.2,19.9,19.2,1015.6,1015.6,1015.4,0.6,347,1.5,-3.59,0.0
A765,23/09/2017,01,19.8,20.6,19.6,92,92,91,18.5,19.1,18.2,1015.3,1015.6,1015.3,0.5,340,1.3,-3.60,0.0
A765,23/09/2017,02,20.0,20.2,19.5,94,94,91,19.0,19.2,18.1,1015.1,1015.3,1015.1,1.1,255,2.6,-3.60,0.0
A765,23/09/2017,03,19.1,20.1,19.1,94,94,93,18.0,19.2,18.0,1014.7,1015.1,1014.7,0.9,260,2.9,-3.59,0.0
A765,23/09/2017,04,19.2,19.2,18.7,94,94,93,18.1,18.1,17.5,1014.4,1014.7,1014.4,0.8,281,3.5,-3.60,0.0
A765,23/09/2017,05,19.2,19.5,18.7,92,94,92,17.8,18.2,17.6,1014.1,1014.4,1014.0,1.4,254,3.7,-3.60,0.0
A765,23/09/2017,06,20.4,21.0,19.1,85,92,80,17.8,18.3,16.6,1013.6,1014.1,1013.5,1.3,251,5.1,-3.60,0.0
A765,23/09/2017,07,20.6,21.0,20.1,87,87,79,18.3,18.5,16.9,1013.5,1013.6,1013.4,1.1,325,2.8,-3.60,0.0
A765,23/09/2017,08,24.4,27.5,20.2,51,87,38,13.5,18.4,11.6,1013.8,1013.8,1013.3,1.1,312,4.4,-3.60,0.0
A765,23/09/2017,09,27.7,28.6,24.3,34,52,32,10.4,13.4,10.1,1014.2,1014.2,1013.7,3.6,304,7.1,-3.56,0.0
A765,23/09/2017,10,23.0,28.6,22.6,65,68,31,16.0,16.2,10.0,1015.3,1015.3,1014.2,1.3,231,7.8,185.5,0.0
A765,23/09/2017,11,25.2,25.2,22.9,58,67,58,16.3,17.0,15.7,1016.2,1016.2,1015.2,1.7,161,4.3,877.3,0.0
A765,23/09/2017,12,28.7,28.9,25.2,44,58,43,15.4,17.3,13.8,1016.5,1016.5,1016.2,1.0,233,4.0,1708.,0.0
A765,23/09/2017,13,30.6,30.9,28.3,36,46,35,13.9,15.6,12.6,1016.8,1016.8,1016.4,3.0,151,5.7,2398.,0.0
A765,23/09/2017,14,29.4,31.0,29.1,56,56,33,19.8,19.8,12.5,1017.2,1017.3,1016.8,2.8,218,6.9,2711.,0.0
A765,23/09/2017,15,27.5,29.5,27.4,66,66,56,20.7,20.9,19.7,1017.0,1017.3,1017.0,3.8,235,10.3,3151.,0.0
A765,23/09/2017,16,27.1,27.8,26.6,66,68,65,20.1,20.8,19.9,1017.1,1017.3,1017.0,4.1,229,11.1,3154.,0.0
A765,23/09/2017,17,26.9,27.1,26.3,66,69,66,20.0,20.6,19.7,1017.0,1017.1,1016.9,3.3,231,11.3,2920.,0.0
A765,23/09/2017,18,25.4,27.0,25.2,70,71,66,19.6,20.3,19.3,1017.1,1017.1,1017.0,3.6,235,8.9,1699.,0.0
A765,23/09/2017,19,24.6,25.4,24.5,74,74,70,19.6,20.0,19.4,1017.3,1017.3,1017.0,3.3,239,8.6,840.8,0.0
A765,23/09/2017,20,24.3,24.8,24.1,75,76,73,19.6,20.0,19.4,1017.4,1017.4,1017.2,2.7,235,7.8,483.7,0.0
A765,23/09/2017,21,23.7,24.3,23.6,80,80,75,19.9,19.9,19.5,1017.9,1017.9,1017.4,1.4,251,6.9,167.6,0.0
A765,23/09/2017,22,23.3,23.7,23.2,79,81,79,19.5,20.2,19.5,1018.2,1018.2,1017.9,1.9,245,6.6,3.599,0.0
A765,24/09/2017,23,22.1,22.1,21.9,82,87,82,18.9,19.8,18.9,1020.6,1020.6,1020.1,1.9,167,4.2,-2.85,0.0
A765,24/09/2017,00,22.6,23.0,22.6,81,82,79,19.3,19.5,19.1,1019.4,1019.4,1018.6,1.3,223,3.7,-2.33,0.0
A765,24/09/2017,01,22.7,22.8,22.5,81,85,81,19.3,20.0,19.3,1019.9,1019.9,1019.4,0.9,176,2.8,-1.38,0.0
A765,24/09/2017,02,22.7,22.8,22.6,81,83,81,19.3,19.7,19.3,1020.1,1020.1,1019.9,2.2,234,5.4,-0.65,0.0
A765,24/09/2017,03,22.5,22.7,22.5,82,83,81,19.3,19.5,19.2,1020.0,1020.1,1019.9,1.2,223,4.9,-1.73,0.0
A765,24/09/2017,04,22.5,22.6,22.5,84,84,82,19.6,19.6,19.3,1019.6,1020.0,1019.6,1.8,242,5.3,-1.39,0.0
A765,24/09/2017,05,22.5,22.6,22.5,82,84,82,19.2,19.7,19.2,1019.1,1019.6,1019.1,1.6,248,5.4,-1.34,0.0
A765,24/09/2017,06,22.3,22.6,22.3,85,85,82,19.6,19.6,19.2,1018.6,1019.1,1018.6,1.6,223,5.0,-1.74,0.0
A765,24/09/2017,07,22.2,22.3,22.1,86,87,85,19.8,19.8,19.6,1018.5,1018.6,1018.4,1.9,229,5.0,-3.18,0.0
A765,24/09/2017,08,22.2,22.2,22.1,86,87,86,19.8,19.9,19.7,1018.5,1018.6,1018.5,1.7,224,4.7,-0.80,0.0
A765,24/09/2017,09,22.1,22.2,22.0,87,87,86,19.8,19.9,19.7,1019.0,1019.0,1018.5,1.3,228,4.0,-0.91,0.0
A765,24/09/2017,10,22.3,22.3,22.0,87,88,86,19.9,20.1,19.8,1019.7,1019.7,1019.0,1.0,223,3.0,85.05,0.0
A765,24/09/2017,11,23.0,23.0,22.2,84,88,84,20.2,20.3,19.8,1020.3,1020.3,1019.7,1.1,229,2.9,245.3,0.0
A765,24/09/2017,12,23.2,23.4,22.9,81,84,80,19.7,20.1,19.5,1020.7,1020.7,1020.3,1.6,203,4.4,558.1,0.0
A765,24/09/2017,13,23.5,24.0,23.2,79,81,77,19.6,20.0,19.5,1021.0,1021.0,1020.7,1.2,244,4.3,507.6,0.0
A765,24/09/2017,14,24.3,24.3,23.2,76,81,75,19.7,19.9,19.4,1020.9,1021.0,1020.9,1.9,199,4.8,662.9,0.0
A765,24/09/2017,15,24.6,24.8,24.2,75,77,73,19.9,20.1,19.3,1020.5,1020.9,1020.5,2.7,170,5.3,1290.,0.0
A765,24/09/2017,16,24.8,25.0,23.8,74,79,74,20.0,20.4,19.7,1019.8,1020.5,1019.8,2.4,164,5.9,1258.,0.0
A765,24/09/2017,17,25.7,25.7,24.3,72,77,72,20.2,20.3,19.5,1019.2,1019.8,1019.2,2.6,183,5.4,1475.,0.0
A765,24/09/2017,18,24.7,25.7,24.2,74,76,71,19.8,20.2,19.4,1019.0,1019.2,1018.9,2.5,196,6.4,1243.,0.0
A765,24/09/2017,19,24.4,24.9,23.9,75,79,74,19.7,20.2,19.6,1018.9,1019.0,1018.8,2.1,176,6.8,800.2,0.0
A765,24/09/2017,20,23.7,24.4,23.6,78,78,74,19.7,19.9,19.3,1019.2,1019.2,1018.9,1.4,198,4.1,438.4,0.0
A765,24/09/2017,21,22.7,23.7,22.7,82,82,78,19.6,19.8,19.5,1019.7,1019.7,1019.2,1.2,205,4.7,143.0,0.0
A765,24/09/2017,22,22.0,22.7,22.0,86,86,82,19.5,19.7,19.5,1020.1,1020.1,1019.7,1.0,214,3.5,0.424,0.0
A765,25/09/2017,23,20.9,22.9,20.9,82,82,66,17.8,17.8,16.2,1019.9,1019.9,1019.6,1.2,343,6.5,-3.60,0.0
A765,25/09/2017,00,21.8,22.1,21.8,82,82,81,18.7,18.9,18.5,1021.0,1021.0,1020.6,0.9,216,5.1,-1.12,0.0
A765,25/09/2017,01,21.2,21.9,21.2,85,85,81,18.7,18.8,18.4,1021.2,1021.2,1021.0,0.9,221,2.0,-2.48,0.0
A765,25/09/2017,21,21.9,23.0,21.9,82,83,78,18.8,19.7,18.8,1019.4,1019.6,1019.2,1.7,286,3.5,235.7,0.0
A765,25/09/2017,02,21.1,21.4,21.1,87,89,85,18.9,19.4,18.7,1021.3,1021.3,1021.2,0.9,206,2.3,-0.80,0.0
A765,25/09/2017,03,21.1,21.2,21.0,87,88,87,18.9,19.0,18.9,1021.0,1021.3,1021.0,1.1,213,2.0,-0.90,0.0
A765,25/09/2017,04,20.8,21.2,20.8,86,89,85,18.3,19.2,18.2,1020.5,1021.0,1020.5,0.7,216,2.1,-1.91,0.0
A765,25/09/2017,05,20.0,20.8,20.0,91,91,86,18.5,18.5,18.3,1020.4,1020.5,1020.4,0.9,241,2.2,-3.06,0.0
A765,25/09/2017,22,22.9,23.0,21.4,67,84,66,16.4,19.1,16.2,1019.6,1019.6,1019.3,3.4,85,6.5,1.353,0.0
A765,25/09/2017,06,20.3,20.4,20.0,90,92,90,18.6,19.0,18.3,1020.2,1020.4,1020.2,0.5,223,2.3,-0.98,0.0
A765,25/09/2017,07,20.2,20.3,20.1,90,90,88,18.5,18.7,18.2,1020.2,1020.2,1020.1,0.9,293,2.8,-1.97,0.0
A765,25/09/2017,08,19.8,20.3,19.8,91,91,89,18.3,18.8,18.1,1020.5,1020.5,1020.1,0.4,234,1.7,-2.07,0.0
A765,25/09/2017,09,20.1,20.3,19.8,91,92,91,18.6,18.9,18.3,1020.9,1020.9,1020.4,1.2,314,1.8,-0.92,0.0
A765,25/09/2017,10,20.5,20.5,20.0,86,92,85,18.0,18.8,17.8,1021.4,1021.4,1020.9,0.7,275,1.9,134.6,0.0
A765,25/09/2017,11,22.3,22.3,20.4,77,86,77,18.1,18.4,17.7,1022.1,1022.1,1021.4,0.5,271,1.6,808.9,0.0
A765,25/09/2017,12,23.7,24.0,22.3,75,78,69,19.0,19.0,17.8,1022.4,1022.4,1022.1,2.5,93,4.7,1717.,0.0
A765,25/09/2017,13,24.8,25.0,23.7,68,75,68,18.5,19.1,18.0,1022.5,1022.5,1022.3,2.5,120,4.7,2346.,0.0
A765,25/09/2017,14,25.3,25.5,24.2,67,71,65,18.7,19.2,18.0,1022.4,1022.5,1022.3,2.9,114,5.2,2690.,0.0
A765,25/09/2017,15,25.7,26.2,24.8,66,71,65,19.0,19.7,18.6,1021.7,1022.4,1021.7,3.3,111,5.8,2741.,0.0
A765,25/09/2017,16,25.0,26.4,24.6,70,70,65,19.2,19.7,18.4,1021.3,1021.7,1021.3,2.8,130,6.4,2733.,0.0
A765,25/09/2017,17,26.2,26.5,25.1,69,71,63,20.0,20.0,18.3,1020.5,1021.3,1020.5,2.5,119,6.3,2981.,0.0
A765,25/09/2017,18,24.8,26.8,24.4,72,74,66,19.3,20.2,18.9,1020.0,1020.5,1020.0,3.1,120,5.9,2026.,0.0
A765,25/09/2017,19,23.4,25.1,23.4,78,79,71,19.4,19.9,19.0,1019.9,1020.0,1019.9,2.8,134,6.6,1054.,0.0
A765,25/09/2017,20,23.0,23.8,22.9,78,79,76,19.0,19.5,18.8,1019.6,1019.9,1019.6,1.8,149,5.6,710.2,0.0
A765,26/09/2017,23,20.5,21.4,20.4,91,91,87,19.0,19.2,18.7,1016.5,1016.6,1016.4,1.0,289,2.2,-3.60,0.0
A765,26/09/2017,00,20.3,21.0,20.2,83,86,81,17.4,17.9,17.4,1020.1,1020.1,1019.8,1.1,350,2.6,-3.60,0.0
A765,26/09/2017,01,20.3,20.3,20.0,83,85,82,17.2,17.6,17.1,1019.9,1020.1,1019.9,1.0,338,3.4,-3.60,0.0
A765,26/09/2017,02,19.7,20.4,19.7,85,85,82,17.1,17.5,16.9,1019.5,1019.9,1019.5,0.4,317,1.9,-3.60,0.0
A765,26/09/2017,03,19.0,19.7,18.9,90,90,85,17.4,17.5,17.0,1019.1,1019.5,1019.1,0.4,329,1.3,-3.60,0.0
A765,26/09/2017,10,18.7,18.8,17.9,91,94,91,17.3,17.5,16.9,1018.5,1018.5,1018.0,1.1,295,2.4,220.9,0.0
A765,26/09/2017,04,18.5,19.0,18.4,92,92,90,17.1,17.4,17.0,1018.6,1019.1,1018.6,0.9,258,2.4,-3.60,0.0
A765,26/09/2017,05,18.6,18.7,18.3,91,92,91,17.2,17.4,16.9,1018.2,1018.6,1018.2,1.6,287,2.4,-3.60,0.0
A765,26/09/2017,06,18.4,18.7,18.2,91,92,91,16.9,17.3,16.8,1017.7,1018.2,1017.7,0.8,267,2.7,-3.60,0.0
A765,26/09/2017,12,23.6,24.0,20.8,64,85,61,16.5,18.5,15.9,1018.9,1019.0,1018.8,0.9,226,2.1,1709.,0.0
A765,26/09/2017,11,20.8,20.8,18.7,84,91,84,18.1,18.1,17.1,1018.8,1018.8,1018.5,0.6,287,1.5,928.7,0.0
A765,26/09/2017,07,18.1,18.4,17.9,93,93,91,17.0,17.0,16.6,1017.4,1017.7,1017.4,1.0,286,1.7,-3.59,0.0
A765,26/09/2017,08,17.8,18.1,17.7,93,94,93,16.8,17.0,16.6,1017.3,1017.5,1017.3,0.7,283,2.0,-3.59,0.0
A765,26/09/2017,09,17.9,18.2,17.7,94,95,93,17.0,17.3,16.6,1018.0,1018.0,1017.3,1.3,278,2.4,-2.98,0.0
A765,26/09/2017,13,25.3,25.4,23.6,58,66,56,16.4,17.2,15.7,1018.7,1018.9,1018.7,2.6,116,4.5,2298.,0.0
A765,26/09/2017,14,25.6,25.9,24.8,58,61,55,16.8,17.1,15.4,1018.4,1018.7,1018.4,3.0,123,5.5,2887.,0.0
A765,26/09/2017,15,25.3,26.0,25.1,63,64,58,17.8,18.3,16.8,1017.8,1018.4,1017.8,2.6,131,6.6,3058.,0.0
A765,26/09/2017,16,23.9,25.7,23.5,71,72,62,18.2,18.5,17.1,1017.4,1017.8,1017.4,2.1,151,5.8,1387.,0.0
A765,26/09/2017,17,23.7,24.1,23.3,73,74,69,18.6,18.6,17.7,1016.9,1017.4,1016.9,2.2,149,5.4,1032.,0.0
A765,26/09/2017,18,23.7,24.0,23.3,71,73,71,18.2,18.6,17.9,1016.4,1016.9,1016.4,2.8,157,5.4,1022.,0.0
A765,26/09/2017,19,23.3,24.2,23.2,74,75,70,18.4,18.8,17.8,1016.1,1016.4,1016.1,2.1,138,5.1,876.2,0.0
A765,26/09/2017,20,22.9,23.3,22.8,76,77,74,18.4,18.6,18.2,1015.8,1016.2,1015.8,1.9,131,5.1,394.9,0.0
A765,26/09/2017,21,22.5,23.0,22.5,77,77,75,18.2,18.5,18.1,1016.1,1016.1,1015.8,1.1,139,3.5,171.9,0.0
A765,26/09/2017,22,21.4,22.5,21.4,87,87,77,19.1,19.1,18.0,1016.5,1016.5,1016.2,1.1,273,2.1,1.580,0.0
A765,27/09/2017,23,22.3,22.6,22.3,84,85,83,19.5,19.7,19.4,1012.9,1012.9,1012.7,0.5,349,2.5,-1.13,0.0
A765,27/09/2017,00,20.4,20.7,20.3,90,91,90,18.8,19.2,18.8,1016.9,1016.9,1016.5,1.3,289,2.1,-2.51,0.0
A765,27/09/2017,03,19.5,19.6,19.3,93,94,93,18.4,18.5,18.1,1016.0,1016.2,1016.0,0.9,283,1.7,-3.44,0.0
A765,27/09/2017,01,19.8,20.4,19.7,92,92,90,18.5,19.0,18.3,1016.6,1016.9,1016.6,0.8,260,2.2,-3.58,0.0
A765,27/09/2017,02,19.4,19.8,19.3,93,93,92,18.3,18.5,18.2,1016.2,1016.6,1016.2,0.8,258,1.8,-3.53,0.0
A765,27/09/2017,04,19.3,19.7,19.3,92,93,92,18.0,18.6,17.9,1015.4,1016.0,1015.4,1.1,319,2.1,-3.15,0.0
A765,27/09/2017,05,19.1,19.4,19.1,93,93,92,18.0,18.2,17.7,1014.8,1015.4,1014.8,0.6,255,2.1,-3.51,0.0
A765,27/09/2017,06,18.8,19.1,18.8,94,95,93,17.9,18.2,17.8,1014.0,1014.8,1014.0,0.6,258,1.6,-3.40,0.0
A765,27/09/2017,07,19.0,19.1,18.7,95,95,94,18.1,18.2,17.8,1014.1,1014.1,1014.0,1.2,278,2.3,-3.36,0.0
A765,27/09/2017,08,18.4,19.1,18.4,95,95,94,17.5,18.2,17.5,1014.5,1014.5,1014.1,0.8,298,2.3,-3.50,0.0
A765,27/09/2017,09,18.1,18.7,18.1,95,95,95,17.3,17.9,17.2,1014.6,1014.7,1014.5,1.1,288,1.5,-2.58,0.0
A765,27/09/2017,10,19.0,19.0,18.0,94,95,94,18.1,18.1,17.2,1014.7,1014.8,1014.6,0.7,297,1.5,198.4,0.0
A765,27/09/2017,11,21.5,21.5,19.0,84,95,84,18.7,19.2,18.1,1015.1,1015.1,1014.7,1.1,212,3.2,856.0,0.0
A765,27/09/2017,12,23.5,23.6,21.5,69,84,69,17.4,18.8,17.4,1014.9,1015.2,1014.9,1.4,213,3.8,1647.,0.0
A765,27/09/2017,13,25.2,25.3,23.4,66,70,65,18.5,19.0,17.1,1014.9,1015.0,1014.9,2.2,112,4.5,2223.,0.0
A765,27/09/2017,14,25.3,25.9,24.5,68,70,65,18.9,19.3,18.2,1014.7,1014.9,1014.7,3.2,112,5.8,2772.,0.0
A765,27/09/2017,15,24.7,26.2,24.6,70,71,66,18.9,19.6,18.7,1014.4,1014.7,1014.4,3.7,162,7.4,3047.,0.0
A765,27/09/2017,16,24.9,24.9,23.9,70,73,69,18.9,19.2,18.6,1013.3,1014.4,1013.3,2.6,137,6.2,1662.,0.0
A765,27/09/2017,17,23.9,25.1,23.7,74,74,69,19.0,19.2,18.4,1012.6,1013.3,1012.6,2.5,139,5.5,1240.,0.0
A765,27/09/2017,18,23.6,24.1,23.5,76,76,74,19.1,19.2,18.8,1011.9,1012.6,1011.9,2.4,165,5.4,857.4,0.0
A765,27/09/2017,19,23.5,24.0,23.4,77,78,75,19.2,19.4,18.9,1011.9,1011.9,1011.8,2.0,125,4.6,601.1,0.0
A765,27/09/2017,20,23.3,23.6,23.2,78,79,76,19.3,19.3,19.0,1012.3,1012.3,1011.9,1.9,121,3.5,322.6,0.0
A765,27/09/2017,21,22.8,23.3,22.8,81,82,78,19.4,19.5,19.2,1012.3,1012.3,1012.1,1.6,87,3.7,103.8,0.0
A765,27/09/2017,22,22.6,22.8,22.5,83,84,81,19.6,19.7,19.3,1012.7,1012.7,1012.3,0.9,354,2.5,2.698,0.0
A765,28/09/2017,23,22.2,22.3,22.1,83,84,82,19.1,19.3,19.1,1019.8,1019.8,1019.3,1.5,239,5.0,-0.35,0.0
A765,28/09/2017,00,21.9,22.3,21.8,88,88,84,19.8,19.8,19.5,1013.8,1013.8,1012.9,1.3,306,1.8,-1.74,0.0
A765,28/09/2017,01,20.8,21.9,20.7,91,91,88,19.3,19.8,19.1,1013.6,1013.9,1013.6,1.5,304,2.0,-3.57,0.0
A765,28/09/2017,02,20.3,20.8,20.0,93,93,91,19.1,19.3,18.6,1014.0,1014.0,1013.6,0.7,267,2.0,-3.60,0.0
A765,28/09/2017,03,20.0,20.4,19.9,93,94,93,18.9,19.3,18.8,1014.1,1014.1,1013.9,0.8,272,2.0,-3.55,0.0
A765,28/09/2017,04,19.5,20.0,19.5,94,95,93,18.6,19.0,18.5,1013.5,1014.1,1013.5,0.9,329,1.7,-3.50,0.0
A765,28/09/2017,05,19.4,19.7,19.1,95,95,94,18.5,18.7,18.2,1013.4,1013.5,1013.2,1.2,227,2.9,-3.59,0.0
A765,28/09/2017,06,19.7,20.0,19.4,95,95,95,18.9,19.2,18.5,1013.7,1013.7,1013.4,0.7,268,3.7,-3.44,0.0
A765,28/09/2017,07,19.4,20.0,19.3,95,95,95,18.6,19.2,18.4,1014.1,1014.1,1013.7,1.2,325,2.4,-2.41,0.0
A765,28/09/2017,08,19.9,20.1,19.4,94,95,94,19.0,19.2,18.6,1014.5,1014.5,1014.1,0.9,202,2.1,-1.67,0.0
A765,28/09/2017,09,20.3,20.5,19.8,94,95,94,19.3,19.6,18.8,1015.8,1015.8,1014.5,0.6,209,2.7,-0.53,0.0
A765,28/09/2017,10,20.6,20.7,20.2,92,94,92,19.3,19.6,19.0,1017.0,1017.0,1015.8,0.8,356,1.9,96.88,0.0
A765,28/09/2017,11,22.2,22.3,20.5,86,92,85,19.7,19.8,19.1,1017.7,1017.7,1017.0,0.7,295,1.5,797.1,0.0
A765,28/09/2017,12,24.4,24.9,22.2,70,86,69,18.6,20.2,18.5,1018.0,1018.0,1017.7,2.4,211,5.4,1555.,0.0
A765,28/09/2017,13,24.0,24.6,23.6,73,76,70,19.0,19.2,18.6,1018.1,1018.2,1018.0,1.2,234,4.7,616.3,0.0
A765,28/09/2017,14,25.1,25.2,24.0,69,73,68,18.9,19.4,18.7,1018.0,1018.1,1018.0,1.8,215,3.8,953.0,0.0
A765,28/09/2017,15,24.3,25.7,24.2,76,76,67,19.9,19.9,18.8,1017.8,1018.0,1017.8,2.3,162,4.8,1036.,0.0
A765,28/09/2017,16,23.4,24.3,23.4,79,79,76,19.6,19.9,19.3,1017.5,1017.8,1017.5,2.1,181,5.5,422.5,0.0
A765,28/09/2017,17,22.8,23.4,22.8,82,82,78,19.6,19.7,19.3,1017.4,1017.5,1017.4,2.3,191,5.2,178.6,0.0
A765,28/09/2017,18,23.0,23.1,22.8,76,82,74,18.5,19.6,18.2,1017.3,1017.5,1017.2,2.0,184,6.6,152.7,0.0
A765,28/09/2017,19,22.4,23.0,22.4,83,83,76,19.3,19.3,18.5,1017.3,1017.4,1017.2,1.4,234,4.7,141.8,0.0
A765,28/09/2017,20,22.0,22.8,21.8,85,87,79,19.4,19.5,18.8,1017.7,1017.7,1017.3,0.6,339,3.2,137.5,0.0
A765,28/09/2017,21,22.5,22.7,22.0,81,85,79,19.1,19.4,18.8,1018.8,1018.8,1017.7,1.9,206,6.3,64.58,0.0
A765,28/09/2017,22,22.2,22.5,22.2,82,82,81,19.1,19.1,19.0,1019.3,1019.3,1018.8,1.8,209,5.0,-0.47,0.0
A765,29/09/2017,23,21.3,22.6,21.3,91,91,85,19.7,20.3,19.5,1014.9,1016.0,1014.9,0.7,307,5.5,-1.83,0.0
A765,29/09/2017,00,22.0,22.2,22.0,83,84,83,19.1,19.2,19.0,1020.1,1020.1,1019.8,1.5,208,3.5,-0.94,0.0
A765,29/09/2017,01,21.7,22.1,21.7,85,85,83,19.1,19.3,19.0,1020.6,1020.6,1020.1,0.9,250,3.9,-1.02,0.0
A765,29/09/2017,02,21.3,21.8,21.3,88,89,85,19.3,19.5,19.1,1020.5,1020.6,1020.4,0.7,247,2.2,-2.65,0.0
A765,29/09/2017,03,21.3,21.5,21.1,89,90,88,19.4,19.5,19.2,1020.2,1020.6,1020.2,0.8,297,1.7,-1.74,0.0
A765,29/09/2017,04,20.7,21.3,20.6,92,92,89,19.3,19.5,19.0,1019.7,1020.2,1019.7,0.6,300,1.4,-2.74,0.0
A765,29/09/2017,05,20.1,20.7,20.1,93,93,92,18.9,19.3,18.9,1019.1,1019.7,1019.1,0.7,285,1.6,-3.37,0.0
A765,29/09/2017,06,20.1,20.2,20.0,93,94,93,19.0,19.1,18.9,1018.4,1019.1,1018.4,0.7,306,1.7,-2.14,0.0
A765,29/09/2017,07,20.1,20.2,20.0,93,94,93,18.9,19.2,18.8,1018.4,1018.6,1018.3,0.5,244,1.8,-1.80,0.0
A765,29/09/2017,08,20.1,20.1,20.0,93,93,93,19.0,19.0,18.8,1018.6,1018.6,1018.2,1.2,309,2.0,-1.60,0.0
A765,29/09/2017,09,19.8,20.3,19.8,93,93,92,18.6,19.1,18.6,1019.0,1019.0,1018.6,1.0,350,2.3,0.033,0.0
A765,29/09/2017,10,20.1,20.2,19.7,93,93,92,18.9,19.0,18.5,1019.1,1019.1,1018.9,0.7,269,2.6,104.4,0.0
A765,29/09/2017,11,21.4,21.4,20.1,90,93,90,19.7,19.7,18.9,1019.8,1019.8,1019.1,1.3,204,2.2,411.2,0.0
A765,29/09/2017,12,22.2,22.3,21.3,84,90,83,19.4,20.0,19.2,1019.6,1019.8,1019.5,0.7,279,2.2,815.3,0.0
A765,29/09/2017,13,22.0,22.6,21.9,88,88,81,19.9,20.0,18.9,1019.2,1019.7,1019.2,1.5,175,3.5,472.2,0.0
A765,29/09/2017,14,22.3,22.5,22.0,85,88,84,19.7,20.2,19.5,1018.9,1019.2,1018.8,1.9,139,5.4,426.4,0.0
A765,29/09/2017,15,24.0,24.2,22.3,76,85,76,19.6,20.2,19.4,1018.3,1018.9,1018.2,2.6,128,5.0,1296.,0.0
A765,29/09/2017,16,22.9,24.0,22.9,78,79,76,18.9,19.7,18.9,1017.7,1018.3,1017.7,2.1,145,5.0,1009.,0.0
A765,29/09/2017,17,22.9,23.2,22.7,80,81,78,19.2,19.4,18.9,1016.9,1017.7,1016.9,1.6,146,4.0,474.2,0.0
A765,29/09/2017,18,22.9,22.9,22.4,82,83,80,19.7,19.7,19.1,1015.9,1016.9,1015.9,1.5,153,4.3,333.4,0.0
A765,29/09/2017,19,22.3,22.9,22.3,86,86,81,19.8,19.9,19.3,1015.7,1016.0,1015.6,1.3,141,4.1,164.1,0.0
A765,29/09/2017,20,22.5,22.6,22.2,86,87,83,20.1,20.1,19.6,1016.0,1016.0,1015.5,2.4,111,6.0,92.11,0.0
A765,29/09/2017,21,22.5,22.6,21.6,81,88,81,19.2,20.2,18.9,1015.7,1016.0,1015.7,2.5,110,5.9,24.83,0.0
A765,29/09/2017,22,21.9,22.5,21.3,90,91,81,20.2,20.2,19.3,1016.0,1016.1,1015.7,1.1,78,5.6,-2.74,0.0
A765,30/09/2017,23,20.9,23.1,20.9,91,91,79,19.4,20.1,19.3,1005.9,1005.9,1004.7,2.8,210,5.7,-1.71,2.8
A765,30/09/2017,00,21.9,22.0,21.2,88,92,88,19.9,20.3,19.7,1015.2,1015.5,1014.9,1.1,44,2.4,-2.94,0.0
A765,30/09/2017,01,21.4,21.9,21.2,90,91,88,19.6,20.0,19.5,1014.7,1015.2,1014.6,0.8,27,2.4,-2.68,0.0
A765,30/09/2017,02,20.7,21.4,20.7,93,93,89,19.5,19.8,19.4,1016.2,1016.3,1014.7,1.4,220,3.3,-1.51,1.6
A765,30/09/2017,03,20.2,20.9,20.2,95,95,93,19.4,20.0,19.4,1014.9,1016.2,1014.9,0.7,59,3.1,-0.49,6.0
A765,30/09/2017,04,19.8,20.4,19.7,96,96,95,19.1,19.7,19.0,1013.2,1014.9,1013.1,1.3,51,3.6,-0.09,1.4
A765,30/09/2017,05,19.9,19.9,19.6,95,96,95,19.0,19.1,18.8,1011.6,1013.2,1011.6,0.8,36,3.2,-0.62,0.2
A765,30/09/2017,06,19.7,20.0,19.7,95,95,94,18.9,19.1,18.8,1010.0,1011.6,1010.0,0.2,70,2.8,-0.42,0.2
A765,30/09/2017,07,19.6,19.9,19.6,95,95,95,18.8,19.1,18.8,1009.3,1010.0,1009.3,0.4,213,1.5,-0.80,0.2
A765,30/09/2017,08,19.9,20.0,19.5,95,96,95,19.1,19.2,18.7,1009.1,1009.3,1009.1,1.6,209,5.1,-0.23,0.6
A765,30/09/2017,09,19.9,20.2,19.8,95,95,94,19.0,19.3,18.9,1009.2,1009.3,1008.7,3.0,194,5.1,0.109,0.2
A765,30/09/2017,10,20.0,20.2,19.9,94,95,94,19.1,19.3,19.0,1009.5,1009.5,1009.1,0.7,286,5.1,26.59,0.0
A765,30/09/2017,11,20.6,20.6,19.9,95,95,94,19.7,19.7,19.0,1009.1,1009.6,1008.9,0.5,227,2.4,141.4,0.0
A765,30/09/2017,12,22.6,22.6,20.4,85,95,85,20.0,20.2,19.4,1009.1,1009.2,1008.9,0.8,46,2.7,408.6,0.0
A765,30/09/2017,13,25.1,25.2,22.5,73,86,70,20.0,20.2,19.1,1008.3,1009.2,1008.3,2.7,99,5.5,975.7,0.0
A765,30/09/2017,14,24.3,25.3,24.0,79,80,69,20.4,21.1,19.2,1007.7,1008.3,1007.6,3.0,138,7.5,1853.,0.0
A765,30/09/2017,15,25.7,26.1,24.2,75,80,71,21.0,21.2,20.2,1007.0,1007.8,1006.9,2.8,129,6.0,1688.,0.2
A765,30/09/2017,16,26.7,27.1,25.6,69,75,68,20.6,21.4,20.3,1005.8,1007.0,1005.8,2.9,137,6.2,1897.,0.0
A765,30/09/2017,17,29.0,29.1,26.5,53,72,50,18.3,21.3,17.7,1004.9,1005.9,1004.9,1.3,152,5.1,1241.,0.0
A765,30/09/2017,18,28.8,29.1,28.3,50,60,47,17.2,19.7,16.7,1003.9,1004.9,1003.9,4.2,285,10.3,1358.,0.0
A765,30/09/2017,19,25.8,28.8,25.8,64,64,48,18.6,18.6,16.6,1004.2,1004.3,1003.7,5.3,275,9.1,420.2,0.0
A765,30/09/2017,20,23.7,25.8,22.9,76,80,64,19.2,19.9,18.4,1004.3,1004.6,1004.2,2.3,213,9.1,88.39,0.4
A765,30/09/2017,21,23.8,25.1,23.0,74,81,67,18.9,19.8,18.5,1004.1,1004.6,1004.1,1.1,244,4.7,21.14,0.0
A765,30/09/2017,22,23.1,23.9,22.6,79,83,73,19.3,19.8,18.7,1004.8,1004.8,1004.1,2.0,202,4.2,-2.15,0.0
A765,01/10/2017,23,22.6,23.5,22.6,84,85,82,19.7,20.8,19.6,1003.8,1003.9,1003.6,1.2,295,2.3,-3.60,0.0
A765,01/10/2017,00,20.8,21.1,20.5,92,92,89,19.4,19.4,19.0,1006.1,1006.3,1005.9,1.7,304,5.1,-1.57,3.6
A765,01/10/2017,01,20.3,20.8,20.1,93,93,90,19.1,19.3,18.9,1006.6,1006.9,1006.0,0.6,66,3.1,-1.48,1.6
A765,01/10/2017,02,19.7,20.3,19.6,95,95,93,18.8,19.4,18.7,1006.6,1007.1,1006.5,0.5,251,3.4,-0.35,3.2
A765,01/10/2017,03,19.8,20.1,19.7,95,95,95,18.9,19.2,18.8,1005.3,1006.6,1005.1,1.0,249,3.0,-0.61,1.0
A765,01/10/2017,04,19.5,20.0,19.3,95,95,94,18.6,19.3,18.4,1005.2,1005.3,1004.8,1.7,224,5.8,-0.71,0.2
A765,01/10/2017,05,22.7,23.9,19.5,72,95,63,17.4,19.3,16.5,1004.5,1005.2,1004.4,1.0,220,7.3,0.660,0.0
A765,01/10/2017,06,24.0,24.2,22.1,63,76,60,16.5,17.7,16.1,1004.4,1004.6,1004.3,2.7,298,9.3,0.545,0.0
A765,01/10/2017,07,23.4,24.3,22.9,63,68,59,16.0,16.9,15.8,1003.6,1004.5,1003.6,1.7,51,9.3,-3.22,0.0
A765,01/10/2017,08,23.7,24.4,23.0,61,65,58,15.8,16.5,15.6,1004.1,1004.1,1003.5,1.5,217,7.1,-3.60,0.0
A765,01/10/2017,09,24.1,24.7,23.6,59,62,56,15.7,16.4,15.4,1005.1,1005.1,1004.1,1.3,229,7.3,-1.85,0.0
A765,01/10/2017,10,24.8,24.9,24.1,59,63,56,16.4,16.8,15.5,1005.4,1005.4,1005.0,1.3,101,5.1,288.8,0.0
A765,01/10/2017,11,25.8,26.0,24.8,54,59,52,15.7,16.2,15.1,1006.5,1006.5,1005.3,2.6,323,7.6,1129.,0.2
A765,01/10/2017,12,27.1,27.9,25.8,49,55,47,15.3,16.2,15.2,1007.0,1007.1,1006.5,1.4,296,8.2,1979.,0.0
A765,01/10/2017,13,27.9,28.2,26.8,49,53,47,16.1,16.5,15.5,1007.0,1007.2,1006.9,2.2,313,9.8,2676.,0.0
A765,01/10/2017,14,28.9,28.9,27.8,46,50,45,16.2,16.4,15.3,1006.0,1007.0,1005.8,4.6,329,12.7,2844.,0.0
A765,01/10/2017,15,30.1,30.2,28.9,42,49,42,15.8,17.3,15.5,1005.2,1006.1,1005.1,4.1,328,12.7,3339.,0.0
A765,01/10/2017,16,31.4,31.4,29.9,40,44,39,16.3,16.6,15.2,1004.1,1005.3,1004.1,3.2,312,11.4,3480.,0.0
A765,01/10/2017,17,32.0,32.0,31.0,37,40,36,15.6,16.1,14.6,1002.8,1004.1,1002.8,4.6,287,10.6,3241.,0.0
A765,01/10/2017,18,29.3,33.6,29.2,57,57,34,19.8,19.8,14.9,1002.4,1002.9,1002.4,5.4,161,9.2,2734.,0.0
A765,01/10/2017,19,28.2,30.3,28.1,67,67,52,21.5,21.5,18.7,1003.1,1003.1,1002.4,3.4,120,9.2,1995.,0.0
A765,01/10/2017,20,26.7,28.2,26.3,65,72,65,19.6,21.4,19.6,1003.9,1003.9,1003.1,2.6,101,6.2,1055.,0.0
A765,01/10/2017,21,26.0,27.0,26.0,67,68,64,19.4,20.0,19.2,1003.7,1003.9,1003.6,1.3,99,4.5,293.2,0.0
A765,01/10/2017,22,23.5,26.0,23.5,84,84,67,20.6,20.8,19.4,1003.7,1004.0,1003.6,1.1,301,2.4,2.673,0.0
A765,02/10/2017,00,22.6,22.7,22.1,78,85,78,18.6,20.0,18.6,1004.2,1004.2,1003.6,0.6,61,2.1,-3.60,0.0
A765,02/10/2017,01,21.5,22.7,21.4,87,88,78,19.4,19.5,18.5,1004.1,1004.4,1004.0,0.9,249,2.3,-3.60,0.0
A765,02/10/2017,02,21.0,21.8,21.0,85,89,82,18.5,19.4,18.3,1003.7,1004.2,1003.7,1.0,303,2.8,-3.60,0.0
A765,02/10/2017,03,20.7,21.3,20.7,90,90,85,19.1,19.2,18.3,1004.2,1004.2,1003.7,1.1,257,2.3,-3.60,0.0
A765,02/10/2017,04,21.0,21.3,20.4,88,91,87,19.0,19.3,18.7,1003.4,1004.3,1003.3,0.9,258,2.4,-3.59,0.0
A765,02/10/2017,05,20.9,21.1,20.5,87,89,86,18.7,19.2,18.4,1002.2,1003.4,1002.2,1.4,232,3.7,-3.57,0.0
A765,02/10/2017,06,21.2,21.4,20.7,85,88,83,18.6,18.9,18.3,1001.6,1002.3,1001.5,1.3,265,3.7,-3.58,0.0
A765,02/10/2017,07,28.0,28.6,21.1,45,86,44,15.1,18.8,15.0,1001.3,1001.7,1001.2,3.9,70,7.5,-3.36,0.0
A765,02/10/2017,08,27.9,28.6,27.5,47,49,44,15.5,16.0,15.0,1001.8,1001.8,1001.2,3.0,360,7.5,-3.58,0.0
A765,02/10/2017,09,27.5,28.2,27.4,48,49,45,15.6,15.8,15.0,1002.2,1002.3,1001.8,2.3,359,8.7,2.387,0.0
A765,02/10/2017,10,28.3,28.3,27.5,46,50,46,15.5,16.2,15.2,1003.5,1003.5,1002.0,3.6,311,8.2,83.33,0.0
A765,02/10/2017,11,26.8,28.6,25.1,54,63,46,16.8,17.4,15.5,1005.4,1005.4,1003.5,2.2,256,6.9,438.8,0.0
A765,02/10/2017,12,27.5,27.6,26.8,58,59,51,18.4,18.5,16.4,1006.9,1006.9,1005.4,1.5,233,7.5,967.9,0.0
A765,02/10/2017,13,27.2,28.0,27.2,60,60,55,18.9,19.0,18.1,1006.9,1006.9,1006.7,3.0,225,6.4,1130.,0.0
A765,02/10/2017,14,26.1,27.2,26.1,68,68,60,19.6,19.6,18.9,1007.8,1007.9,1006.7,1.5,204,6.6,715.2,0.0
A765,02/10/2017,15,24.5,26.1,24.3,85,86,68,21.9,21.9,19.7,1008.9,1008.9,1007.4,2.2,294,4.0,292.1,0.0
A765,02/10/2017,16,24.4,24.6,23.9,83,87,82,21.4,22.0,21.4,1007.4,1008.9,1007.3,1.8,184,5.4,382.7,0.0
A765,02/10/2017,17,23.8,24.5,23.7,90,90,80,22.0,22.0,20.8,1007.4,1008.0,1007.1,1.6,206,4.3,632.6,1.2
A765,02/10/2017,18,24.4,24.4,23.7,80,91,80,20.8,22.2,20.8,1005.8,1007.4,1005.7,2.1,85,5.7,518.1,1.6
A765,02/10/2017,19,27.2,27.7,24.4,67,81,65,20.5,21.3,20.2,1005.5,1006.1,1005.5,2.1,121,4.7,1677.,0.0
A765,02/10/2017,20,27.8,28.7,27.1,58,69,55,18.9,21.3,18.3,1005.6,1005.8,1005.4,3.7,1,10.2,1216.,0.0
A765,02/10/2017,21,27.7,28.0,27.5,55,60,54,17.8,19.3,17.6,1005.9,1005.9,1005.5,2.9,347,12.7,413.7,0.0
A765,02/10/2017,22,27.4,27.7,27.2,54,56,53,17.3,18.0,17.0,1006.1,1006.3,1005.9,6.2,345,11.2,6.303,0.0
A765,02/10/2017,23,27.8,27.8,27.3,50,55,50,16.4,17.3,16.4,1006.3,1006.4,1005.7,7.6,352,13.7,-3.33,0.0
A765,03/10/2017,23,20.2,20.5,20.0,80,83,77,16.6,17.2,16.3,1019.2,1019.2,1018.8,0.9,344,2.1,-1.31,0.0
A765,03/10/2017,00,28.0,28.3,27.8,46,50,45,15.4,16.5,15.1,1006.4,1006.8,1006.3,6.5,354,15.3,-3.09,0.0
A765,03/10/2017,01,27.6,28.4,27.6,49,49,44,15.8,16.0,15.0,1007.6,1007.6,1006.4,1.9,133,13.2,-3.14,0.0
A765,03/10/2017,02,26.5,28.6,26.5,58,58,44,17.5,17.5,15.1,1008.3,1008.4,1007.6,1.6,251,7.2,-2.79,0.0
A765,03/10/2017,03,25.5,26.6,25.3,63,67,55,17.9,18.7,16.7,1008.4,1008.6,1008.2,1.5,146,4.5,-2.80,0.0
A765,03/10/2017,04,25.9,26.3,25.5,58,63,55,17.1,18.0,16.3,1008.5,1008.6,1008.1,2.0,35,4.5,-2.76,0.0
A765,03/10/2017,05,24.9,26.2,24.9,65,65,55,17.8,17.8,16.5,1008.6,1009.0,1008.4,1.6,87,5.8,-2.46,0.0
A765,03/10/2017,06,24.3,24.9,23.7,73,74,65,19.1,19.2,17.7,1008.6,1008.6,1008.2,1.7,158,4.1,-2.72,0.0
A765,03/10/2017,07,25.4,25.6,23.6,58,76,56,16.5,19.7,16.3,1008.9,1009.4,1008.5,1.7,199,6.1,-2.57,0.0
A765,03/10/2017,08,24.4,25.4,23.3,63,73,57,17.1,18.3,16.2,1010.0,1010.2,1008.9,1.7,62,7.1,-2.98,0.0
A765,03/10/2017,09,25.0,25.8,24.4,56,64,51,15.6,16.8,15.0,1011.1,1011.4,1009.8,3.3,190,11.3,-2.59,0.0
A765,03/10/2017,10,25.1,25.5,24.3,54,60,53,15.2,16.3,15.1,1012.4,1012.4,1011.1,2.6,254,7.8,37.26,0.0
A765,03/10/2017,11,24.8,25.2,24.2,60,65,54,16.5,17.4,15.3,1013.9,1013.9,1012.3,1.6,259,7.5,138.1,0.0
A765,03/10/2017,12,24.3,25.2,24.0,68,68,56,18.0,18.0,15.8,1015.1,1015.1,1013.8,0.5,287,4.1,424.0,0.0
A765,03/10/2017,13,23.6,24.3,21.0,63,80,62,16.1,18.0,15.9,1015.1,1015.7,1015.0,3.0,296,9.0,562.0,0.0
A765,03/10/2017,14,23.3,23.9,22.7,75,78,61,18.7,18.9,15.7,1015.9,1016.0,1015.1,3.3,223,8.0,1148.,0.0
A765,03/10/2017,15,23.1,24.3,22.7,76,77,71,18.8,19.0,18.0,1016.1,1016.3,1015.8,2.9,187,8.0,1634.,0.0
A765,03/10/2017,16,22.5,24.0,22.1,70,76,68,16.7,19.0,16.2,1016.3,1016.4,1016.1,2.5,215,6.6,1050.,0.0
A765,03/10/2017,17,22.0,22.8,22.0,71,72,68,16.4,17.1,16.3,1016.5,1016.6,1016.2,1.6,230,6.1,532.9,0.0
A765,03/10/2017,18,21.6,22.0,21.6,68,71,66,15.4,16.5,15.2,1017.0,1017.0,1016.5,1.7,186,5.4,217.0,0.0
A765,03/10/2017,19,21.5,21.7,21.4,71,71,67,15.9,16.1,15.3,1017.0,1017.0,1016.7,1.2,167,4.1,200.3,0.0
A765,03/10/2017,20,21.1,21.5,21.1,70,71,69,15.3,16.0,15.2,1017.5,1017.6,1016.9,1.8,167,4.5,96.07,0.0
A765,03/10/2017,21,20.8,21.1,20.8,75,76,69,16.3,16.4,15.1,1018.0,1018.0,1017.4,1.0,267,3.4,26.75,0.0
A765,03/10/2017,22,20.5,20.8,20.5,77,78,74,16.2,16.7,15.9,1018.7,1018.8,1018.0,0.9,315,2.3,0.020,0.0
A765,04/10/2017,23,19.1,21.0,19.1,69,70,60,13.3,14.3,12.9,1017.8,1017.8,1017.1,0.8,272,2.6,-3.60,0.0
A765,04/10/2017,00,19.9,20.5,19.9,82,83,79,16.8,17.1,16.6,1019.4,1019.4,1019.2,1.0,1,2.9,-2.52,0.0
A765,04/10/2017,01,19.1,19.9,19.0,87,88,81,16.8,17.0,16.2,1019.9,1019.9,1019.4,0.9,323,2.8,-3.59,0.0
A765,04/10/2017,02,18.8,19.3,18.8,86,87,86,16.4,17.1,16.4,1020.1,1020.2,1019.9,0.5,253,2.2,-3.58,0.0
A765,04/10/2017,03,18.5,18.8,18.2,87,89,86,16.3,16.7,16.2,1019.4,1020.2,1019.4,1.6,349,2.5,-3.56,0.0
A765,04/10/2017,04,18.3,18.6,18.3,88,91,87,16.3,16.9,16.3,1019.5,1019.6,1019.3,0.5,23,2.5,-3.60,0.0
A765,04/10/2017,05,18.1,18.7,18.1,86,89,85,15.8,16.5,15.8,1018.6,1019.5,1018.6,0.4,94,2.2,-3.59,0.0
A765,04/10/2017,06,18.1,18.4,17.9,90,91,86,16.5,16.6,15.8,1018.4,1018.9,1018.3,0.5,6,1.3,-3.59,0.0
A765,04/10/2017,07,18.0,18.3,17.6,88,91,88,16.0,16.6,16.0,1018.6,1018.8,1018.4,1.4,330,2.5,-3.60,0.0
A765,04/10/2017,08,17.8,18.1,17.8,84,88,83,15.0,16.0,15.0,1018.9,1018.9,1018.6,1.3,331,3.0,-3.60,0.0
A765,04/10/2017,09,17.1,17.8,16.8,90,90,84,15.5,15.7,14.9,1019.5,1019.5,1018.9,0.6,340,2.3,-1.10,0.0
A765,04/10/2017,10,17.8,17.8,17.1,85,90,84,15.2,15.8,15.0,1020.3,1020.3,1019.4,0.9,325,1.4,171.2,0.0
A765,04/10/2017,11,20.0,20.0,17.8,75,87,75,15.5,16.0,15.0,1021.1,1021.1,1020.3,0.2,21,1.7,738.0,0.0
A765,04/10/2017,12,23.7,23.7,19.9,48,77,47,12.2,15.9,11.4,1021.0,1021.1,1021.0,1.2,30,3.1,1862.,0.0
A765,04/10/2017,13,25.0,25.1,23.5,44,50,39,11.8,12.7,9.8,1021.1,1021.1,1020.9,1.0,19,2.5,2068.,0.0
A765,04/10/2017,14,25.7,26.5,25.0,41,47,33,11.6,13.9,8.8,1020.9,1021.2,1020.9,1.8,127,4.7,2436.,0.0
A765,04/10/2017,15,26.3,26.8,25.7,34,42,27,9.1,11.9,6.0,1020.3,1021.0,1020.3,1.7,138,3.9,2249.,0.0
A765,04/10/2017,16,25.5,26.3,25.2,45,46,31,12.7,12.9,7.7,1019.3,1020.3,1019.3,1.7,106,4.2,2964.,0.0
A765,04/10/2017,17,27.0,27.1,25.0,35,47,29,10.4,13.4,7.3,1018.5,1019.3,1018.5,3.0,114,5.3,2316.,0.0
A765,04/10/2017,18,26.1,27.3,25.8,37,41,31,10.3,11.7,8.7,1017.7,1018.5,1017.7,2.1,129,5.8,2107.,0.0
A765,04/10/2017,19,27.0,27.5,25.7,32,41,30,9.0,11.5,8.1,1016.8,1017.7,1016.8,3.3,111,6.4,2008.,0.0
A765,04/10/2017,20,25.3,27.1,25.3,41,41,30,11.2,11.3,7.9,1016.2,1016.8,1016.2,5.6,96,11.2,1305.,0.0
A765,04/10/2017,21,24.1,25.4,24.1,45,45,39,11.4,11.7,10.1,1016.5,1016.5,1016.1,4.5,97,10.0,403.0,0.0
A765,04/10/2017,22,20.9,24.1,20.9,61,62,43,13.1,13.9,10.8,1017.1,1017.2,1016.5,0.9,283,9.1,9.604,0.0
A765,05/10/2017,14,25.2,26.3,24.4,51,52,42,14.5,15.1,12.0,1017.0,1017.5,1017.0,3.0,112,5.2,3285.,0.0
A765,05/10/2017,15,25.9,25.9,24.8,59,60,52,17.2,17.2,14.6,1016.1,1017.0,1016.1,3.8,121,6.0,3552.,0.0
A765,05/10/2017,16,26.4,27.0,24.8,56,62,55,17.0,18.2,16.6,1015.1,1016.1,1015.1,2.8,111,5.9,3545.,0.0
A765,05/10/2017,17,26.3,26.9,25.7,62,64,57,18.5,18.9,17.1,1014.2,1015.1,1014.2,3.5,110,5.6,3268.,0.0
A765,05/10/2017,18,25.6,26.8,25.4,66,68,61,18.8,19.3,18.4,1013.4,1014.2,1013.4,3.5,123,6.0,2700.,0.0
A765,05/10/2017,19,26.2,26.7,25.4,64,70,62,18.8,19.8,18.4,1013.5,1013.5,1013.3,2.2,107,6.0,1861.,0.0
A765,05/10/2017,20,25.2,26.3,25.0,70,71,64,19.3,19.6,18.6,1013.5,1013.6,1013.5,1.9,101,4.3,951.6,0.0
A765,05/10/2017,21,24.4,25.6,24.4,70,72,64,18.5,19.7,18.0,1013.8,1013.8,1013.5,0.9,166,3.3,368.7,0.0
A765,05/10/2017,22,22.9,24.4,22.9,84,84,70,20.1,20.2,18.4,1014.2,1014.2,1013.8,0.7,257,2.4,1.317,0.0
A765,05/10/2017,23,22.3,22.9,22.3,88,89,83,20.1,20.6,19.8,1014.9,1014.9,1014.2,0.6,251,1.6,-3.60,0.0
A765,05/10/2017,00,18.8,19.6,18.8,74,76,65,14.0,14.6,12.7,1018.1,1018.2,1017.8,0.8,293,2.0,-3.60,0.0
A765,05/10/2017,01,17.9,18.8,17.8,78,79,74,14.0,14.8,13.7,1018.1,1018.3,1018.1,0.9,277,1.7,-3.60,0.0
A765,05/10/2017,11,20.9,20.9,18.1,71,85,70,15.3,15.6,14.9,1017.5,1017.5,1017.1,1.1,288,2.5,1182.,0.0
A765,05/10/2017,02,17.2,18.2,17.2,80,80,73,13.7,14.3,13.1,1017.6,1018.1,1017.5,0.6,351,2.8,-3.60,0.0
A765,05/10/2017,03,16.8,18.2,16.8,82,82,70,13.6,14.3,12.5,1017.9,1017.9,1017.6,0.8,263,2.7,-3.60,0.0
A765,05/10/2017,04,16.8,16.9,16.3,89,89,82,14.9,15.0,13.8,1017.2,1017.9,1017.2,1.0,275,2.0,-3.60,0.0
A765,05/10/2017,05,16.9,17.0,16.5,85,89,85,14.4,15.1,14.2,1016.8,1017.2,1016.8,1.3,288,2.4,-3.60,0.0
A765,05/10/2017,12,23.5,24.0,20.9,57,70,56,14.5,15.8,14.2,1017.6,1017.8,1017.5,1.6,126,3.4,2018.,0.0
A765,05/10/2017,06,17.1,17.4,16.7,88,88,82,15.0,15.0,14.0,1015.9,1016.8,1015.9,1.0,292,2.4,-3.60,0.0
A765,05/10/2017,07,16.9,17.3,16.6,87,90,85,14.8,15.2,14.4,1016.1,1016.1,1015.8,1.0,257,2.3,-3.60,0.0
A765,05/10/2017,08,16.8,17.1,16.4,90,91,87,15.2,15.4,14.5,1016.4,1016.4,1016.1,1.1,297,2.4,-3.60,0.0
A765,05/10/2017,09,16.1,16.9,16.1,92,92,89,14.8,15.2,14.4,1016.9,1016.9,1016.4,0.9,240,2.0,0.500,0.0
A765,05/10/2017,13,24.7,25.4,23.5,51,58,47,14.0,15.0,12.2,1017.5,1017.6,1017.4,2.1,118,4.1,2751.,0.0
A765,05/10/2017,10,18.1,18.1,16.2,85,92,84,15.5,15.7,14.9,1017.2,1017.2,1016.9,1.2,229,2.5,338.7,0.0
A765,06/10/2017,23,25.0,25.2,24.9,82,85,81,21.7,22.5,21.7,1012.6,1013.1,1012.5,1.3,92,5.5,-2.70,0.0
A765,06/10/2017,00,21.4,22.3,21.4,90,90,87,19.8,20.2,19.7,1015.7,1015.7,1014.9,0.7,317,1.5,-3.60,0.0
A765,06/10/2017,01,21.1,21.5,21.1,91,92,90,19.6,20.0,19.6,1015.7,1015.8,1015.7,0.9,252,1.8,-3.60,0.0
A765,06/10/2017,03,20.4,20.5,20.2,93,93,92,19.3,19.3,19.0,1014.9,1015.6,1014.9,0.8,265,1.5,-3.59,0.0
A765,06/10/2017,02,20.4,21.4,20.4,92,92,90,19.1,19.8,19.1,1015.5,1015.8,1015.5,0.7,344,2.2,-3.60,0.0
A765,06/10/2017,04,20.3,20.4,20.1,94,94,93,19.3,19.4,19.0,1014.0,1014.9,1014.0,0.8,265,2.0,-3.58,0.0
A765,06/10/2017,05,20.0,20.3,20.0,93,94,93,18.9,19.2,18.8,1013.9,1014.0,1013.8,1.1,234,2.5,-3.49,0.0
A765,06/10/2017,06,20.3,20.6,19.9,93,94,93,19.1,19.5,18.8,1013.8,1014.1,1013.7,0.7,219,3.0,-3.54,0.0
A765,06/10/2017,07,20.0,20.3,19.8,93,93,92,18.8,19.1,18.6,1014.0,1014.0,1013.7,0.9,320,2.0,-3.55,0.0
A765,06/10/2017,08,20.5,20.5,19.9,94,94,93,19.6,19.6,18.8,1014.8,1014.8,1014.0,1.1,248,2.5,-3.55,0.0
A765,06/10/2017,09,19.7,20.6,19.7,94,94,93,18.7,19.6,18.6,1015.3,1015.3,1014.8,0.8,334,2.5,0.181,0.0
A765,06/10/2017,10,20.5,20.5,19.6,93,94,93,19.3,19.3,18.6,1015.5,1015.5,1015.3,0.4,331,1.9,228.7,0.0
A765,06/10/2017,11,23.3,23.3,20.5,82,93,82,20.1,20.3,19.4,1016.1,1016.1,1015.5,1.2,187,2.3,975.0,0.0
A765,06/10/2017,12,25.5,25.7,23.3,74,82,73,20.6,21.0,20.0,1016.0,1016.1,1015.9,1.9,114,3.3,1904.,0.0
A765,06/10/2017,13,26.0,26.1,24.6,73,80,72,20.8,21.3,20.5,1015.7,1016.0,1015.7,2.1,116,4.6,2404.,0.0
A765,06/10/2017,14,26.6,26.8,25.8,70,75,69,20.7,21.6,20.5,1015.0,1015.7,1015.0,2.1,106,4.0,2983.,0.0
A765,06/10/2017,15,28.1,28.8,26.4,63,74,58,20.3,21.5,19.4,1014.4,1015.0,1014.4,2.7,110,4.8,3376.,0.0
A765,06/10/2017,16,28.8,29.1,27.9,61,65,59,20.4,21.4,19.9,1013.8,1014.4,1013.8,2.0,126,4.8,3368.,0.0
A765,06/10/2017,17,28.3,30.1,28.2,67,68,55,21.6,21.8,19.2,1013.2,1013.8,1013.2,2.7,87,4.5,3097.,0.0
A765,06/10/2017,18,27.8,28.8,26.9,74,77,67,22.8,22.9,21.4,1012.3,1013.2,1012.3,2.9,111,5.1,2508.,0.0
A765,06/10/2017,19,27.6,28.3,27.0,67,77,65,20.8,23.1,20.8,1012.1,1012.3,1012.1,2.1,111,5.5,1787.,0.0
A765,06/10/2017,20,25.7,27.6,25.7,75,76,67,21.0,21.7,20.1,1011.9,1012.1,1011.5,0.8,61,5.1,465.1,0.0
A765,06/10/2017,21,25.7,26.0,25.4,78,80,75,21.6,21.7,21.0,1012.5,1012.5,1011.4,1.3,143,2.4,108.9,0.0
A765,06/10/2017,22,25.1,25.7,25.0,84,85,78,22.3,22.3,21.5,1012.6,1013.2,1012.5,3.0,77,5.5,0.239,0.0
A765,07/10/2017,19,22.6,24.3,22.5,86,86,75,20.1,20.3,19.3,1017.4,1017.4,1017.0,2.7,153,7.0,436.8,0.0
A765,07/10/2017,20,22.3,22.7,22.3,87,87,86,20.1,20.3,19.9,1018.0,1018.0,1017.4,1.8,125,5.2,100.0,0.0
A765,07/10/2017,21,21.5,22.4,21.5,92,92,86,20.2,20.3,19.9,1018.1,1018.1,1017.9,1.6,286,3.7,16.92,0.2
A765,07/10/2017,22,21.2,21.5,21.0,92,93,91,19.8,20.3,19.7,1018.0,1018.1,1017.9,1.3,301,2.3,-1.03,0.6
A765,07/10/2017,23,21.1,21.2,20.9,92,93,91,19.8,19.9,19.6,1018.1,1018.1,1017.9,0.8,320,2.2,-2.24,0.0
A765,07/10/2017,00,23.9,25.1,23.9,87,87,81,21.7,22.1,21.6,1012.8,1012.8,1012.4,0.9,344,3.3,-2.98,0.0
A765,07/10/2017,01,23.6,24.0,23.6,89,89,87,21.6,22.0,21.6,1013.6,1013.6,1012.8,0.7,187,2.1,-3.30,0.0
A765,07/10/2017,02,24.5,25.9,23.6,78,89,78,20.5,22.3,20.5,1017.4,1017.4,1013.6,7.7,247,20.9,-2.21,0.0
A765,07/10/2017,03,23.6,24.5,23.5,81,81,77,20.2,20.5,19.9,1019.2,1019.2,1017.3,2.9,229,20.9,0.173,0.0
A765,07/10/2017,04,23.4,23.7,23.4,82,82,81,20.2,20.3,20.1,1019.7,1019.8,1019.2,2.3,191,7.8,0.274,0.0
A765,07/10/2017,05,23.2,23.5,23.0,83,85,82,20.2,20.4,20.2,1019.5,1019.7,1019.4,2.1,193,7.2,-0.02,0.0
A765,07/10/2017,06,22.9,23.2,22.8,84,84,82,20.1,20.2,19.9,1018.5,1019.5,1018.4,0.7,286,5.4,-0.59,0.0
A765,07/10/2017,07,22.6,22.9,22.6,87,87,84,20.4,20.4,19.9,1017.0,1018.5,1016.8,1.1,18,3.4,-0.48,0.0
A765,07/10/2017,08,22.6,22.7,22.5,87,88,86,20.3,20.5,20.3,1016.9,1017.1,1016.6,0.9,4,2.8,-1.22,0.0
A765,07/10/2017,09,22.2,22.7,22.2,89,89,87,20.3,20.5,20.2,1016.5,1016.9,1016.5,0.9,236,2.1,-0.13,0.0
A765,07/10/2017,10,22.7,22.7,22.1,86,90,86,20.3,20.6,20.2,1018.2,1018.2,1016.5,2.7,215,6.8,79.66,0.0
A765,07/10/2017,11,22.8,22.9,22.7,85,86,84,20.1,20.2,19.9,1019.5,1019.5,1018.2,2.0,218,6.8,130.5,0.0
A765,07/10/2017,12,22.0,22.9,21.9,92,92,85,20.6,20.7,20.1,1019.4,1019.8,1019.4,1.7,218,5.5,173.6,0.8
A765,07/10/2017,13,21.9,22.2,21.9,91,92,91,20.4,20.8,20.4,1019.7,1019.8,1019.4,1.8,227,4.0,314.7,0.2
A765,07/10/2017,14,22.3,22.5,21.9,91,92,90,20.7,21.1,20.4,1019.0,1019.7,1019.0,0.9,260,4.2,557.0,0.8
A765,07/10/2017,15,22.9,23.0,22.3,91,92,90,21.3,21.5,20.5,1017.7,1018.9,1017.7,0.7,238,2.5,722.2,0.4
A765,07/10/2017,16,24.6,24.7,22.8,83,91,83,21.6,21.9,20.9,1017.1,1017.7,1017.1,1.6,140,3.1,1475.,0.0
A765,07/10/2017,17,24.3,25.6,24.2,81,84,77,20.9,22.1,20.6,1017.0,1017.1,1016.9,2.8,157,5.3,1942.,0.0
A765,07/10/2017,18,24.2,24.5,23.9,78,81,77,20.0,20.9,19.8,1017.0,1017.1,1017.0,2.2,130,5.5,979.9,0.0
A765,08/10/2017,10,20.9,21.1,20.6,94,96,94,20.0,20.4,19.9,1016.2,1016.3,1015.6,1.7,298,2.4,113.3,0.0
A765,08/10/2017,11,21.7,21.7,20.9,91,94,91,20.2,20.3,20.0,1016.2,1016.3,1015.7,0.8,296,2.4,344.2,0.0
A765,08/10/2017,12,22.6,23.0,21.7,87,91,85,20.2,20.8,20.1,1015.8,1016.2,1015.8,1.7,86,2.8,692.1,0.0
A765,08/10/2017,13,24.5,25.0,22.6,81,87,78,21.0,21.8,20.1,1015.1,1015.8,1015.0,2.7,108,4.5,1879.,0.0
A765,08/10/2017,14,23.5,25.3,23.5,84,84,77,20.5,21.5,20.3,1015.1,1015.3,1015.0,2.2,129,5.0,1817.,0.0
A765,08/10/2017,15,23.0,23.5,23.0,84,84,82,20.0,20.5,19.9,1015.2,1015.4,1015.1,1.9,177,4.7,433.6,0.0
A765,08/10/2017,16,22.6,23.4,22.6,85,85,83,19.9,20.5,19.9,1015.1,1015.2,1014.9,1.4,205,3.6,263.5,0.2
A765,08/10/2017,17,22.0,22.6,22.0,92,92,85,20.7,20.8,19.9,1013.8,1015.2,1013.8,1.3,29,3.6,137.6,0.4
A765,08/10/2017,18,21.7,22.0,21.5,93,94,92,20.6,20.7,20.4,1012.6,1013.8,1012.6,1.1,40,3.1,84.52,0.0
A765,08/10/2017,19,22.6,22.7,21.7,87,93,86,20.4,20.7,20.1,1012.3,1012.8,1012.3,0.7,21,3.0,466.6,0.0
A765,08/10/2017,20,23.2,23.3,22.5,86,88,84,20.7,20.7,20.1,1012.5,1012.6,1012.2,0.8,286,2.1,509.6,0.0
A765,08/10/2017,21,22.5,23.2,22.5,88,88,85,20.4,20.6,20.2,1012.8,1012.9,1012.5,0.6,38,2.0,145.0,0.0
A765,08/10/2017,22,22.1,22.5,22.1,92,92,88,20.7,20.8,20.3,1013.2,1013.2,1012.7,0.8,258,1.7,4.353,0.0
A765,08/10/2017,23,21.9,22.1,21.7,93,93,92,20.7,20.7,20.4,1013.3,1013.5,1013.2,0.9,332,1.9,-1.83,0.0
A765,08/10/2017,00,20.8,21.2,20.8,94,94,92,19.8,20.1,19.7,1018.5,1018.5,1018.0,1.1,335,1.9,-1.63,0.6
A765,08/10/2017,01,20.9,21.3,20.8,95,95,94,20.0,20.5,19.8,1018.5,1018.7,1018.5,0.8,294,2.0,-1.42,0.0
A765,08/10/2017,02,20.6,21.0,20.6,95,95,95,19.7,20.2,19.7,1018.2,1018.5,1018.2,0.8,255,1.8,-2.79,0.0
A765,08/10/2017,03,20.2,20.6,20.2,96,96,95,19.5,19.8,19.5,1017.2,1018.2,1017.2,0.7,291,1.6,-3.26,0.0
A765,08/10/2017,04,19.8,20.3,19.8,96,96,96,19.1,19.5,19.1,1016.9,1017.2,1016.9,0.3,125,1.6,-2.90,0.0
A765,08/10/2017,05,20.2,20.6,19.7,96,97,96,19.6,20.0,19.1,1016.5,1016.9,1016.5,0.9,258,2.4,-0.82,0.0
A765,08/10/2017,06,20.6,20.6,20.2,96,96,96,19.9,20.0,19.5,1015.5,1016.5,1015.2,0.9,291,2.4,-0.06,0.0
A765,08/10/2017,07,20.6,20.7,20.3,95,96,95,19.8,20.0,19.6,1015.1,1015.7,1014.7,1.0,310,3.5,-1.40,0.0
A765,08/10/2017,08,20.4,20.7,20.4,95,95,95,19.6,19.9,19.6,1015.3,1015.4,1014.8,0.5,169,2.0,-0.51,0.0
A765,08/10/2017,09,20.6,21.0,20.4,96,96,95,19.9,20.2,19.7,1015.7,1015.7,1015.3,0.7,260,1.9,4.113,0.0
A765,09/10/2017,04,20.2,20.3,20.0,96,96,96,19.6,19.7,19.3,1011.0,1011.9,1011.0,0.8,282,1.5,-3.23,0.0
A765,09/10/2017,05,20.4,20.4,19.8,96,96,96,19.8,19.8,19.2,1011.4,1011.4,1011.0,0.9,234,2.6,-3.03,0.0
A765,09/10/2017,06,20.2,20.4,20.1,96,96,96,19.6,19.8,19.4,1011.6,1011.6,1011.4,1.1,285,2.5,-2.78,0.0
A765,09/10/2017,07,20.2,20.4,20.0,96,97,96,19.5,19.8,19.4,1010.7,1011.6,1010.7,1.2,252,2.9,-2.15,0.0
A765,09/10/2017,08,20.7,20.7,19.9,96,97,96,20.1,20.1,19.3,1010.9,1011.0,1010.7,1.3,233,3.5,-1.70,0.0
A765,09/10/2017,09,20.1,20.9,19.8,96,96,96,19.4,20.3,19.2,1010.9,1011.0,1010.8,0.9,357,3.5,3.920,0.0
A765,09/10/2017,10,20.9,20.9,19.9,96,96,96,20.2,20.2,19.3,1011.8,1011.8,1010.7,1.2,226,2.8,324.7,0.0
A765,09/10/2017,11,23.2,23.4,20.9,85,96,85,20.5,21.2,20.2,1012.7,1012.7,1011.8,1.5,297,4.9,1014.,0.0
A765,09/10/2017,12,23.5,23.6,22.9,83,86,83,20.4,20.9,20.2,1013.7,1013.7,1012.7,1.1,20,4.1,1149.,0.0
A765,09/10/2017,13,24.1,24.5,23.2,82,86,80,20.7,21.3,20.4,1014.3,1014.3,1013.7,0.8,245,3.2,797.6,0.0
A765,09/10/2017,14,23.9,24.1,23.7,79,82,79,20.1,20.8,20.1,1015.0,1015.3,1014.3,2.7,248,6.5,421.8,0.0
A765,09/10/2017,15,24.0,24.0,23.4,80,82,79,20.2,20.4,20.0,1014.5,1015.1,1014.5,2.4,226,7.6,520.6,0.0
A765,09/10/2017,16,24.9,25.0,23.9,77,80,76,20.6,20.9,20.1,1013.5,1014.6,1013.5,1.3,230,5.1,1257.,0.0
A765,09/10/2017,17,25.1,25.2,24.5,78,80,75,20.9,21.2,20.2,1012.2,1013.5,1012.2,1.5,23,3.5,1640.,0.0
A765,09/10/2017,18,25.6,26.5,24.9,77,79,73,21.3,21.9,20.5,1011.0,1012.2,1011.0,3.0,111,4.9,2221.,0.0
A765,09/10/2017,19,24.4,26.1,24.2,83,83,75,21.3,21.7,20.8,1010.5,1011.0,1010.4,2.9,100,5.3,1363.,0.0
A765,09/10/2017,20,24.8,25.3,24.4,82,84,81,21.6,21.9,21.2,1010.8,1010.8,1010.3,2.4,119,4.8,779.8,0.0
A765,09/10/2017,21,23.8,24.8,23.8,87,87,82,21.5,21.8,21.4,1011.9,1011.9,1010.8,1.9,102,4.0,172.6,0.0
A765,09/10/2017,22,23.5,23.9,23.5,89,89,86,21.5,21.6,21.3,1012.5,1012.5,1011.9,1.3,124,3.8,5.170,0.0
A765,09/10/2017,23,23.2,23.5,23.2,90,90,89,21.4,21.5,21.3,1012.5,1012.8,1012.3,0.6,59,3.1,-3.58,0.0
A765,09/10/2017,00,21.4,21.9,21.2,94,94,93,20.5,20.7,20.2,1013.6,1013.7,1013.3,0.7,303,2.1,-3.54,0.0
A765,09/10/2017,01,20.9,21.4,20.9,95,95,94,20.1,20.5,20.1,1013.4,1013.7,1013.4,0.7,272,1.8,-3.14,0.0
A765,09/10/2017,02,20.5,20.9,20.5,95,96,95,19.7,20.2,19.7,1012.8,1013.4,1012.8,0.6,252,1.4,-3.22,0.0
A765,09/10/2017,03,20.1,20.5,20.1,96,96,95,19.4,19.7,19.4,1011.9,1012.8,1011.9,0.4,316,1.3,-3.34,0.0
A765,10/10/2017,02,21.9,22.4,21.9,95,95,94,21.0,21.4,21.0,1012.2,1012.7,1011.9,1.0,312,1.7,-3.22,0.0
A765,10/10/2017,03,21.5,21.9,21.5,95,96,95,20.7,21.0,20.7,1011.7,1012.2,1011.7,0.6,330,1.8,-3.34,0.0
A765,10/10/2017,04,21.0,21.5,20.9,96,96,95,20.3,20.7,20.2,1011.1,1011.7,1011.1,1.2,262,1.7,-3.28,0.0
A765,10/10/2017,05,20.7,21.1,20.6,96,96,96,20.0,20.4,19.9,1010.3,1011.1,1010.2,0.6,267,2.2,-2.98,0.0
A765,10/10/2017,06,20.6,20.8,20.4,96,96,96,19.9,20.2,19.8,1010.2,1010.3,1010.2,1.0,279,1.8,-3.23,0.0
A765,10/10/2017,07,20.2,20.6,20.1,96,96,96,19.6,20.0,19.5,1010.2,1010.2,1010.0,0.8,345,1.5,-2.92,0.0
A765,10/10/2017,08,20.4,20.4,20.1,96,96,96,19.7,19.8,19.5,1010.8,1010.9,1010.2,0.7,252,1.4,-2.53,0.0
A765,10/10/2017,09,20.5,20.6,20.2,96,96,96,19.9,20.0,19.6,1011.3,1011.3,1010.8,1.0,210,2.6,5.096,0.0
A765,10/10/2017,10,21.4,21.4,20.5,96,96,96,20.7,20.7,19.9,1011.7,1011.7,1011.3,0.6,281,2.2,298.2,0.0
A765,10/10/2017,11,23.8,23.9,21.4,89,96,89,21.9,22.2,20.7,1012.1,1012.2,1011.7,1.5,225,3.0,1034.,0.0
A765,10/10/2017,12,26.5,26.5,23.7,73,89,72,21.3,21.8,21.0,1012.4,1012.4,1012.0,1.3,201,3.4,1877.,0.0
A765,10/10/2017,13,26.5,27.2,26.1,77,80,71,22.1,22.6,21.0,1012.6,1012.7,1012.4,2.7,89,4.6,2589.,0.0
A765,10/10/2017,14,27.3,27.7,26.4,75,78,74,22.6,23.2,21.9,1012.6,1012.6,1012.6,2.1,127,5.3,3067.,0.2
A765,10/10/2017,16,27.5,28.5,27.0,71,75,70,21.8,22.8,21.8,1011.8,1012.3,1011.8,2.3,147,5.5,3303.,0.0
A765,10/10/2017,15,27.5,27.9,26.1,74,79,72,22.4,22.9,22.0,1012.3,1012.6,1012.3,2.2,147,4.9,3319.,0.0
A765,10/10/2017,17,27.4,28.2,27.1,72,75,71,21.9,22.6,21.7,1011.2,1011.8,1011.2,2.5,153,4.9,3027.,0.0
A765,10/10/2017,18,27.1,27.4,26.1,69,76,69,21.0,21.9,20.8,1011.4,1011.4,1011.1,3.4,152,7.5,2491.,0.0
A765,10/10/2017,19,28.0,28.4,27.0,64,70,61,20.6,21.3,19.6,1012.0,1012.0,1011.4,2.2,233,6.8,1335.,0.0
A765,10/10/2017,20,27.1,28.2,27.1,64,67,62,19.7,21.2,19.5,1012.6,1012.7,1011.9,1.6,228,5.4,976.9,0.0
A765,10/10/2017,21,25.3,27.2,25.3,74,74,63,20.3,20.4,19.6,1013.2,1013.2,1012.6,1.2,226,4.7,235.2,0.0
A765,10/10/2017,22,24.3,25.3,24.3,81,81,74,20.7,20.9,20.3,1013.7,1013.7,1013.2,1.4,248,3.8,4.962,0.0
A765,10/10/2017,23,23.8,24.4,23.6,86,88,80,21.4,21.6,20.7,1014.3,1014.3,1013.7,2.4,67,6.0,-2.28,0.0
A765,10/10/2017,00,22.5,23.3,22.5,94,94,90,21.4,21.7,21.4,1012.6,1012.7,1012.4,0.4,25,1.9,-3.53,0.0
A765,10/10/2017,01,22.3,22.5,22.3,94,94,94,21.3,21.6,21.3,1012.7,1013.1,1012.6,0.6,327,1.7,-3.04,0.0
A765,11/10/2017,03,22.2,22.6,22.1,92,92,91,20.7,21.3,20.6,1014.2,1015.1,1014.1,1.1,309,2.1,-2.82,0.0
A765,11/10/2017,05,21.6,21.8,21.5,92,93,92,20.2,20.5,20.2,1011.6,1012.7,1011.6,0.4,14,2.2,-2.13,0.0
A765,11/10/2017,06,21.4,21.7,21.3,92,93,92,19.9,20.4,19.9,1010.9,1011.6,1010.8,0.8,336,2.0,-1.53,0.0
A765,11/10/2017,07,21.4,21.6,21.3,93,93,91,20.2,20.4,19.8,1010.6,1011.0,1010.6,0.8,1,1.9,-1.00,0.0
A765,11/10/2017,23,23.8,24.2,23.8,84,84,83,21.0,21.2,20.9,1013.8,1013.8,1012.8,2.0,227,4.8,-0.40,0.0
A765,11/10/2017,08,21.4,21.6,21.3,93,93,92,20.2,20.4,20.1,1009.5,1010.6,1009.5,1.1,5,2.6,-2.08,0.0
A765,11/10/2017,00,23.7,23.9,23.5,89,89,86,21.7,21.8,21.3,1014.2,1014.5,1014.1,1.4,191,6.0,-1.83,0.0
A765,11/10/2017,09,21.4,21.4,21.2,94,94,93,20.4,20.5,20.1,1010.1,1010.1,1009.4,0.7,235,2.6,4.491,0.0
A765,11/10/2017,10,22.3,22.3,21.3,92,94,92,21.0,21.0,20.3,1011.2,1011.3,1010.1,1.0,360,2.8,257.9,0.0
A765,11/10/2017,11,24.0,24.9,22.3,83,92,82,21.0,21.8,20.8,1011.3,1011.5,1011.1,0.9,56,2.6,1041.,0.0
A765,11/10/2017,12,26.3,26.8,23.9,75,85,74,21.5,22.0,20.9,1011.7,1011.7,1011.2,2.2,162,4.0,1908.,0.0
A765,11/10/2017,13,25.8,27.0,25.7,79,80,75,21.8,22.8,21.4,1012.1,1012.1,1011.6,2.6,130,5.9,2220.,0.0
A765,11/10/2017,14,25.9,26.8,25.3,79,81,76,22.0,22.5,21.4,1011.7,1012.2,1011.7,3.1,108,6.7,3057.,0.0
A765,11/10/2017,15,27.5,27.7,25.9,74,79,73,22.5,22.8,21.6,1010.5,1011.7,1010.5,1.3,118,5.4,3399.,0.0
A765,11/10/2017,16,28.5,29.4,27.5,69,76,68,22.4,23.6,22.3,1010.1,1010.5,1010.1,2.8,105,4.5,3368.,0.0
A765,11/10/2017,17,27.9,28.6,26.9,73,76,69,22.6,23.1,21.9,1009.1,1010.1,1009.1,2.9,113,5.8,3098.,0.0
A765,11/10/2017,18,27.6,28.6,27.0,72,75,69,22.0,22.9,21.9,1008.4,1009.1,1008.3,3.3,117,6.0,2663.,0.0
A765,11/10/2017,19,26.4,29.5,26.4,78,78,67,22.1,23.1,21.8,1010.0,1010.0,1008.3,3.7,204,9.6,1818.,0.0
A765,11/10/2017,20,24.2,26.3,24.2,83,83,78,21.2,22.2,21.2,1011.1,1011.2,1010.0,3.0,218,8.9,322.8,0.0
A765,11/10/2017,21,24.2,24.4,24.1,82,84,82,21.1,21.4,20.9,1012.5,1012.5,1011.1,2.2,189,6.9,74.94,0.0
A765,11/10/2017,22,24.1,24.3,24.1,83,83,82,21.1,21.2,20.8,1012.9,1013.0,1012.5,1.5,194,4.2,2.726,0.0
A765,11/10/2017,01,23.0,23.7,23.0,91,91,89,21.5,21.7,21.3,1015.0,1015.0,1014.2,0.8,345,3.4,-3.31,0.0
A765,11/10/2017,02,22.6,23.0,22.5,92,92,91,21.2,21.5,21.1,1015.1,1015.2,1015.0,0.6,12,2.0,-3.52,0.0
A765,11/10/2017,04,21.7,22.3,21.7,92,93,92,20.4,20.9,20.4,1012.7,1014.2,1012.7,1.0,347,1.9,-3.20,0.0
A765,12/10/2017,01,22.9,23.7,22.9,90,90,85,21.3,21.3,21.0,1014.7,1014.9,1014.7,1.9,196,5.1,-0.38,0.0
A765,12/10/2017,02,22.6,23.0,22.6,93,93,90,21.5,21.5,21.3,1015.5,1015.5,1014.6,1.3,215,3.9,-1.02,0.0
A765,12/10/2017,03,22.7,22.7,22.5,94,94,93,21.7,21.8,21.5,1015.9,1016.1,1015.5,1.1,170,3.2,-1.70,0.0
A765,12/10/2017,04,22.8,22.9,22.7,91,94,91,21.4,21.8,21.3,1015.5,1016.0,1015.5,0.5,256,2.3,-3.18,0.0
A765,12/10/2017,05,22.8,22.9,22.8,92,92,91,21.3,21.4,21.3,1014.9,1015.5,1014.9,0.6,205,1.8,-3.08,0.0
A765,12/10/2017,00,23.7,23.9,23.7,85,85,84,21.0,21.2,20.9,1014.7,1014.7,1013.9,1.7,216,5.3,-0.31,0.0
A765,12/10/2017,06,22.8,22.9,22.7,92,92,91,21.4,21.5,21.2,1014.2,1014.9,1014.2,0.4,15,1.9,-2.67,0.0
A765,12/10/2017,07,22.1,22.7,22.0,94,95,92,21.2,21.5,21.0,1013.3,1014.2,1013.3,1.0,359,1.9,-3.57,0.0
A765,12/10/2017,08,21.4,22.2,21.4,95,95,94,20.6,21.2,20.6,1013.0,1013.3,1012.9,0.8,236,2.1,-3.52,0.0
A765,12/10/2017,09,21.1,21.6,21.0,96,96,95,20.4,20.8,20.2,1012.2,1013.0,1012.2,0.9,340,2.3,7.180,0.0
A765,12/10/2017,10,22.5,22.5,21.0,94,96,94,21.4,21.4,20.3,1011.2,1012.2,1011.2,1.0,205,2.3,375.2,0.0
A765,12/10/2017,11,24.6,25.1,22.5,83,94,78,21.4,22.0,21.0,1012.0,1012.0,1011.0,2.6,181,5.7,1055.,0.0
A765,12/10/2017,12,25.6,26.0,24.5,78,83,77,21.6,22.1,21.1,1013.3,1013.3,1012.0,2.7,107,6.0,1913.,0.0
A765,12/10/2017,13,25.0,26.1,25.0,79,81,76,21.2,22.2,20.9,1013.6,1013.6,1013.2,1.8,110,5.3,1729.,0.0
A765,12/10/2017,14,26.5,26.7,24.9,73,80,72,21.2,21.8,20.8,1013.2,1013.7,1013.2,2.8,112,5.0,1802.,0.0
A765,12/10/2017,15,26.2,26.5,25.5,72,77,71,20.7,21.8,20.6,1012.8,1013.2,1012.8,2.9,119,5.0,2063.,0.0
A765,12/10/2017,16,26.0,26.6,25.9,76,77,71,21.5,21.6,20.6,1012.7,1013.1,1012.7,2.4,114,5.3,1604.,0.0
A765,12/10/2017,17,25.5,26.1,25.3,78,81,75,21.3,22.1,21.2,1012.0,1012.7,1012.0,2.0,127,4.7,1357.,0.0
A765,12/10/2017,18,25.6,25.8,25.2,80,80,77,21.8,22.0,21.3,1011.5,1012.0,1011.5,2.8,162,4.4,1254.,0.0
A765,12/10/2017,19,25.0,26.2,25.0,81,81,77,21.6,22.1,21.4,1011.4,1011.5,1011.2,2.1,144,5.3,1526.,0.0
A765,12/10/2017,20,23.9,25.0,23.8,85,86,81,21.3,21.5,21.1,1011.9,1011.9,1011.4,2.3,107,5.9,305.5,0.0
A765,12/10/2017,21,23.3,23.9,23.2,88,88,85,21.2,21.4,21.1,1012.1,1012.1,1011.7,1.5,168,4.1,63.84,0.0
A765,12/10/2017,22,22.6,23.3,22.6,92,92,88,21.3,21.5,21.2,1013.9,1013.9,1012.1,1.4,227,3.7,0.982,0.0
A765,12/10/2017,23,22.2,22.6,22.1,94,94,92,21.2,21.4,21.1,1014.7,1014.8,1013.9,1.4,186,3.8,-1.63,0.2
A765,13/10/2017,21,24.3,24.7,24.3,84,85,82,21.5,21.6,21.3,1010.6,1010.6,1009.8,2.0,99,3.7,19.00,0.0
A765,13/10/2017,00,22.2,22.3,22.1,94,95,94,21.2,21.3,21.2,1015.0,1015.2,1014.7,1.1,189,2.8,-0.89,0.0
A765,13/10/2017,01,22.5,22.5,22.2,92,94,92,21.1,21.4,21.1,1015.1,1015.2,1015.0,0.7,155,2.2,-0.00,0.0
A765,13/10/2017,02,22.7,22.7,22.5,90,92,90,20.9,21.2,20.9,1014.8,1015.1,1014.8,0.5,211,2.1,0.223,0.0
A765,13/10/2017,03,22.6,22.7,22.5,92,92,90,21.2,21.3,20.9,1014.3,1014.8,1014.3,0.5,269,1.6,-0.26,0.0
A765,13/10/2017,04,22.5,22.6,22.4,92,93,92,21.2,21.3,21.0,1013.8,1014.4,1013.8,0.6,348,1.3,0.155,0.0
A765,13/10/2017,22,24.2,24.4,24.2,85,85,84,21.5,21.6,21.4,1010.8,1010.9,1010.6,1.1,49,3.4,1.978,0.0
A765,13/10/2017,05,22.3,22.6,22.3,93,93,92,21.0,21.3,21.0,1013.3,1013.8,1013.3,0.9,276,1.7,-0.67,0.0
A765,13/10/2017,06,22.3,22.4,22.2,92,93,92,21.1,21.2,21.0,1012.8,1013.3,1012.8,0.6,293,1.5,0.210,0.0
A765,13/10/2017,07,22.3,22.5,22.3,93,93,92,21.1,21.3,21.0,1012.4,1012.8,1012.4,0.6,296,1.3,-0.17,0.0
A765,13/10/2017,08,22.2,22.5,22.2,93,93,92,21.0,21.2,21.0,1012.9,1012.9,1012.3,0.7,235,1.6,0.331,0.0
A765,13/10/2017,09,22.4,22.4,22.2,93,93,93,21.2,21.3,21.0,1013.7,1013.7,1012.9,0.9,259,1.8,3.129,0.0
A765,13/10/2017,10,22.5,22.5,22.3,92,93,92,21.2,21.3,21.1,1014.3,1014.4,1013.7,0.8,333,1.9,107.7,0.0
A765,13/10/2017,11,23.2,23.2,22.4,87,92,87,21.0,21.2,20.8,1014.3,1014.4,1014.3,0.6,334,1.7,482.4,0.0
A765,13/10/2017,12,25.5,26.3,23.2,78,88,74,21.4,21.9,21.0,1014.0,1014.3,1014.0,1.9,116,3.5,1915.,0.0
A765,13/10/2017,13,24.9,25.8,24.8,79,80,76,21.0,21.9,21.0,1013.6,1014.0,1013.6,2.5,105,4.1,1189.,0.0
A765,13/10/2017,14,25.1,25.5,24.6,81,82,77,21.6,21.8,20.9,1012.8,1013.6,1012.8,2.1,121,4.1,1027.,0.0
A765,13/10/2017,15,25.2,25.3,24.7,79,82,79,21.2,21.6,21.2,1011.8,1012.8,1011.8,2.1,125,4.3,1127.,0.0
A765,13/10/2017,16,25.8,25.8,25.0,75,80,75,21.0,21.5,20.9,1010.8,1011.8,1010.8,2.2,112,3.7,1302.,0.0
A765,13/10/2017,17,25.8,25.9,25.3,77,78,73,21.5,21.5,20.5,1010.4,1010.8,1010.4,2.5,126,4.6,1268.,0.0
A765,13/10/2017,18,25.7,25.9,25.4,77,78,75,21.4,21.5,20.9,1009.8,1010.4,1009.8,2.4,110,4.9,1137.,0.0
A765,13/10/2017,19,24.9,25.7,24.7,80,81,76,21.2,21.5,21.1,1009.6,1009.9,1009.6,2.2,108,4.9,540.9,0.0
A765,13/10/2017,20,24.7,24.9,24.5,82,82,80,21.4,21.5,21.0,1009.9,1009.9,1009.3,1.6,125,4.4,203.2,0.0
A765,13/10/2017,23,24.0,24.3,23.9,87,87,85,21.6,21.7,21.5,1010.8,1010.8,1010.6,0.9,61,3.4,-0.03,0.0
A765,14/10/2017,09,22.6,22.9,22.5,94,94,93,21.6,21.8,21.5,1010.7,1010.8,1010.4,0.5,269,1.5,13.14,0.0
A765,14/10/2017,00,23.6,24.0,23.6,89,89,86,21.7,21.8,21.5,1011.3,1011.3,1010.8,0.8,10,2.3,-0.24,0.0
A765,14/10/2017,01,23.5,23.7,23.5,89,89,88,21.6,21.8,21.6,1010.6,1011.3,1010.6,1.0,354,2.1,-1.14,0.0
A765,14/10/2017,11,26.0,26.0,22.9,79,91,79,22.1,22.2,21.3,1011.1,1011.3,1011.0,0.8,110,2.4,946.1,0.0
A765,14/10/2017,10,22.9,22.9,22.4,91,94,91,21.4,21.6,21.4,1011.0,1011.0,1010.7,1.2,349,1.9,252.0,0.0
A765,14/10/2017,05,23.4,24.1,23.4,89,89,86,21.4,21.8,21.3,1011.8,1012.6,1011.7,1.2,209,5.3,-0.33,0.0
A765,14/10/2017,04,24.1,24.3,23.8,87,89,85,21.8,21.9,21.6,1012.6,1012.7,1012.0,1.5,213,8.9,0.351,0.0
A765,14/10/2017,06,23.3,23.4,23.2,91,91,89,21.7,21.8,21.4,1011.3,1011.8,1011.3,0.7,313,3.5,-1.52,0.0
A765,14/10/2017,07,22.9,23.3,22.9,92,92,91,21.6,21.8,21.6,1010.5,1011.3,1010.5,0.7,38,2.0,-2.22,0.0
A765,14/10/2017,02,23.2,23.5,23.2,90,91,89,21.4,21.7,21.4,1010.7,1010.8,1010.4,0.4,164,2.5,-2.45,0.0
A765,14/10/2017,08,22.8,23.0,22.7,93,93,92,21.6,21.8,21.5,1010.4,1010.7,1010.2,0.5,337,2.6,-1.92,0.0
A765,14/10/2017,03,23.8,23.8,23.0,89,91,89,21.9,21.9,21.4,1012.2,1012.3,1010.6,2.8,224,8.9,-0.93,0.0
A765,14/10/2017,14,26.7,27.9,26.1,79,80,74,22.8,23.1,22.2,1012.2,1012.2,1011.7,5.0,159,8.5,3182.,0.0
A765,14/10/2017,15,25.6,27.3,25.3,81,83,76,22.1,23.1,22.0,1012.6,1012.6,1012.2,3.0,143,8.5,1449.,0.0
A765,14/10/2017,16,25.3,26.2,25.1,82,83,79,22.0,22.5,21.7,1012.5,1012.6,1012.5,1.8,154,7.2,651.7,0.0
A765,14/10/2017,17,25.2,25.7,25.2,81,82,80,21.8,22.2,21.8,1012.2,1012.5,1012.1,3.2,159,6.3,726.2,0.0
A765,14/10/2017,18,25.2,25.8,24.9,79,83,77,21.2,21.9,21.0,1012.3,1012.3,1012.0,2.8,193,7.4,593.4,0.0
A765,14/10/2017,19,24.7,25.3,24.6,81,81,78,21.1,21.4,21.1,1013.2,1013.2,1012.3,2.0,182,6.6,212.7,0.0
A765,14/10/2017,20,24.4,24.7,24.4,80,81,78,20.8,21.1,20.6,1013.5,1013.6,1013.2,2.3,206,6.6,161.2,0.0
A765,14/10/2017,21,23.0,24.4,23.0,87,87,80,20.8,20.9,20.6,1014.4,1014.4,1013.5,1.8,234,7.5,31.42,0.0
A765,14/10/2017,22,22.4,23.0,22.3,93,93,87,21.2,21.5,20.8,1015.0,1015.0,1014.2,1.0,260,4.5,-0.64,1.2
A765,14/10/2017,12,27.1,27.1,25.3,78,83,77,22.9,22.9,21.5,1011.3,1011.4,1011.1,1.6,117,3.9,1968.,0.0
A765,14/10/2017,13,27.5,28.3,26.7,75,79,73,22.7,23.3,22.3,1011.7,1011.7,1011.3,2.7,129,4.3,2868.,0.0
A765,14/10/2017,23,22.1,22.4,22.1,92,93,91,20.7,21.2,20.7,1016.1,1016.1,1015.0,1.4,240,3.9,-1.23,0.6
A765,15/10/2017,22,19.2,19.8,19.2,93,93,90,18.0,18.5,17.9,1021.5,1021.5,1021.2,0.6,203,2.8,2.006,0.8
A765,15/10/2017,02,20.9,21.4,20.8,95,95,93,20.0,20.4,19.9,1018.2,1018.2,1017.7,1.5,250,4.5,-0.41,1.4
A765,15/10/2017,00,21.6,22.2,21.6,94,94,92,20.5,20.9,20.5,1017.1,1017.1,1016.1,1.7,236,4.5,-0.67,1.2
A765,15/10/2017,01,21.4,21.7,21.2,94,94,93,20.4,20.7,20.1,1017.7,1017.7,1017.1,1.2,264,5.6,-0.68,1.2
A765,15/10/2017,23,19.5,19.7,19.2,94,94,93,18.5,18.6,18.0,1022.2,1022.2,1021.5,1.9,322,3.5,-0.72,0.0
A765,15/10/2017,03,20.3,20.9,20.3,94,95,94,19.3,19.9,19.3,1017.9,1018.3,1017.9,1.6,184,6.5,0.040,2.8
A765,15/10/2017,04,20.0,20.6,20.0,94,94,92,19.0,19.4,18.9,1017.7,1017.9,1017.4,1.1,212,5.9,-0.66,2.2
A765,15/10/2017,05,20.2,20.2,19.8,95,95,94,19.3,19.3,18.8,1017.5,1017.8,1017.5,1.7,309,2.8,-0.37,0.8
A765,15/10/2017,06,20.2,20.5,20.0,92,95,91,18.9,19.4,18.6,1017.0,1017.5,1017.0,1.2,320,2.8,-0.85,0.6
A765,15/10/2017,07,19.9,20.3,19.7,93,94,92,18.7,19.2,18.6,1017.5,1017.5,1016.9,2.1,313,3.3,-0.26,0.8
A765,15/10/2017,08,20.1,20.2,19.7,90,94,89,18.3,18.9,18.3,1017.7,1017.7,1017.4,1.2,263,3.7,-0.23,0.0
A765,15/10/2017,09,19.7,20.5,19.6,92,93,88,18.4,18.8,18.0,1018.8,1018.8,1017.7,2.1,1,4.7,1.685,0.0
A765,15/10/2017,10,19.5,19.9,19.2,91,92,90,18.1,18.6,17.6,1019.6,1019.6,1018.8,1.1,323,4.3,52.53,0.6
A765,15/10/2017,11,19.9,20.0,19.4,91,92,90,18.4,18.5,17.9,1020.4,1020.4,1019.6,0.7,276,2.5,183.1,0.0
A765,15/10/2017,12,19.6,20.2,19.6,90,92,90,18.0,18.8,17.9,1020.9,1021.1,1020.4,0.6,272,4.8,363.2,0.6
A765,15/10/2017,13,19.9,20.0,19.5,92,94,90,18.6,18.9,18.1,1021.1,1021.1,1020.9,1.5,9,5.2,639.5,1.0
A765,15/10/2017,14,20.0,20.8,19.8,89,93,87,18.2,18.9,18.1,1021.4,1021.4,1021.0,1.7,67,3.9,892.0,0.8
A765,15/10/2017,15,20.5,20.9,19.7,88,93,83,18.4,19.1,17.9,1021.0,1021.5,1021.0,1.3,19,4.7,1053.,1.0
A765,15/10/2017,16,20.4,20.6,20.0,91,92,87,18.8,19.2,18.1,1020.8,1021.0,1020.7,0.7,16,3.4,831.9,1.6
A765,15/10/2017,17,19.7,20.6,19.6,92,92,88,18.3,19.0,17.9,1020.8,1020.8,1020.7,2.0,324,3.1,630.6,1.2
A765,15/10/2017,18,19.6,19.8,19.2,94,94,92,18.5,18.6,18.1,1020.9,1020.9,1020.6,1.0,339,4.3,316.7,3.4
A765,15/10/2017,19,19.9,20.2,19.5,91,94,89,18.4,18.8,18.0,1020.8,1020.9,1020.7,1.4,231,4.4,320.0,0.4
A765,15/10/2017,20,19.8,20.0,19.5,90,92,88,18.1,18.7,17.8,1020.9,1020.9,1020.6,1.3,320,5.3,128.3,1.2
A765,15/10/2017,21,19.8,20.0,19.5,90,92,90,18.2,18.6,18.0,1021.2,1021.2,1020.8,1.2,10,3.0,77.60,0.0
A765,16/10/2017,00,19.6,19.8,19.3,90,94,90,17.9,18.5,17.9,1022.6,1022.7,1022.2,2.0,292,3.8,-1.14,0.0
A765,16/10/2017,23,22.4,22.5,22.4,75,75,73,17.7,17.8,17.4,1021.7,1021.7,1021.0,4.5,90,8.2,-1.28,0.0
A765,16/10/2017,01,19.7,20.0,19.6,91,91,89,18.2,18.3,18.0,1022.6,1022.7,1022.6,0.7,331,3.5,-0.23,0.0
A765,16/10/2017,02,19.6,19.9,19.5,92,92,91,18.2,18.5,18.2,1022.2,1022.6,1022.2,1.2,336,2.3,-0.38,0.0
A765,16/10/2017,03,19.4,19.8,19.4,93,93,91,18.3,18.4,18.0,1021.7,1022.2,1021.7,0.7,151,2.3,-0.29,0.0
A765,16/10/2017,04,19.1,19.6,19.1,91,93,91,17.7,18.4,17.7,1021.5,1021.7,1021.5,1.5,7,3.4,-1.38,0.0
A765,16/10/2017,05,19.0,19.2,18.9,92,93,91,17.8,17.9,17.6,1020.6,1021.5,1020.6,0.2,103,3.4,-3.10,0.0
A765,16/10/2017,06,19.3,19.3,19.0,92,92,91,18.0,18.1,17.5,1020.3,1020.6,1020.3,0.7,258,1.9,-2.45,0.0
A765,16/10/2017,07,18.9,19.3,18.9,94,94,92,17.9,18.0,17.7,1020.4,1020.5,1020.2,1.6,196,3.5,-2.13,0.0
A765,16/10/2017,08,19.1,19.5,18.9,93,95,92,17.9,18.6,17.9,1020.7,1020.8,1020.4,0.4,188,3.5,-2.46,0.0
A765,16/10/2017,09,19.1,19.3,19.0,94,94,93,18.1,18.2,17.7,1021.3,1021.3,1020.7,1.0,282,2.0,8.551,0.0
A765,16/10/2017,10,19.6,19.9,19.0,94,94,93,18.5,18.8,18.0,1022.1,1022.1,1021.3,1.2,308,1.9,121.9,0.0
A765,16/10/2017,11,20.5,20.5,19.4,88,94,88,18.4,18.6,18.1,1022.7,1022.7,1022.1,0.4,247,1.7,336.1,0.0
A765,16/10/2017,12,21.2,21.2,20.5,86,89,85,18.7,19.1,18.4,1023.1,1023.1,1022.7,0.6,305,1.8,446.3,0.0
A765,16/10/2017,13,22.8,22.8,21.2,82,87,81,19.5,19.8,18.5,1023.1,1023.3,1023.1,0.9,104,3.8,751.8,0.2
A765,16/10/2017,14,22.8,24.5,22.8,78,81,74,18.8,20.5,18.7,1022.7,1023.1,1022.7,3.4,120,6.1,2661.,0.2
A765,16/10/2017,15,23.1,24.1,22.7,77,81,75,18.9,20.0,18.4,1022.1,1022.7,1022.1,3.0,118,6.5,1644.,0.0
A765,16/10/2017,16,23.1,23.3,22.8,77,81,76,18.9,19.6,18.6,1021.5,1022.1,1021.5,3.2,121,7.9,1610.,0.0
A765,16/10/2017,17,23.2,23.5,22.7,77,79,75,18.8,19.1,18.4,1020.8,1021.5,1020.8,2.8,109,6.4,777.8,0.0
A765,16/10/2017,18,22.9,23.3,22.9,73,77,73,17.9,18.8,17.9,1020.4,1020.8,1020.4,3.6,108,7.8,476.1,0.0
A765,16/10/2017,19,23.1,23.1,22.9,70,74,69,17.3,18.2,17.0,1020.3,1020.5,1020.3,3.7,81,7.8,258.1,0.0
A765,16/10/2017,20,22.9,23.1,22.8,71,71,69,17.3,17.4,17.0,1020.3,1020.3,1020.1,3.4,85,7.6,192.9,0.0
A765,16/10/2017,21,22.6,22.9,22.6,73,73,69,17.5,17.5,16.8,1020.7,1020.7,1020.2,3.5,93,7.8,50.72,0.0
A765,16/10/2017,22,22.4,22.7,22.4,75,75,71,17.7,17.8,17.1,1021.1,1021.1,1020.7,3.7,90,7.3,1.312,0.0
A765,17/10/2017,00,22.3,22.4,22.3,74,76,74,17.5,17.8,17.5,1022.1,1022.1,1021.7,4.2,96,8.2,-1.41,0.0
A765,17/10/2017,23,22.1,22.9,22.1,88,88,86,20.1,20.5,20.0,1018.2,1018.3,1017.9,1.5,232,2.7,-3.07,0.0
A765,17/10/2017,01,22.3,22.4,22.3,74,75,74,17.5,17.7,17.4,1022.2,1022.2,1022.1,4.4,93,7.7,-1.19,0.0
A765,17/10/2017,02,22.2,22.3,22.2,76,77,73,17.8,17.8,17.3,1022.1,1022.2,1022.1,4.2,93,8.4,-0.97,0.0
A765,17/10/2017,03,22.0,22.2,22.0,78,78,75,17.9,17.9,17.6,1021.8,1022.1,1021.8,3.9,95,8.3,-1.17,0.0
A765,17/10/2017,04,21.4,22.0,21.4,81,81,76,17.9,18.2,17.5,1020.9,1021.8,1020.9,1.2,33,7.1,-1.28,0.0
A765,17/10/2017,05,20.9,21.6,20.9,86,86,80,18.5,18.5,17.7,1020.4,1020.9,1020.4,0.7,356,3.5,-1.05,0.0
A765,17/10/2017,06,20.7,21.0,20.6,88,89,85,18.6,18.7,18.4,1019.9,1020.4,1019.9,1.3,340,2.1,-2.14,0.0
A765,17/10/2017,07,20.6,20.9,20.6,88,89,86,18.5,18.7,18.3,1020.0,1020.0,1019.8,0.6,339,2.1,-2.21,0.0
A765,17/10/2017,08,20.6,20.6,20.5,89,90,88,18.7,18.8,18.5,1020.4,1020.4,1020.0,0.7,340,1.6,-1.13,0.0
A765,17/10/2017,09,20.6,20.8,20.6,89,90,89,18.7,19.0,18.7,1021.0,1021.0,1020.4,0.9,332,1.6,8.903,0.0
A765,17/10/2017,10,22.0,22.0,20.6,82,90,82,18.8,19.2,18.7,1021.6,1021.6,1021.0,0.9,338,1.6,356.4,0.0
A765,17/10/2017,11,22.9,22.9,22.0,76,82,76,18.4,18.7,18.0,1022.1,1022.1,1021.6,0.8,22,2.0,667.4,0.0
A765,17/10/2017,12,24.0,24.0,22.8,73,76,72,18.8,18.9,18.0,1022.2,1022.2,1022.0,1.7,101,4.2,999.1,0.0
A765,17/10/2017,13,24.5,25.0,23.7,70,75,69,18.8,19.4,18.4,1021.9,1022.2,1021.9,2.4,100,4.7,1801.,0.0
A765,17/10/2017,14,24.9,25.6,24.3,70,74,69,18.9,20.0,18.8,1021.5,1021.9,1021.5,2.7,103,5.6,2135.,0.0
A765,17/10/2017,15,24.6,25.1,24.5,71,74,69,19.0,19.8,18.7,1020.7,1021.5,1020.7,3.1,118,6.2,1330.,0.0
A765,17/10/2017,16,24.4,24.9,24.1,75,77,71,19.7,20.0,18.9,1019.8,1020.7,1019.8,2.4,127,6.3,1268.,0.0
A765,17/10/2017,17,24.2,24.5,24.0,75,78,74,19.5,20.0,19.3,1018.9,1019.8,1018.9,2.1,135,5.6,790.9,0.0
A765,17/10/2017,18,24.2,24.3,23.9,76,78,75,19.8,20.1,19.4,1018.3,1018.9,1018.3,1.8,135,4.9,737.8,0.0
A765,17/10/2017,19,24.7,25.1,24.2,75,78,74,20.0,20.6,19.7,1017.7,1018.3,1017.7,2.2,128,4.6,1079.,0.0
A765,17/10/2017,20,24.4,24.9,24.1,75,78,75,19.7,20.4,19.7,1017.4,1017.7,1017.3,2.1,142,4.6,673.8,0.0
A765,17/10/2017,21,23.5,24.4,23.5,81,81,75,20.0,20.2,19.7,1017.8,1017.8,1017.4,0.8,217,3.5,179.5,0.0
A765,17/10/2017,22,22.9,23.5,22.8,87,87,81,20.5,20.8,19.9,1017.9,1018.0,1017.8,1.6,273,2.8,11.64,0.0
A765,18/10/2017,00,21.6,22.1,21.6,91,91,88,20.2,20.2,20.0,1018.6,1018.7,1018.2,1.5,227,2.9,-3.60,0.0
A765,18/10/2017,01,21.2,21.6,21.2,92,92,91,20.0,20.1,20.0,1018.5,1018.7,1018.5,1.0,233,2.9,-3.59,0.0
A765,18/10/2017,02,20.7,21.3,20.7,94,94,92,19.7,20.1,19.7,1018.1,1018.5,1018.1,0.6,328,2.3,-3.56,0.0
A765,18/10/2017,23,22.8,23.8,22.8,92,92,87,21.5,21.7,21.5,1012.7,1012.7,1012.1,0.6,260,1.7,-3.59,0.0
A765,18/10/2017,22,23.8,24.8,23.8,87,87,81,21.6,21.6,21.2,1012.1,1012.1,1012.0,0.3,245,2.6,14.99,0.0
A765,18/10/2017,03,20.2,20.7,20.2,95,95,94,19.3,19.8,19.2,1018.0,1018.1,1017.9,0.7,316,1.8,-3.56,0.0
A765,18/10/2017,04,20.1,20.5,19.9,95,95,94,19.3,19.7,19.0,1017.4,1018.0,1017.4,0.6,280,1.5,-3.58,0.0
A765,18/10/2017,05,19.9,20.3,19.7,95,95,95,19.1,19.5,18.9,1016.9,1017.4,1016.9,0.9,243,2.4,-3.54,0.0
A765,18/10/2017,06,19.6,20.4,19.6,95,95,95,18.8,19.6,18.8,1016.4,1016.9,1016.4,1.1,325,2.7,-3.47,0.0
A765,18/10/2017,09,19.4,19.4,18.9,96,96,95,18.7,18.7,18.1,1017.6,1017.6,1017.1,0.7,270,1.7,11.55,0.0
A765,18/10/2017,08,19.2,19.8,19.1,96,96,95,18.5,19.1,18.4,1017.1,1017.1,1016.3,0.6,1,1.2,-3.56,0.0
A765,18/10/2017,07,19.5,19.7,19.4,95,96,95,18.8,19.0,18.5,1016.3,1016.4,1016.3,0.5,300,2.0,-3.57,0.0
A765,18/10/2017,10,20.2,20.2,19.0,95,96,95,19.4,19.4,18.3,1017.8,1017.9,1017.6,0.4,251,1.6,315.3,0.0
A765,18/10/2017,11,22.5,22.5,20.2,83,95,83,19.5,20.5,19.2,1017.8,1018.0,1017.8,0.7,332,1.5,1294.,0.0
A765,18/10/2017,12,24.7,25.0,22.5,75,83,73,19.9,20.4,19.3,1017.7,1017.9,1017.7,1.5,119,3.2,2131.,0.0
A765,18/10/2017,13,25.9,25.9,24.4,73,78,72,20.7,20.9,19.8,1017.4,1017.8,1017.4,2.3,118,4.6,2840.,0.0
A765,18/10/2017,14,26.0,26.3,25.2,71,75,71,20.4,21.1,19.8,1016.5,1017.4,1016.5,2.8,117,5.5,3318.,0.0
A765,18/10/2017,15,26.3,26.7,25.8,72,75,70,20.8,21.4,20.3,1015.7,1016.5,1015.7,3.6,115,5.9,3609.,0.0
A765,18/10/2017,16,27.0,27.2,25.5,70,76,67,21.0,21.5,20.4,1014.9,1015.7,1014.9,3.4,118,6.2,3604.,0.0
A765,18/10/2017,17,26.8,27.4,26.1,74,75,68,21.9,22.1,20.5,1013.7,1014.9,1013.7,3.1,111,6.5,3305.,0.0
A765,18/10/2017,18,25.9,27.0,25.9,74,74,70,20.8,21.6,20.6,1012.6,1013.7,1012.6,3.1,107,6.0,2764.,0.0
A765,18/10/2017,19,26.2,26.7,25.7,76,78,73,21.6,21.8,20.6,1011.9,1012.6,1011.8,3.0,110,5.3,2062.,0.0
A765,18/10/2017,20,25.5,26.2,25.2,78,79,75,21.3,21.7,21.0,1012.0,1012.1,1011.9,2.6,115,5.3,1192.,0.0
A765,18/10/2017,21,24.8,25.5,24.7,81,81,77,21.2,21.5,21.1,1012.0,1012.1,1011.9,1.4,92,4.1,352.9,0.0
A765,19/10/2017,22,28.5,30.4,27.5,57,76,50,19.1,23.0,18.6,1011.0,1011.1,1007.7,4.8,254,21.2,4.784,0.0
A765,19/10/2017,23,25.6,28.5,25.6,74,74,56,20.7,20.8,18.8,1012.8,1012.8,1011.1,3.8,234,14.0,-3.08,0.0
A765,19/10/2017,00,22.4,22.9,22.3,94,94,92,21.4,21.7,21.2,1012.9,1012.9,1012.7,0.5,294,1.7,-3.58,0.0
A765,19/10/2017,01,21.7,22.4,21.6,94,94,94,20.7,21.3,20.6,1012.5,1013.0,1012.5,0.7,262,1.6,-3.59,0.0
A765,19/10/2017,02,21.6,21.8,21.5,95,95,94,20.8,20.9,20.6,1012.2,1012.6,1012.2,0.8,278,2.0,-3.55,0.0
A765,19/10/2017,03,21.0,21.7,20.9,95,95,95,20.2,20.9,20.1,1011.4,1012.2,1011.4,0.7,348,1.7,-3.50,0.0
A765,19/10/2017,04,20.8,21.1,20.6,95,95,95,19.9,20.3,19.8,1010.9,1011.4,1010.8,0.7,160,1.7,-3.58,0.0
A765,19/10/2017,05,21.5,21.5,20.7,95,96,95,20.7,20.7,19.9,1009.8,1010.9,1009.8,1.1,213,3.4,-3.52,0.0
A765,19/10/2017,06,22.3,22.6,21.5,91,95,91,20.8,21.3,20.6,1008.9,1010.0,1008.8,2.2,163,4.7,-3.56,0.0
A765,19/10/2017,07,24.6,25.3,22.0,74,91,69,19.7,20.9,19.3,1008.7,1009.1,1008.3,2.1,298,5.8,-3.60,0.0
A765,19/10/2017,08,22.1,24.8,22.0,92,92,72,20.7,20.7,19.1,1008.9,1009.1,1008.5,1.7,217,6.9,-3.60,0.0
A765,19/10/2017,09,24.6,24.6,22.0,66,93,66,17.7,21.0,17.7,1009.3,1009.4,1008.9,1.7,164,5.3,10.62,0.0
A765,19/10/2017,10,29.8,30.2,23.7,37,72,35,13.4,18.4,12.9,1009.7,1009.7,1009.1,3.3,358,10.0,311.3,0.0
A765,19/10/2017,11,30.3,30.7,28.9,41,42,34,15.5,15.7,12.8,1010.2,1010.3,1009.7,2.0,90,8.5,1156.,0.0
A765,19/10/2017,12,31.3,31.4,30.2,36,44,34,14.3,16.4,13.4,1010.3,1010.4,1010.1,2.7,359,7.9,1912.,0.0
A765,19/10/2017,13,33.2,33.5,31.2,////,37,33,////,15.3,13.7,1010.2,1010.5,1010.1,2.3,28,7.4,2686.,0.0
A765,19/10/2017,14,34.9,35.7,33.0,////,////,////,////,////,////,1010.0,1010.4,1009.8,2.6,65,7.7,3200.,0.0
A765,19/10/2017,15,34.7,36.2,33.5,////,////,////,////,////,////,1009.5,1010.0,1009.5,3.3,134,6.3,3511.,0.0
A765,19/10/2017,17,29.7,34.2,29.2,61,////,////,21.4,////,////,1008.1,1008.7,1008.1,3.1,93,6.9,2855.,0.0
A765,19/10/2017,16,33.4,35.5,33.1,////,////,////,////,////,////,1008.7,1009.6,1008.7,3.0,138,5.8,2824.,0.0
A765,19/10/2017,18,31.0,31.5,29.4,53,63,52,20.4,21.8,20.1,1007.3,1008.1,1007.3,2.4,100,5.8,2458.,0.0
A765,19/10/2017,19,31.0,31.7,30.4,49,54,46,19.0,20.5,18.3,1007.2,1007.3,1007.1,2.0,142,5.0,1736.,0.0
A765,19/10/2017,20,32.1,32.9,31.0,45,49,39,18.5,////,////,1007.6,1007.6,1007.2,1.0,58,3.4,1142.,0.0
A765,19/10/2017,21,29.7,32.3,29.7,61,62,42,21.3,21.6,17.5,1007.7,1007.7,1007.5,1.7,305,3.3,365.5,0.0
A765,20/10/2017,00,26.3,26.3,25.6,60,74,60,18.0,20.6,17.9,1013.6,1013.6,1012.8,3.5,254,13.7,-3.31,0.0
A765,20/10/2017,01,26.5,26.9,26.3,54,60,53,16.5,18.0,16.4,1013.8,1013.8,1013.5,1.3,261,10.5,-3.57,0.0
A765,20/10/2017,02,24.2,26.6,24.2,74,74,53,19.3,19.3,16.3,1013.1,1013.9,1013.1,0.6,332,3.4,-3.60,0.0
A765,20/10/2017,21,22.0,22.3,21.9,93,93,92,20.7,21.0,20.6,1016.2,1016.2,1015.4,1.1,320,2.2,7.167,0.0
A765,20/10/2017,23,21.8,22.1,21.8,94,94,93,20.8,21.0,20.8,1016.8,1016.8,1016.5,1.2,303,1.8,-2.01,0.0
A765,20/10/2017,22,22.0,22.1,21.9,94,94,93,20.9,21.0,20.7,1016.5,1016.6,1016.2,1.0,331,1.8,-1.32,0.2
A765,20/10/2017,03,23.2,24.4,23.1,82,82,73,19.8,20.1,19.2,1011.8,1013.2,1011.8,0.3,276,1.9,-3.60,0.0
A765,20/10/2017,04,22.4,23.2,22.3,84,86,81,19.6,20.3,19.3,1011.0,1011.8,1011.0,0.4,10,1.6,-3.38,0.0
A765,20/10/2017,05,22.7,22.7,22.3,85,86,83,20.0,20.0,19.4,1010.8,1011.0,1010.6,1.6,218,3.3,-1.27,0.0
A765,20/10/2017,06,24.1,24.3,22.7,77,85,69,19.7,20.0,18.2,1012.0,1012.1,1010.8,2.3,245,7.9,-3.13,0.0
A765,20/10/2017,07,24.0,24.3,23.9,74,78,74,19.1,19.9,19.1,1012.9,1012.9,1012.0,3.1,241,7.3,-3.50,0.0
A765,20/10/2017,08,23.6,24.0,23.6,77,77,74,19.3,19.4,19.0,1013.7,1013.7,1012.9,1.6,231,7.0,-2.84,0.0
A765,20/10/2017,09,23.4,23.7,23.3,81,81,77,19.9,19.9,19.3,1014.3,1014.3,1013.7,1.3,198,5.1,15.78,0.0
A765,20/10/2017,10,23.7,23.7,23.4,81,81,80,20.2,20.2,19.8,1015.4,1015.4,1014.3,1.6,208,4.0,185.1,0.0
A765,20/10/2017,11,24.3,24.3,23.4,80,84,80,20.7,20.9,20.2,1016.2,1016.2,1015.4,1.1,208,4.3,528.0,0.0
A765,20/10/2017,12,24.8,25.0,24.2,75,80,75,20.1,20.6,20.0,1016.8,1016.9,1016.2,2.0,238,4.9,1164.,0.0
A765,20/10/2017,13,25.5,26.1,24.5,69,77,69,19.5,20.7,19.4,1016.6,1016.8,1016.6,1.8,186,4.8,1545.,0.0
A765,20/10/2017,14,25.6,26.2,25.0,72,74,69,20.1,20.7,19.4,1016.2,1016.6,1016.2,2.1,167,4.8,1407.,0.0
A765,20/10/2017,16,24.4,26.2,24.4,74,74,69,19.6,20.4,19.6,1015.5,1016.1,1015.5,3.1,159,6.6,1273.,0.0
A765,20/10/2017,15,25.2,26.2,25.2,72,74,70,19.8,20.8,19.7,1016.1,1016.2,1016.0,4.2,151,6.6,2508.,0.0
A765,20/10/2017,17,23.9,24.4,23.9,78,78,74,19.7,19.9,19.5,1015.2,1015.5,1015.2,1.7,173,5.6,371.9,0.0
A765,20/10/2017,18,23.7,24.0,23.6,80,80,77,20.0,20.0,19.5,1015.2,1015.2,1015.1,1.1,214,3.9,192.8,0.0
A765,20/10/2017,19,22.4,23.7,22.4,90,90,80,20.6,20.7,20.0,1014.8,1015.2,1014.8,0.8,32,2.9,92.66,0.0
A765,20/10/2017,20,22.1,22.4,21.9,93,93,90,20.9,20.9,20.5,1015.4,1015.4,1014.8,0.9,324,2.0,25.15,0.0
A765,21/10/2017,21,23.7,24.1,23.7,91,91,87,22.1,22.1,21.8,1010.3,1010.5,1010.2,0.6,23,1.8,24.35,0.0
A765,21/10/2017,00,21.6,21.9,21.6,94,94,94,20.6,20.9,20.6,1017.2,1017.2,1016.8,0.7,303,1.8,-2.21,0.0
A765,21/10/2017,01,21.7,21.8,21.5,94,95,94,20.7,20.8,20.6,1016.6,1017.2,1016.6,0.9,357,1.6,-1.84,0.4
A765,21/10/2017,02,21.3,21.8,21.3,94,95,94,20.4,20.9,20.4,1016.3,1016.6,1016.3,0.6,257,1.9,-1.91,0.0
A765,21/10/2017,23,23.6,23.6,22.8,90,92,90,21.9,21.9,21.3,1010.8,1010.8,1010.4,1.6,219,3.9,-1.98,0.0
A765,21/10/2017,03,21.2,21.6,21.2,95,95,94,20.3,20.7,20.3,1015.9,1016.3,1015.9,0.8,246,1.9,-1.90,0.0
A765,21/10/2017,04,21.5,21.6,21.1,95,95,95,20.6,20.8,20.3,1015.8,1015.9,1015.8,1.0,270,2.0,-1.52,0.0
A765,21/10/2017,05,21.3,21.5,21.1,95,95,95,20.5,20.7,20.3,1015.6,1015.9,1015.5,1.2,221,2.6,-1.24,0.2
A765,21/10/2017,06,21.2,21.5,21.2,95,95,95,20.4,20.7,20.4,1015.3,1015.6,1015.1,0.6,21,2.5,-1.29,0.8
A765,21/10/2017,07,21.2,21.2,21.0,95,95,95,20.4,20.4,20.3,1015.4,1015.4,1015.2,0.8,206,2.1,-1.27,0.0
A765,21/10/2017,08,21.3,21.4,21.2,95,96,95,20.6,20.7,20.4,1014.7,1015.4,1014.7,1.1,302,1.6,-1.17,0.0
A765,21/10/2017,09,21.0,21.3,20.9,94,95,94,20.1,20.5,20.1,1014.9,1015.1,1014.7,1.0,280,2.9,21.42,0.0
A765,21/10/2017,10,21.5,21.5,21.0,95,95,94,20.6,20.7,20.1,1015.3,1015.3,1014.9,0.4,1,1.8,105.3,0.0
A765,21/10/2017,11,21.7,21.7,21.1,93,95,93,20.5,20.8,20.2,1015.9,1016.3,1015.3,0.6,22,2.5,226.3,0.0
A765,21/10/2017,12,22.5,22.5,21.7,88,93,88,20.4,20.8,20.0,1015.8,1016.1,1015.8,1.1,30,2.4,462.1,0.0
A765,21/10/2017,13,24.1,24.3,22.5,82,88,82,21.0,21.4,20.3,1015.2,1015.9,1015.2,0.8,38,2.7,1162.,0.0
A765,21/10/2017,14,24.0,25.0,24.0,84,85,81,21.2,21.8,20.8,1014.3,1015.2,1014.3,1.9,115,3.8,1203.,0.0
A765,21/10/2017,15,24.7,24.7,23.9,84,86,83,21.8,21.8,21.1,1013.5,1014.3,1013.5,1.6,97,3.6,864.3,0.0
A765,21/10/2017,16,25.1,25.3,24.7,82,84,80,21.9,22.0,21.4,1012.7,1013.5,1012.7,1.3,132,2.9,1054.,0.0
A765,21/10/2017,17,25.7,25.9,25.0,80,82,79,22.1,22.3,21.5,1011.9,1012.7,1011.9,1.1,112,2.6,724.4,0.2
A765,21/10/2017,18,24.1,25.7,24.0,88,88,80,22.0,22.1,21.6,1011.3,1011.9,1011.2,1.3,118,3.7,238.1,0.0
A765,21/10/2017,20,24.1,24.3,24.1,87,87,85,21.8,21.9,21.5,1010.4,1010.9,1010.2,0.8,2,2.7,105.3,0.0
A765,21/10/2017,22,23.2,23.7,23.2,92,93,91,21.8,22.3,21.8,1010.5,1010.6,1010.3,0.7,317,2.1,0.491,0.0
A765,21/10/2017,19,24.1,24.2,24.0,86,88,83,21.6,22.0,21.2,1010.8,1011.3,1010.7,0.9,148,3.2,127.7,0.0
A765,22/10/2017,22,21.8,22.2,21.8,95,95,95,21.0,21.3,21.0,1015.0,1015.0,1014.5,0.9,241,1.7,1.466,0.0
A765,22/10/2017,00,22.6,23.8,22.6,87,90,87,20.4,22.0,20.4,1010.9,1011.1,1010.8,1.5,335,3.9,-3.18,0.0
A765,22/10/2017,01,22.5,22.6,22.4,89,89,87,20.7,20.7,20.3,1010.9,1011.1,1010.8,0.3,337,2.4,-1.55,0.0
A765,22/10/2017,02,22.5,22.7,22.3,91,92,89,20.9,21.1,20.6,1012.0,1012.0,1010.9,0.5,296,1.7,-1.06,0.0
A765,22/10/2017,03,23.5,23.7,22.5,84,91,83,20.6,20.9,20.3,1012.5,1012.6,1012.0,1.9,344,6.4,-3.30,0.0
A765,22/10/2017,17,23.2,23.3,22.6,87,89,85,20.9,21.1,20.3,1013.6,1013.6,1013.1,1.0,226,2.6,419.3,0.0
A765,22/10/2017,19,22.7,23.2,22.6,92,92,85,21.2,21.3,20.7,1013.3,1013.6,1013.3,0.5,46,1.8,168.5,1.0
A765,22/10/2017,18,23.2,23.4,23.0,85,89,85,20.6,21.4,20.6,1013.6,1014.1,1013.6,0.6,251,2.7,424.2,0.2
A765,22/10/2017,20,22.2,22.7,22.2,94,94,92,21.2,21.4,21.2,1014.3,1014.3,1013.3,0.7,224,1.9,116.8,1.4
A765,22/10/2017,23,21.4,21.9,21.3,95,95,95,20.5,21.1,20.5,1015.6,1015.6,1014.8,1.0,286,2.6,-0.24,0.2
A765,22/10/2017,04,22.7,23.5,22.7,87,88,84,20.4,20.9,20.3,1011.8,1012.6,1011.8,1.3,311,5.3,-1.20,0.0
A765,22/10/2017,05,22.5,23.3,22.2,89,90,86,20.5,20.9,20.2,1011.1,1011.8,1011.1,1.8,320,3.4,-1.00,0.0
A765,22/10/2017,06,22.2,22.5,22.0,90,91,89,20.5,20.7,20.2,1010.5,1011.1,1010.5,0.7,354,2.7,-0.98,0.0
A765,22/10/2017,07,22.1,22.4,22.0,90,90,88,20.4,20.5,20.0,1010.1,1010.5,1010.1,1.0,231,3.7,-0.82,0.0
A765,22/10/2017,21,22.2,22.3,22.1,95,95,94,21.3,21.4,21.2,1014.5,1014.5,1014.1,1.2,321,1.6,65.73,0.6
A765,22/10/2017,08,22.7,22.7,22.1,85,90,85,20.1,20.6,20.1,1010.4,1010.4,1009.9,0.9,189,2.4,-0.62,0.0
A765,22/10/2017,09,24.9,24.9,22.7,68,86,68,18.5,20.2,18.5,1011.3,1011.3,1010.4,1.7,82,3.0,3.661,0.0
A765,22/10/2017,10,24.4,25.5,23.9,73,76,64,19.2,19.8,18.2,1012.9,1012.9,1011.3,1.1,57,3.0,29.89,0.0
A765,22/10/2017,11,28.3,28.3,24.4,52,73,51,17.4,19.5,17.3,1013.4,1013.5,1012.9,3.3,310,6.8,93.23,0.0
A765,22/10/2017,12,27.4,28.5,27.4,57,57,50,18.0,18.0,17.1,1013.6,1013.6,1013.4,2.4,352,8.7,109.5,0.0
A765,22/10/2017,13,26.9,27.4,25.9,59,66,56,18.1,19.2,17.4,1014.2,1014.2,1013.6,1.5,349,4.9,180.1,0.0
A765,22/10/2017,14,26.1,26.8,26.0,66,66,58,19.2,19.2,17.8,1014.7,1014.7,1014.1,0.9,123,6.4,268.7,0.0
A765,22/10/2017,16,22.6,22.8,22.5,89,89,86,20.7,20.7,20.3,1013.1,1014.4,1013.0,1.1,220,5.7,333.8,0.0
A765,22/10/2017,15,22.6,26.1,22.6,88,88,66,20.4,20.5,19.1,1014.4,1015.2,1014.4,2.4,205,7.2,406.2,0.2
A765,23/10/2017,22,18.3,18.4,17.8,90,93,90,16.6,16.8,16.3,1020.8,1020.8,1020.5,1.1,320,4.0,6.628,0.0
A765,23/10/2017,00,21.2,21.6,21.2,95,95,94,20.3,20.7,20.3,1015.9,1016.2,1015.5,1.0,242,1.9,-0.78,0.2
A765,23/10/2017,01,21.0,21.5,21.0,95,95,95,20.2,20.7,20.2,1016.5,1016.6,1015.9,1.0,312,3.1,-1.25,0.0
A765,23/10/2017,08,19.2,19.9,19.2,93,95,93,18.1,19.0,18.1,1017.4,1017.4,1016.1,2.7,173,9.3,0.437,8.2
A765,23/10/2017,23,18.0,18.4,17.9,90,91,89,16.3,16.7,16.0,1021.3,1021.3,1020.7,1.3,317,2.7,1.671,0.0
A765,23/10/2017,02,20.9,21.1,20.8,95,95,95,20.1,20.2,19.9,1016.3,1016.7,1016.3,1.1,288,1.9,-0.75,0.0
A765,23/10/2017,03,20.9,21.0,20.7,95,95,95,20.1,20.1,19.8,1016.1,1016.4,1016.1,0.4,266,1.8,-0.19,0.0
A765,23/10/2017,04,20.8,21.0,20.7,95,95,95,19.9,20.2,19.9,1015.9,1016.5,1015.8,0.7,194,2.0,-0.02,0.0
A765,23/10/2017,05,21.0,21.1,20.8,95,95,95,20.2,20.2,19.9,1015.3,1015.9,1015.1,0.4,331,1.4,-0.19,0.0
A765,23/10/2017,09,18.7,19.2,18.7,93,94,93,17.6,18.1,17.5,1018.5,1018.5,1017.4,3.2,169,7.3,3.766,5.0
A765,23/10/2017,06,21.0,21.2,20.8,95,95,95,20.3,20.4,20.0,1015.5,1015.5,1015.2,1.2,318,1.5,0.193,0.2
A765,23/10/2017,07,19.8,21.1,19.8,95,96,95,18.9,20.3,18.9,1016.1,1016.2,1015.5,3.6,146,10.3,1.026,4.4
A765,23/10/2017,10,18.7,18.9,18.6,94,94,93,17.6,17.8,17.6,1019.6,1019.6,1018.5,3.2,161,7.9,38.09,2.2
A765,23/10/2017,11,18.4,18.7,18.3,93,94,93,17.2,17.6,17.1,1020.7,1020.7,1019.6,2.2,192,9.7,168.1,2.8
A765,23/10/2017,12,18.4,18.4,18.1,93,93,92,17.2,17.2,16.9,1021.4,1021.4,1020.6,1.4,174,5.9,296.3,0.8
A765,23/10/2017,13,18.6,18.8,18.2,92,93,92,17.3,17.7,16.9,1021.3,1021.4,1021.2,1.9,158,5.1,631.7,0.6
A765,23/10/2017,14,18.6,18.6,17.8,92,93,92,17.3,17.3,16.5,1021.2,1021.4,1021.2,2.1,155,7.9,622.2,2.0
A765,23/10/2017,15,19.0,19.0,18.5,89,93,88,17.1,17.6,16.6,1021.2,1021.4,1021.1,1.3,141,4.5,604.3,0.2
A765,23/10/2017,16,18.7,19.2,18.6,89,90,86,16.9,17.2,16.6,1020.5,1021.2,1020.5,2.1,118,5.1,592.8,0.2
A765,23/10/2017,17,18.3,18.7,18.1,91,92,90,16.9,17.3,16.6,1020.3,1020.6,1020.3,1.6,117,4.7,539.9,1.0
A765,23/10/2017,18,18.7,19.1,18.0,89,92,84,16.8,17.2,16.1,1019.9,1020.3,1019.8,1.3,38,5.3,644.5,0.4
A765,23/10/2017,19,17.7,18.7,17.6,93,94,88,16.5,16.9,16.5,1020.1,1020.1,1019.9,2.2,314,4.2,420.4,0.8
A765,23/10/2017,20,18.6,18.7,17.7,89,93,87,16.7,17.0,16.3,1020.0,1020.2,1019.9,1.6,320,3.2,290.3,0.2
A765,23/10/2017,21,17.8,18.6,17.8,93,93,88,16.6,16.9,16.4,1020.5,1020.5,1020.0,1.9,344,4.3,73.13,0.0
A765,24/10/2017,01,18.0,18.0,17.7,91,91,88,16.5,16.5,15.7,1021.5,1021.5,1021.3,0.8,330,2.1,-0.13,0.0
A765,24/10/2017,00,17.8,18.0,17.7,89,90,89,16.0,16.3,15.9,1021.3,1021.4,1021.3,1.4,334,2.6,0.528,0.0
A765,24/10/2017,21,21.4,21.5,21.2,82,84,80,18.1,18.5,17.8,1017.8,1017.9,1017.8,1.8,304,2.7,91.05,0.0
A765,24/10/2017,22,20.7,21.4,20.6,86,86,82,18.3,18.3,18.0,1018.0,1018.1,1017.8,0.7,264,2.9,8.204,0.0
A765,24/10/2017,23,20.6,20.7,20.4,87,88,86,18.3,18.5,18.2,1018.4,1018.4,1018.0,0.6,351,1.4,-0.44,0.0
A765,24/10/2017,02,17.8,18.0,17.6,91,92,91,16.3,16.5,16.0,1021.1,1021.6,1021.1,0.8,304,1.7,-0.30,0.0
A765,24/10/2017,03,17.6,18.0,17.6,92,92,90,16.3,16.5,16.2,1020.4,1021.1,1020.4,0.5,35,1.5,-0.23,0.0
A765,24/10/2017,04,17.9,17.9,17.5,91,92,90,16.3,16.4,16.0,1019.7,1020.4,1019.7,0.9,275,2.1,-0.22,0.0
A765,24/10/2017,05,17.8,17.9,17.7,92,92,90,16.5,16.6,16.0,1018.9,1019.7,1018.9,0.7,309,1.8,-0.79,0.0
A765,24/10/2017,06,18.0,18.0,17.7,92,93,92,16.6,16.9,16.5,1018.5,1018.9,1018.5,1.0,329,1.6,-0.81,0.0
A765,24/10/2017,07,17.9,18.1,17.8,92,92,91,16.5,16.8,16.4,1018.5,1018.6,1018.4,0.4,232,1.5,-0.02,0.0
A765,24/10/2017,08,18.2,18.4,17.8,92,92,90,16.9,17.0,16.5,1018.5,1018.5,1018.4,0.3,167,1.4,-0.53,0.0
A765,24/10/2017,09,18.4,18.5,18.1,93,93,92,17.3,17.4,16.8,1019.1,1019.1,1018.5,0.3,267,1.2,6.719,0.0
A765,24/10/2017,10,19.1,19.1,18.4,89,93,89,17.3,17.6,17.1,1019.5,1019.5,1019.1,0.4,13,1.2,153.9,0.0
A765,24/10/2017,11,20.4,20.4,19.1,79,89,78,16.6,17.3,16.2,1020.0,1020.0,1019.5,0.3,29,1.1,552.2,0.0
A765,24/10/2017,12,21.2,21.6,20.4,73,79,71,16.2,16.7,15.5,1020.2,1020.3,1020.0,0.9,22,2.5,984.3,0.0
A765,24/10/2017,13,21.4,21.9,21.2,74,74,70,16.6,16.8,16.0,1020.5,1020.5,1020.2,0.9,85,3.2,829.4,0.0
A765,24/10/2017,14,21.3,21.4,21.1,76,78,73,17.0,17.2,16.3,1020.3,1020.5,1020.2,1.6,141,3.6,359.7,0.0
A765,24/10/2017,15,20.2,21.4,20.0,84,85,75,17.4,17.6,16.7,1019.9,1020.3,1019.9,2.4,307,3.7,523.4,0.0
A765,24/10/2017,16,20.4,20.6,20.2,84,85,81,17.6,17.7,17.2,1019.4,1019.9,1019.4,1.7,298,3.7,516.9,0.0
A765,24/10/2017,17,20.8,20.8,20.4,81,85,80,17.4,17.9,17.1,1018.6,1019.4,1018.6,1.8,299,3.1,669.8,0.0
A765,24/10/2017,18,21.0,21.2,20.8,81,82,80,17.6,17.9,17.4,1018.1,1018.6,1018.1,1.5,306,3.2,347.0,0.0
A765,24/10/2017,19,21.2,21.4,21.0,80,83,80,17.7,18.2,17.4,1017.9,1018.1,1017.9,0.4,347,3.3,364.8,0.0
A765,24/10/2017,20,21.2,21.4,21.1,83,83,79,18.1,18.3,17.6,1017.9,1017.9,1017.8,1.4,321,2.3,232.5,0.0
A765,25/10/2017,00,20.3,20.6,20.2,88,89,87,18.3,18.4,18.2,1018.8,1018.8,1018.4,0.6,321,1.6,-0.08,0.0
A765,25/10/2017,01,20.4,20.4,20.1,89,90,88,18.4,18.5,18.2,1019.1,1019.1,1018.8,0.4,283,2.2,-0.05,0.0
A765,25/10/2017,02,20.7,20.7,20.3,86,89,85,18.2,18.5,18.0,1019.0,1019.1,1018.9,0.6,358,2.0,0.070,0.0
A765,25/10/2017,03,20.6,20.8,20.6,84,86,83,17.8,18.2,17.7,1018.4,1019.0,1018.4,0.6,264,2.8,-0.06,0.0
A765,25/10/2017,04,20.4,20.9,20.3,86,86,84,17.9,18.1,17.8,1017.5,1018.4,1017.5,0.4,258,2.4,-0.29,0.0
A765,25/10/2017,05,20.1,20.5,20.0,89,90,86,18.3,18.5,17.9,1016.8,1017.5,1016.8,0.9,265,2.0,-1.27,0.0
A765,25/10/2017,06,19.8,20.5,19.8,91,91,88,18.2,18.5,18.0,1016.7,1016.8,1016.7,0.6,359,2.0,-1.52,0.0
A765,25/10/2017,07,19.4,19.8,19.4,92,92,91,18.0,18.3,18.0,1016.5,1016.7,1016.5,0.5,359,1.7,-1.34,0.0
A765,25/10/2017,08,19.5,19.6,19.3,92,92,92,18.1,18.3,18.0,1016.5,1016.6,1016.4,0.5,343,1.9,0.022,0.0
A765,25/10/2017,23,21.8,22.2,21.8,92,92,91,20.4,20.7,20.4,1013.2,1013.4,1012.5,0.8,219,3.3,-0.43,0.0
A765,25/10/2017,20,24.2,25.2,24.0,80,80,73,20.4,20.4,19.6,1012.7,1012.7,1012.0,2.3,152,4.4,670.4,0.0
A765,25/10/2017,21,23.0,24.2,23.0,84,84,79,20.3,20.6,20.2,1012.7,1012.8,1012.3,1.8,152,5.0,178.1,0.0
A765,25/10/2017,22,22.0,23.1,21.9,92,92,84,20.5,20.6,20.1,1012.6,1013.4,1012.4,1.9,152,4.1,0.248,2.8
A765,25/10/2017,09,19.8,19.9,19.4,92,93,92,18.6,18.6,18.1,1016.4,1016.5,1016.4,0.4,2,1.1,11.78,0.0
A765,25/10/2017,10,20.3,20.3,19.7,90,92,90,18.7,18.7,18.4,1016.6,1016.7,1016.4,0.6,296,2.1,177.7,0.0
A765,25/10/2017,11,22.1,22.1,20.2,80,90,80,18.5,18.8,18.2,1016.7,1016.8,1016.5,0.5,256,1.5,543.4,0.0
A765,25/10/2017,12,22.9,22.9,22.0,76,80,75,18.4,18.5,17.9,1016.6,1016.9,1016.6,0.7,293,2.0,1079.,0.0
A765,25/10/2017,13,24.5,24.8,22.8,73,76,69,19.3,19.3,17.9,1016.5,1016.8,1016.5,2.0,119,4.8,2319.,0.0
A765,25/10/2017,14,24.3,25.2,23.8,77,79,69,20.0,20.3,18.8,1015.9,1016.5,1015.9,2.5,120,5.5,2627.,0.0
A765,25/10/2017,15,24.6,24.8,24.1,74,78,73,19.6,20.1,19.3,1015.2,1015.9,1015.2,2.4,117,5.3,2064.,0.0
A765,25/10/2017,16,25.1,25.1,24.2,75,76,72,20.3,20.3,19.2,1014.3,1015.2,1014.3,2.4,124,4.8,2019.,0.0
A765,25/10/2017,17,25.0,26.0,24.8,76,77,72,20.4,21.2,19.8,1013.3,1014.4,1013.3,2.9,103,5.5,2901.,0.0
A765,25/10/2017,18,25.3,25.9,25.1,73,76,69,20.0,20.8,19.5,1012.4,1013.3,1012.4,2.6,120,5.9,2802.,0.0
A765,25/10/2017,19,25.2,26.2,24.8,74,75,68,20.2,20.6,19.5,1012.0,1012.4,1011.9,2.2,120,4.7,1667.,0.0
A765,26/10/2017,20,25.3,26.5,25.3,74,76,67,20.3,20.9,19.4,1009.6,1009.6,1008.0,1.0,341,6.3,527.7,0.0
A765,26/10/2017,16,27.9,28.8,26.7,64,67,57,20.6,20.7,18.4,1008.7,1009.4,1008.7,3.3,120,6.5,2259.,0.0
A765,26/10/2017,19,25.8,27.0,25.7,67,71,64,19.3,20.8,19.0,1008.0,1008.0,1007.1,3.3,157,6.3,1214.,0.0
A765,26/10/2017,17,27.5,27.9,25.9,66,76,61,20.6,21.7,18.9,1008.1,1008.7,1008.1,2.1,116,6.5,2967.,0.0
A765,26/10/2017,18,26.6,27.6,26.3,69,75,62,20.4,21.6,19.3,1007.4,1008.1,1007.3,3.0,115,5.3,2428.,0.0
A765,26/10/2017,15,28.0,28.7,26.5,57,64,54,18.6,20.1,17.6,1009.4,1010.0,1009.4,0.9,21,3.3,3298.,0.0
A765,26/10/2017,01,22.1,22.1,21.4,88,94,88,20.1,20.5,20.1,1014.0,1014.2,1012.9,1.6,241,4.0,1.543,0.0
A765,26/10/2017,03,21.3,22.6,20.9,93,94,85,20.1,20.3,19.5,1013.7,1015.5,1013.7,1.0,221,13.7,1.274,12.6
A765,26/10/2017,02,22.3,22.4,22.1,87,88,86,20.0,20.1,19.9,1014.2,1014.3,1013.4,2.7,273,5.4,3.164,0.0
A765,26/10/2017,00,21.6,21.9,21.5,93,93,92,20.4,20.8,20.3,1013.4,1013.5,1013.0,1.0,240,2.0,0.510,0.0
A765,26/10/2017,22,24.1,24.5,24.0,78,82,76,20.0,21.0,19.7,1009.4,1010.1,1009.4,1.9,90,3.9,3.751,0.0
A765,26/10/2017,21,24.5,25.3,24.5,79,81,74,20.7,21.3,20.3,1009.9,1010.1,1009.6,1.7,144,3.4,104.4,0.0
A765,26/10/2017,23,22.7,24.1,22.7,88,88,77,20.6,20.6,19.8,1009.0,1009.6,1008.5,1.4,294,3.6,-2.67,0.0
A765,26/10/2017,04,20.7,21.3,20.7,95,95,93,19.8,20.2,19.8,1012.3,1013.7,1012.3,0.7,298,4.6,-0.52,1.8
A765,26/10/2017,05,20.5,20.8,20.5,96,96,95,19.8,20.0,19.8,1010.7,1012.3,1010.7,0.7,316,2.4,-0.66,0.0
A765,26/10/2017,06,20.5,20.9,20.4,96,96,95,19.8,20.1,19.6,1012.4,1013.2,1010.3,1.3,217,9.6,0.279,12.8
A765,26/10/2017,07,20.9,20.9,20.5,95,96,95,20.0,20.1,19.8,1011.7,1012.6,1011.3,2.5,52,5.6,0.711,4.6
A765,26/10/2017,08,20.6,21.1,20.6,93,95,92,19.3,20.0,19.3,1014.1,1014.1,1011.0,2.9,224,7.0,0.457,2.8
A765,26/10/2017,09,20.2,20.6,20.1,95,95,93,19.4,19.5,19.0,1013.4,1014.2,1013.4,1.6,58,7.0,0.681,8.8
A765,26/10/2017,10,20.2,20.4,20.1,93,96,93,19.1,19.5,19.1,1010.9,1013.5,1010.9,0.5,41,4.7,12.69,3.8
A765,26/10/2017,11,20.7,20.8,20.2,89,93,89,18.8,19.2,18.8,1009.6,1011.6,1009.5,1.6,33,5.5,106.2,0.0
A765,26/10/2017,12,21.6,21.9,20.7,86,89,83,19.1,19.2,18.6,1012.0,1012.7,1009.6,1.5,139,7.0,306.0,0.0
A765,26/10/2017,13,22.9,22.9,21.6,83,87,81,19.7,19.9,19.2,1011.5,1012.1,1011.4,2.0,276,4.3,927.6,0.0
A765,26/10/2017,14,27.3,27.3,22.9,60,83,58,18.7,20.5,18.3,1010.0,1011.6,1010.0,1.3,155,3.1,3219.,0.0
A765,27/10/2017,22,23.2,23.9,23.2,91,91,86,21.7,22.0,21.3,1006.5,1006.5,1004.8,1.9,307,3.9,10.91,0.0
A765,27/10/2017,00,22.5,22.7,22.4,89,90,88,20.6,20.8,20.5,1009.8,1010.0,1009.0,0.8,264,3.6,-2.83,0.0
A765,27/10/2017,23,22.9,23.4,22.9,93,93,91,21.7,21.9,21.7,1008.0,1008.1,1006.4,1.7,360,5.6,-2.20,0.8
A765,27/10/2017,01,21.4,22.5,21.4,92,92,89,20.0,20.6,20.0,1009.4,1009.8,1009.4,0.2,299,2.4,-3.55,0.0
A765,27/10/2017,02,21.2,21.6,21.1,89,92,89,19.4,20.1,19.3,1009.0,1009.6,1009.0,1.2,273,2.2,-3.58,0.0
A765,27/10/2017,03,20.9,21.2,20.9,91,91,89,19.4,19.5,19.1,1008.2,1009.1,1008.2,0.6,328,2.1,-3.19,0.0
A765,27/10/2017,04,20.5,21.0,20.5,91,91,88,18.9,19.3,18.8,1007.1,1008.2,1007.1,0.7,261,1.7,-3.44,0.0
A765,27/10/2017,05,20.1,20.5,20.0,92,93,91,18.7,19.0,18.6,1005.7,1007.1,1005.7,0.8,357,1.7,-3.56,0.0
A765,27/10/2017,06,20.2,20.2,20.0,92,92,90,18.8,18.8,18.5,1005.0,1005.7,1004.9,0.6,265,1.6,-3.38,0.0
A765,27/10/2017,07,20.8,21.0,20.2,90,92,89,19.1,19.3,18.7,1005.3,1005.3,1004.9,1.0,258,2.1,-0.78,0.0
A765,27/10/2017,08,22.5,22.5,20.8,79,90,79,18.6,19.4,18.6,1006.6,1006.6,1005.3,2.0,197,6.5,-0.38,0.0
A765,27/10/2017,09,22.5,23.5,22.5,87,89,74,20.2,20.7,18.4,1011.5,1011.5,1006.5,3.1,244,13.5,-0.20,1.0
A765,27/10/2017,10,21.5,22.4,21.4,92,92,87,20.1,20.1,19.7,1011.0,1012.1,1010.9,0.9,197,11.6,43.55,2.6
A765,27/10/2017,11,22.2,22.2,21.5,91,93,91,20.5,20.8,20.2,1010.8,1011.2,1010.8,0.8,57,2.1,233.0,0.0
A765,27/10/2017,12,23.2,23.3,22.2,86,91,86,20.7,21.1,20.4,1010.3,1010.8,1010.2,1.6,47,3.8,1016.,0.0
A765,27/10/2017,13,23.3,23.5,22.9,85,87,81,20.7,20.8,19.5,1009.5,1011.1,1009.5,1.3,63,4.3,748.3,0.2
A765,27/10/2017,14,23.9,24.6,23.1,82,87,81,20.6,21.8,20.3,1008.0,1009.5,1007.9,3.0,104,6.4,1254.,0.0
A765,27/10/2017,15,23.9,24.3,23.8,82,84,79,20.6,21.1,20.2,1009.6,1010.2,1007.5,1.8,225,6.4,912.9,0.0
A765,27/10/2017,16,23.2,23.9,22.8,87,89,82,20.9,21.0,20.5,1006.1,1009.6,1005.9,3.4,101,7.9,333.3,1.0
A765,27/10/2017,17,24.6,25.2,23.2,79,87,77,20.8,21.7,20.2,1005.9,1006.6,1005.8,1.0,113,7.9,1922.,0.0
A765,27/10/2017,18,24.6,24.6,24.0,78,81,77,20.4,20.8,20.0,1006.0,1006.4,1005.7,0.5,215,2.8,889.3,0.0
A765,27/10/2017,19,24.5,25.1,24.4,80,81,75,20.8,21.1,20.1,1005.1,1006.0,1005.1,0.8,31,3.0,707.4,0.0
A765,27/10/2017,20,24.4,25.1,24.2,82,83,78,21.1,21.2,20.6,1004.6,1005.4,1004.6,0.9,307,2.8,494.9,0.0
A765,27/10/2017,21,23.9,24.6,23.9,86,87,81,21.5,21.7,21.1,1004.8,1005.7,1004.6,1.0,224,2.0,156.2,0.0
A765,28/10/2017,22,25.5,27.1,25.5,76,76,67,21.0,21.4,20.5,1005.9,1005.9,1005.1,1.7,83,4.3,27.67,0.0
A765,28/10/2017,00,24.4,25.5,22.8,69,93,64,18.3,21.9,18.0,1008.2,1008.8,1007.9,3.9,329,8.8,-3.29,0.4
A765,28/10/2017,23,24.0,25.5,24.0,85,85,76,21.4,21.5,21.0,1006.6,1006.6,1005.8,0.8,252,3.8,-3.60,0.0
A765,28/10/2017,01,26.4,26.4,23.6,56,73,56,16.8,18.4,16.8,1004.4,1008.2,1004.3,2.5,19,8.2,-1.65,0.2
A765,28/10/2017,02,26.3,27.1,25.2,54,62,51,16.1,17.4,16.1,1002.5,1004.6,1002.5,4.4,41,10.9,-2.10,0.0
A765,28/10/2017,03,26.0,26.6,25.1,57,61,52,16.8,17.2,16.0,1001.8,1002.9,1001.3,3.2,121,10.9,-2.07,0.0
A765,28/10/2017,04,29.1,29.1,25.7,42,58,42,15.0,16.9,15.0,1002.0,1002.3,1001.7,2.7,350,12.3,-3.27,0.0
A765,28/10/2017,05,29.2,30.2,29.1,41,42,38,14.8,15.0,14.3,1000.8,1002.0,1000.7,5.6,299,14.4,-3.53,0.0
A765,28/10/2017,06,28.5,29.4,28.2,45,46,41,15.3,15.4,14.8,1000.6,1000.9,1000.4,9.3,302,18.9,-2.61,0.0
A765,28/10/2017,07,28.0,28.9,27.9,48,48,43,16.0,16.0,15.1,1001.4,1001.4,1000.3,6.2,301,20.6,-2.82,0.0
A765,28/10/2017,08,28.5,28.7,27.8,46,49,46,15.9,16.3,15.9,1002.8,1002.8,1001.2,3.5,339,16.3,-3.27,0.0
A765,28/10/2017,09,28.4,28.8,27.2,48,52,45,16.4,16.6,15.7,1003.8,1003.8,1002.7,3.4,299,11.8,30.99,0.0
A765,28/10/2017,11,29.3,29.7,28.9,46,48,43,16.4,16.8,15.8,1005.3,1005.4,1004.5,3.8,354,13.7,1157.,0.0
A765,28/10/2017,10,29.4,30.1,27.9,46,50,41,16.4,16.5,15.4,1004.7,1004.7,1003.7,4.2,317,14.9,422.5,0.0
A765,28/10/2017,12,30.2,30.3,29.2,44,48,44,16.8,17.3,16.4,1005.2,1005.7,1005.0,2.3,237,14.2,1761.,0.0
A765,28/10/2017,13,31.7,31.9,29.9,46,47,42,18.7,18.7,16.7,1005.3,1005.8,1005.2,3.0,222,14.9,2463.,0.0
A765,28/10/2017,14,32.7,32.7,31.0,45,48,42,19.3,19.3,17.4,1004.8,1005.4,1004.6,3.7,279,14.5,3032.,0.0
A765,28/10/2017,15,32.8,33.2,31.8,////,45,41,////,////,////,1004.2,1004.9,1004.2,5.4,277,13.9,3530.,0.0
A765,28/10/2017,16,32.7,33.7,30.0,////,////,////,////,////,////,1004.0,1004.4,1003.8,2.5,99,13.5,3375.,0.0
A765,28/10/2017,17,31.6,33.5,30.5,51,56,45,20.3,21.3,19.1,1003.3,1004.1,1003.2,3.8,152,7.8,3005.,0.0
A765,28/10/2017,18,28.2,32.5,27.9,65,68,48,21.0,22.3,19.9,1003.7,1003.7,1003.3,3.8,117,9.1,2763.,0.0
A765,28/10/2017,19,27.8,28.8,27.1,63,70,58,20.1,21.9,19.4,1004.4,1004.4,1003.7,2.3,101,7.2,1918.,0.0
A765,28/10/2017,20,28.8,29.4,27.8,57,65,57,19.6,21.4,19.5,1004.6,1004.6,1004.0,1.7,126,6.5,1435.,0.0
A765,28/10/2017,21,26.9,28.8,26.9,69,72,57,20.8,21.3,19.4,1005.2,1005.2,1004.6,0.7,290,3.4,359.7,0.0
A765,29/10/2017,22,21.0,21.2,20.9,95,95,93,20.1,20.3,19.9,1013.0,1013.1,1012.6,1.2,286,3.3,1.363,0.2
A765,29/10/2017,00,23.6,24.1,23.6,88,88,83,21.4,21.6,21.0,1007.7,1007.7,1006.6,0.5,268,2.3,-3.59,0.0
A765,29/10/2017,23,21.2,21.3,20.9,94,95,94,20.1,20.3,20.0,1012.5,1013.1,1012.5,1.2,4,2.1,-0.86,0.0
A765,29/10/2017,01,23.1,23.7,22.8,88,90,86,21.0,21.4,21.0,1008.5,1008.5,1007.7,0.6,148,2.7,-3.60,0.0
A765,29/10/2017,02,23.3,24.4,23.1,86,88,79,20.9,21.1,20.4,1009.2,1009.2,1008.5,0.9,24,5.6,-3.59,0.0
A765,29/10/2017,03,21.8,23.3,21.8,92,93,86,20.5,20.9,20.5,1009.1,1009.5,1009.1,1.2,269,2.5,-3.59,0.0
A765,29/10/2017,04,21.8,21.9,21.5,92,93,92,20.4,20.6,20.3,1009.1,1009.2,1008.9,1.4,202,3.0,-3.59,0.0
A765,29/10/2017,05,22.1,22.1,21.7,89,92,89,20.2,20.5,20.2,1009.1,1009.1,1008.8,1.6,216,4.1,-3.59,0.0
A765,29/10/2017,06,21.4,22.2,21.3,92,92,88,20.0,20.4,19.9,1009.3,1009.3,1009.1,0.9,243,4.5,-3.59,0.0
A765,29/10/2017,07,22.4,22.6,21.3,87,92,87,20.1,20.7,19.9,1010.1,1010.3,1009.3,1.1,252,5.0,-3.58,0.0
A765,29/10/2017,08,22.7,22.7,22.3,86,88,86,20.2,20.4,20.0,1011.2,1011.2,1010.1,1.7,224,4.1,-3.10,0.0
A765,29/10/2017,09,22.8,22.8,22.6,86,86,86,20.4,20.4,20.1,1012.1,1012.1,1011.2,1.6,218,4.9,16.15,0.0
A765,29/10/2017,10,23.5,23.5,22.7,86,87,86,20.9,20.9,20.4,1012.6,1012.6,1012.0,1.4,208,4.2,316.3,0.0
A765,29/10/2017,11,24.3,24.4,23.5,81,86,81,20.9,21.1,20.7,1013.2,1013.2,1012.6,1.2,208,3.9,791.7,0.0
A765,29/10/2017,12,25.0,25.0,24.2,79,82,77,21.1,21.1,20.4,1013.5,1013.6,1013.2,1.0,182,3.0,859.2,0.0
A765,29/10/2017,13,25.0,25.9,25.0,78,79,73,20.8,21.4,20.4,1013.7,1013.8,1013.5,2.4,158,4.4,1619.,0.0
A765,29/10/2017,14,25.0,25.5,24.7,78,80,77,20.9,21.4,20.6,1013.5,1014.0,1013.5,2.3,130,5.4,1316.,0.0
A765,29/10/2017,15,24.7,26.2,24.5,80,81,75,21.1,21.7,20.8,1013.1,1013.5,1013.1,1.9,137,5.4,1611.,0.0
A765,29/10/2017,16,23.4,24.8,23.4,85,85,80,20.8,21.2,20.7,1013.1,1013.2,1012.9,2.2,156,5.4,298.5,0.0
A765,29/10/2017,17,22.8,23.4,22.7,91,91,85,21.2,21.2,20.8,1012.7,1013.1,1012.6,1.2,170,5.7,143.9,0.8
A765,29/10/2017,18,22.7,23.0,22.6,87,91,87,20.5,21.3,20.5,1011.6,1012.7,1011.6,1.2,167,3.8,322.2,0.0
A765,29/10/2017,19,21.9,22.7,21.9,87,87,83,19.6,20.4,19.5,1012.1,1012.2,1011.3,1.4,228,4.8,113.8,0.0
A765,29/10/2017,20,21.6,21.9,21.4,91,91,87,20.0,20.1,19.5,1011.9,1012.1,1011.7,1.4,301,4.8,80.08,0.0
A765,29/10/2017,21,21.1,21.7,21.1,93,93,91,20.0,20.2,19.8,1012.6,1012.6,1011.9,2.3,283,3.3,19.04,0.2
A765,30/10/2017,16,24.6,24.7,24.0,74,80,73,19.7,20.4,19.5,1008.0,1008.8,1008.0,1.9,207,4.8,867.4,0.0
A765,30/10/2017,22,21.9,22.3,21.8,94,94,93,20.9,21.1,20.8,1006.4,1007.3,1006.4,0.6,9,1.8,12.05,0.0
A765,30/10/2017,23,21.5,21.9,21.5,95,95,94,20.6,20.9,20.6,1006.6,1006.6,1006.2,1.0,322,1.9,-3.44,0.0
A765,30/10/2017,00,20.9,21.3,20.8,95,95,94,20.0,20.2,19.9,1011.8,1012.5,1011.7,1.3,304,3.0,-1.41,0.0
A765,30/10/2017,01,20.9,20.9,20.6,95,95,94,20.1,20.1,19.8,1012.4,1012.4,1011.8,1.5,216,2.8,-2.06,0.0
A765,30/10/2017,02,21.0,21.1,20.9,94,95,94,20.1,20.2,20.0,1012.5,1012.7,1012.3,0.9,281,2.8,0.009,0.0
A765,30/10/2017,19,22.9,23.0,22.8,88,89,88,20.9,21.0,20.8,1007.2,1007.4,1007.1,1.0,11,2.7,219.1,0.0
A765,30/10/2017,03,21.1,21.2,20.9,93,94,93,20.0,20.2,19.9,1011.8,1012.5,1011.8,0.5,247,2.5,0.507,0.0
A765,30/10/2017,04,21.0,21.2,20.9,95,95,93,20.1,20.2,19.9,1010.9,1011.9,1010.8,0.7,271,1.8,-0.64,0.0
A765,30/10/2017,05,21.1,21.1,20.9,94,95,94,20.1,20.2,20.0,1010.6,1011.0,1010.6,1.4,226,4.4,-0.65,0.0
A765,30/10/2017,06,21.3,21.3,21.1,93,94,93,20.1,20.1,20.0,1010.7,1010.7,1010.5,1.2,210,4.6,0.115,0.0
A765,30/10/2017,07,21.3,21.3,21.2,93,93,93,20.1,20.1,20.0,1010.7,1010.8,1010.5,0.9,262,3.1,-0.39,0.0
A765,30/10/2017,08,21.2,21.6,21.2,92,93,92,19.9,20.3,19.9,1011.0,1011.0,1010.7,0.8,235,2.3,-0.94,0.0
A765,30/10/2017,09,21.2,21.4,21.2,94,94,92,20.1,20.3,19.9,1009.8,1011.0,1009.8,0.9,30,2.5,11.43,0.0
A765,30/10/2017,10,21.3,21.4,21.0,92,94,92,19.9,20.1,19.8,1010.2,1010.4,1009.9,1.0,315,2.8,132.8,0.0
A765,30/10/2017,11,22.1,22.1,21.3,87,92,87,19.9,20.2,19.6,1010.2,1010.2,1009.8,1.2,344,1.9,485.3,0.0
A765,30/10/2017,12,23.4,23.5,22.1,79,87,79,19.6,20.3,19.6,1010.2,1010.4,1010.2,1.0,7,2.0,1161.,0.0
A765,30/10/2017,13,24.3,24.7,23.4,77,81,73,20.0,20.3,19.0,1010.4,1010.5,1010.2,1.4,120,4.0,1598.,0.0
A765,30/10/2017,14,24.1,24.6,23.8,79,79,74,20.2,20.5,19.3,1009.3,1010.4,1009.3,1.5,143,3.5,1081.,0.0
A765,30/10/2017,15,24.3,24.7,23.6,77,81,75,20.0,20.6,19.4,1008.8,1009.4,1008.8,1.2,161,3.5,1224.,0.0
A765,30/10/2017,17,23.1,25.0,23.1,85,85,73,20.5,20.7,19.8,1007.6,1008.1,1007.6,2.7,131,5.2,489.4,0.2
A765,30/10/2017,18,23.0,23.1,22.8,88,88,85,20.9,21.0,20.4,1007.2,1007.6,1007.2,1.2,228,5.3,175.0,0.0
A765,30/10/2017,20,22.5,23.0,22.4,91,91,88,20.9,21.1,20.7,1007.1,1007.3,1007.1,1.1,51,3.4,253.7,0.2
A765,30/10/2017,21,22.3,22.5,22.3,93,93,91,21.1,21.1,20.9,1007.3,1007.4,1007.0,0.7,15,3.4,96.78,0.2
A765,31/10/2017,22,21.1,21.8,21.1,89,89,86,19.3,19.5,19.2,1014.0,1014.0,1013.3,1.3,241,5.1,13.74,0.2
A765,31/10/2017,11,22.5,22.5,21.6,94,96,94,21.4,21.5,21.0,1009.2,1009.2,1008.1,1.0,300,1.7,435.8,0.0
A765,31/10/2017,20,22.4,22.4,21.6,83,90,83,19.4,20.1,19.4,1012.5,1012.5,1012.2,1.9,213,6.5,225.2,0.0
A765,31/10/2017,23,20.8,21.1,20.7,92,92,89,19.4,19.4,19.2,1015.0,1015.0,1014.0,1.0,167,3.4,-2.67,0.4
A765,31/10/2017,07,21.2,21.3,21.2,96,96,96,20.5,20.7,20.5,1006.0,1006.1,1005.8,0.6,249,1.5,-0.97,0.0
A765,31/10/2017,12,24.3,24.3,22.5,76,94,76,19.8,21.5,19.5,1009.9,1009.9,1009.2,2.3,248,6.2,840.2,0.0
A765,31/10/2017,09,21.6,21.6,21.2,96,96,96,20.9,20.9,20.5,1007.3,1007.3,1006.6,1.4,224,3.0,21.94,0.0
A765,31/10/2017,17,22.3,25.4,22.3,88,89,72,20.2,20.6,19.7,1011.8,1011.8,1011.3,2.3,216,8.6,649.1,0.8
A765,31/10/2017,21,21.8,22.4,21.6,86,87,83,19.4,19.6,19.1,1013.3,1013.3,1012.5,1.9,218,5.7,167.5,0.6
A765,31/10/2017,15,25.4,25.8,25.2,69,71,66,19.2,19.7,18.7,1011.0,1011.1,1010.7,3.0,242,7.2,1073.,0.0
A765,31/10/2017,14,25.2,26.4,25.2,71,74,67,19.5,20.4,19.2,1010.7,1010.8,1010.4,2.1,227,8.4,2335.,0.2
A765,31/10/2017,00,21.3,21.5,21.2,95,95,95,20.5,20.7,20.4,1007.3,1007.3,1006.6,0.9,249,2.0,-2.99,0.0
A765,31/10/2017,08,21.3,21.4,21.1,96,96,96,20.6,20.7,20.4,1006.6,1006.6,1006.0,1.0,269,1.9,-2.01,0.0
A765,31/10/2017,01,21.4,21.4,21.1,95,95,95,20.7,20.7,20.3,1007.5,1007.5,1007.3,0.6,247,2.0,-1.47,0.0
A765,31/10/2017,18,22.5,22.6,22.1,85,89,85,19.9,20.3,19.9,1011.8,1011.9,1011.7,2.1,219,7.4,231.6,0.4
A765,31/10/2017,02,21.4,21.6,21.3,95,95,95,20.6,20.8,20.5,1007.1,1007.7,1007.1,0.8,309,2.1,-1.70,0.0
A765,31/10/2017,03,21.7,21.7,21.4,95,95,95,20.8,20.8,20.6,1006.6,1007.1,1006.6,0.9,193,2.4,-1.57,0.0
A765,31/10/2017,04,21.5,21.8,21.4,95,95,95,20.7,21.0,20.5,1006.6,1006.7,1006.3,1.6,299,2.7,-1.52,0.0
A765,31/10/2017,05,21.4,21.5,21.3,95,96,95,20.6,20.7,20.5,1006.3,1006.6,1006.3,1.1,297,2.7,-1.83,1.0
A765,31/10/2017,06,21.2,21.4,21.1,96,96,95,20.5,20.7,20.4,1006.1,1006.4,1006.0,0.4,317,2.9,-1.14,3.6
A765,31/10/2017,10,21.6,21.7,21.2,96,96,96,20.9,21.0,20.5,1008.1,1008.1,1007.3,0.7,355,3.0,191.4,0.0
A765,31/10/2017,13,25.4,25.4,24.2,74,78,74,20.4,20.6,19.6,1010.4,1010.5,1009.8,2.3,242,7.1,1222.,0.0
A765,31/10/2017,19,21.7,22.5,21.7,89,89,85,19.7,20.1,19.7,1012.2,1012.2,1011.8,1.2,250,6.2,114.9,0.6
A765,31/10/2017,16,25.3,26.4,25.3,72,72,66,20.0,20.0,18.9,1011.3,1011.3,1011.0,2.6,228,8.6,1691.,0.0
A765,01/11/2017,16,24.5,25.4,23.5,60,62,55,16.4,17.2,14.6,1018.8,1019.3,1018.8,2.5,118,5.5,3753.,0.0
A765,01/11/2017,17,24.6,25.2,24.2,58,61,53,15.8,16.7,14.3,1018.4,1018.8,1018.4,2.8,122,6.2,3455.,0.0
A765,01/11/2017,00,20.5,20.9,20.4,92,92,91,19.1,19.5,19.0,1015.9,1015.9,1015.0,1.0,294,2.9,-0.70,0.0
A765,01/11/2017,01,20.1,20.6,20.1,93,93,92,19.0,19.3,18.9,1016.7,1016.7,1015.9,0.4,222,1.6,-2.47,0.0
A765,01/11/2017,08,18.8,19.3,18.8,95,95,95,18.0,18.5,18.0,1016.4,1016.4,1015.9,0.8,266,2.1,-3.15,0.0
A765,01/11/2017,21,22.5,23.3,22.3,65,65,58,15.6,15.6,14.4,1018.6,1018.7,1018.2,2.0,136,5.4,550.5,0.0
A765,01/11/2017,22,22.0,22.5,22.0,65,65,61,15.1,15.4,14.4,1019.3,1019.3,1018.6,1.7,129,5.4,43.01,0.0
A765,01/11/2017,14,24.1,24.2,22.4,60,67,60,15.8,16.7,15.1,1019.4,1019.6,1019.4,1.8,136,5.3,1845.,0.0
A765,01/11/2017,10,19.6,19.6,18.9,92,96,92,18.2,18.9,18.1,1017.5,1017.5,1016.8,2.4,153,6.1,202.7,0.6
A765,01/11/2017,20,23.2,24.2,23.2,58,60,55,14.6,15.3,14.3,1018.2,1018.2,1017.8,2.7,122,5.8,1405.,0.0
A765,01/11/2017,04,19.3,20.0,19.2,93,95,91,18.1,19.1,17.8,1016.3,1016.4,1016.2,1.2,258,7.2,-1.34,3.0
A765,01/11/2017,09,18.9,19.1,18.7,95,96,95,18.2,18.3,17.9,1016.8,1016.8,1016.3,0.4,225,1.9,20.31,0.4
A765,01/11/2017,12,22.5,23.2,21.4,68,78,65,16.2,17.5,15.8,1019.1,1019.1,1018.4,2.9,156,6.4,1868.,0.0
A765,01/11/2017,11,21.4,21.4,19.5,76,92,75,17.0,18.2,16.8,1018.4,1018.4,1017.5,2.7,146,6.1,387.3,0.4
A765,01/11/2017,05,19.4,19.6,18.9,90,94,90,17.7,18.2,17.7,1015.6,1016.3,1015.6,1.5,317,4.1,-0.00,0.2
A765,01/11/2017,06,19.2,19.5,18.9,94,94,89,18.2,18.2,17.5,1015.8,1015.8,1015.6,0.5,324,2.7,-1.47,0.0
A765,01/11/2017,07,18.9,19.3,18.9,95,95,94,18.0,18.4,18.0,1015.9,1015.9,1015.6,0.7,237,1.5,-2.71,0.0
A765,01/11/2017,13,23.0,23.6,22.4,66,69,63,16.2,17.0,15.4,1019.4,1019.5,1019.0,2.1,148,5.7,2383.,0.0
A765,01/11/2017,15,24.5,24.7,23.9,60,62,57,16.1,16.7,15.1,1019.2,1019.5,1019.2,2.5,124,5.0,3513.,0.0
A765,01/11/2017,18,24.7,25.0,24.1,57,59,54,15.7,16.3,14.5,1018.1,1018.4,1018.1,2.6,129,6.1,2957.,0.0
A765,01/11/2017,19,24.2,24.9,23.9,56,58,54,14.8,15.6,14.5,1017.8,1018.1,1017.8,2.6,127,6.2,2330.,0.0
A765,01/11/2017,23,22.0,22.0,22.0,66,66,64,15.3,15.4,15.0,1020.0,1020.0,1019.3,1.9,131,4.9,-2.39,0.0
A765,01/11/2017,02,20.0,20.2,20.0,95,95,93,19.1,19.2,18.9,1016.7,1016.8,1016.6,0.7,297,1.4,-3.06,0.0
A765,01/11/2017,03,20.0,20.0,19.7,95,95,95,19.2,19.2,18.9,1016.3,1016.7,1016.3,0.6,261,1.8,-1.92,0.4
A765,02/11/2017,05,18.8,19.1,18.7,89,91,88,17.0,17.4,17.0,1019.4,1020.3,1019.4,0.5,355,2.1,-3.60,0.0
A765,02/11/2017,14,24.6,25.5,24.2,58,63,55,15.7,16.9,15.4,1020.7,1021.0,1020.7,3.2,115,6.8,3125.,0.0
A765,02/11/2017,21,23.4,24.0,23.4,64,69,63,16.2,17.7,16.2,1017.2,1017.4,1017.1,3.2,102,7.3,367.7,0.0
A765,02/11/2017,12,23.7,23.7,21.8,62,67,59,16.0,16.0,14.7,1021.1,1021.1,1021.0,2.0,114,4.2,2134.,0.0
A765,02/11/2017,03,19.6,20.8,19.6,87,87,78,17.3,17.3,16.2,1020.9,1021.3,1020.9,1.0,354,2.3,-3.59,0.0
A765,02/11/2017,19,23.9,24.8,23.7,68,69,63,17.7,17.8,16.9,1017.7,1018.2,1017.7,4.1,121,8.5,1244.,0.0
A765,02/11/2017,16,25.0,25.8,24.3,62,63,54,17.2,17.6,15.5,1019.9,1020.3,1019.9,3.6,136,6.5,3488.,0.0
A765,02/11/2017,15,25.3,25.7,24.2,54,59,53,15.3,16.3,15.0,1020.3,1020.7,1020.2,3.4,127,7.4,2802.,0.0
A765,02/11/2017,11,21.8,22.2,19.4,65,89,63,15.0,17.7,14.5,1021.0,1021.0,1020.5,0.5,328,2.0,1326.,0.0
A765,02/11/2017,04,19.1,19.6,19.0,88,89,87,17.1,17.6,17.0,1020.3,1020.9,1020.3,0.9,332,1.9,-3.58,0.0
A765,02/11/2017,09,18.7,19.2,18.2,91,92,91,17.1,17.7,16.9,1020.1,1020.1,1019.6,0.7,327,1.3,48.03,0.0
A765,02/11/2017,08,19.2,19.3,18.9,91,92,88,17.7,17.8,17.3,1019.6,1019.6,1019.4,0.7,340,1.3,-3.29,0.0
A765,02/11/2017,07,19.3,19.3,18.8,88,91,87,17.3,17.5,17.1,1019.4,1019.4,1019.1,0.7,304,1.3,-1.54,0.0
A765,02/11/2017,06,18.8,18.8,18.6,91,91,89,17.2,17.2,16.8,1019.1,1019.4,1019.1,0.5,244,1.4,-3.12,0.0
A765,02/11/2017,01,22.0,22.0,21.9,68,71,67,15.7,16.5,15.4,1021.1,1021.1,1020.7,3.2,120,7.0,-2.77,0.0
A765,02/11/2017,02,20.8,22.0,20.8,81,81,66,17.3,17.3,15.4,1021.3,1021.4,1021.1,1.1,360,7.0,-2.68,0.0
A765,02/11/2017,23,21.1,22.5,21.1,79,79,66,17.3,17.4,15.8,1017.4,1017.4,1017.0,1.3,346,5.8,-3.60,0.0
A765,02/11/2017,00,21.9,22.0,21.9,67,67,64,15.4,15.6,14.9,1020.7,1020.7,1020.0,2.0,124,5.8,-2.64,0.0
A765,02/11/2017,10,19.4,19.4,18.7,89,91,89,17.6,17.7,17.1,1020.5,1020.5,1020.1,0.5,292,1.4,386.0,0.0
A765,02/11/2017,13,24.5,24.8,23.1,61,65,60,16.5,17.0,15.4,1020.9,1021.2,1020.9,2.5,113,5.9,3145.,0.0
A765,02/11/2017,17,25.2,25.7,24.7,58,62,57,16.2,17.4,16.0,1019.1,1019.9,1019.1,4.0,133,7.8,3414.,0.0
A765,02/11/2017,18,24.3,25.2,24.0,64,66,58,17.1,17.6,16.3,1018.2,1019.1,1018.2,3.9,120,8.7,1766.,0.0
A765,02/11/2017,20,23.7,23.9,23.5,69,70,66,17.6,17.8,17.0,1017.4,1017.7,1017.3,3.5,120,8.2,703.6,0.0
A765,02/11/2017,22,22.5,23.4,22.5,68,69,63,16.4,16.5,15.6,1017.1,1017.2,1017.1,2.8,99,7.6,31.16,0.0
A765,03/11/2017,04,18.5,18.6,18.1,91,92,91,17.0,17.2,16.7,1017.2,1017.6,1017.2,0.9,267,2.4,-3.60,0.0
A765,03/11/2017,21,24.4,25.8,24.4,75,76,61,19.7,20.1,17.6,1009.6,1009.8,1009.6,1.2,149,3.9,465.7,0.0
A765,03/11/2017,20,25.7,26.3,25.3,62,66,59,17.8,19.2,16.8,1009.8,1010.0,1009.8,1.6,137,5.0,1170.,0.0
A765,03/11/2017,19,26.3,27.3,25.9,64,67,63,18.8,20.0,18.8,1010.0,1010.4,1010.0,2.7,136,5.7,2143.,0.0
A765,03/11/2017,18,27.2,27.6,26.4,64,65,59,19.8,19.8,18.3,1010.4,1011.3,1010.4,2.9,118,5.0,2845.,0.0
A765,03/11/2017,09,17.4,17.6,17.0,94,95,93,16.4,16.7,15.9,1015.5,1015.7,1015.3,0.9,242,2.0,27.23,0.0
A765,03/11/2017,11,23.0,23.0,19.4,64,92,64,15.9,18.2,15.7,1015.7,1015.7,1015.5,1.0,136,2.9,1425.,0.0
A765,03/11/2017,05,18.3,18.5,18.2,92,92,91,17.1,17.2,16.7,1016.9,1017.2,1016.9,1.1,256,2.6,-3.59,0.0
A765,03/11/2017,10,19.4,19.4,17.4,92,94,92,18.1,18.1,16.5,1015.6,1015.7,1015.5,0.9,200,2.1,333.4,0.0
A765,03/11/2017,07,18.2,18.6,17.9,92,92,90,16.9,17.2,16.5,1015.8,1016.6,1015.8,0.8,264,2.4,-3.60,0.0
A765,03/11/2017,08,17.2,18.3,17.2,93,93,92,16.1,17.0,16.1,1015.7,1015.8,1015.6,0.5,229,2.0,-3.60,0.0
A765,03/11/2017,06,18.4,18.6,18.1,91,93,91,16.9,17.3,16.6,1016.6,1016.9,1016.5,1.5,283,2.6,-3.60,0.0
A765,03/11/2017,03,18.4,18.9,18.3,91,91,86,16.9,17.0,16.4,1017.5,1017.7,1017.5,0.9,271,3.1,-3.60,0.0
A765,03/11/2017,02,18.9,19.2,18.6,87,90,87,16.7,17.3,16.6,1017.6,1017.9,1017.6,1.8,334,3.1,-3.60,0.0
A765,03/11/2017,00,20.5,21.1,20.2,82,83,78,17.4,17.5,16.9,1017.5,1017.7,1017.4,1.2,286,2.8,-3.60,0.0
A765,03/11/2017,13,25.3,25.4,23.6,63,66,61,17.8,18.1,16.5,1015.3,1016.0,1015.3,3.3,123,5.4,3040.,0.0
A765,03/11/2017,15,25.5,26.0,25.0,66,67,63,18.6,19.1,18.1,1013.6,1014.2,1013.5,3.2,121,6.4,3786.,0.0
A765,03/11/2017,01,19.2,20.7,19.2,87,87,79,17.0,17.6,16.9,1017.8,1017.8,1017.4,0.6,341,3.0,-3.60,0.0
A765,03/11/2017,12,23.9,24.0,23.1,64,67,60,16.7,16.9,15.4,1015.9,1016.1,1015.6,2.6,155,5.0,2323.,0.0
A765,03/11/2017,16,26.7,27.0,25.0,59,66,56,17.9,18.8,17.1,1012.5,1013.6,1012.5,2.2,120,6.4,3751.,0.0
A765,03/11/2017,17,26.3,27.8,26.1,65,65,54,19.2,19.5,16.7,1011.3,1012.5,1011.2,2.3,145,4.9,3473.,0.0
A765,03/11/2017,22,23.3,24.4,23.3,83,84,75,20.3,20.6,19.4,1010.1,1010.1,1009.5,1.0,269,2.4,32.32,0.0
A765,03/11/2017,23,22.9,23.3,22.8,83,84,81,19.9,20.3,19.5,1010.7,1010.7,1010.1,1.4,249,4.3,-3.60,0.0
A765,03/11/2017,14,25.0,25.8,24.8,67,67,61,18.5,18.5,17.2,1014.2,1015.3,1014.2,3.0,108,5.5,3545.,0.0
A765,04/11/2017,19,28.5,29.5,28.2,55,57,52,18.6,19.6,18.3,1005.4,1005.5,1005.0,0.6,261,3.4,796.2,0.0
A765,04/11/2017,12,26.4,26.4,24.2,65,76,65,19.4,20.6,19.3,1007.2,1007.7,1007.1,1.7,87,3.7,1455.,0.0
A765,04/11/2017,17,28.9,30.2,28.9,58,58,52,19.8,20.3,18.8,1006.0,1006.7,1006.0,1.5,110,4.1,2295.,0.0
A765,04/11/2017,15,29.3,29.6,28.2,57,66,56,19.8,21.6,19.8,1006.6,1007.2,1006.6,2.8,138,6.5,2991.,0.0
A765,04/11/2017,20,27.7,29.0,27.6,64,67,54,20.2,21.0,18.3,1005.1,1005.4,1005.1,0.9,279,1.5,579.0,0.0
A765,04/11/2017,21,27.5,28.6,27.5,65,65,59,20.3,20.8,19.7,1005.6,1005.6,1005.1,1.5,179,2.9,193.3,0.0
A765,04/11/2017,10,22.9,22.9,21.5,85,91,85,20.2,20.4,20.0,1007.7,1008.0,1007.6,0.5,273,2.0,345.3,0.0
A765,04/11/2017,18,29.4,30.7,28.8,56,61,53,19.6,20.8,19.4,1005.5,1006.0,1005.3,2.0,133,4.7,1895.,0.0
A765,04/11/2017,06,21.5,21.6,21.3,91,91,90,19.9,20.0,19.6,1008.2,1010.0,1008.2,0.8,279,1.8,-2.61,0.0
A765,04/11/2017,03,21.7,21.7,21.3,89,91,89,19.8,20.0,19.7,1011.4,1011.9,1011.3,1.1,229,2.6,-2.83,0.0
A765,04/11/2017,22,25.7,27.5,25.7,74,77,65,20.8,21.9,20.3,1008.3,1008.3,1005.5,5.2,238,13.1,6.331,0.0
A765,04/11/2017,05,21.6,21.6,21.2,90,91,90,19.9,19.9,19.5,1009.9,1010.8,1009.9,0.9,11,2.3,-1.49,0.0
A765,04/11/2017,23,22.0,25.7,21.9,94,94,74,21.0,21.2,20.3,1010.4,1010.6,1008.2,1.8,236,14.7,-0.67,16.8
A765,04/11/2017,01,21.6,22.0,21.6,89,90,86,19.8,19.9,19.6,1011.7,1011.7,1011.4,0.8,328,2.5,-3.50,0.0
A765,04/11/2017,02,21.4,21.6,21.2,90,91,89,19.8,19.9,19.5,1011.7,1011.7,1011.5,0.9,271,1.5,-3.40,0.0
A765,04/11/2017,04,21.3,21.7,21.3,91,91,89,19.7,20.0,19.6,1010.8,1011.5,1010.8,1.3,322,2.6,-3.16,0.0
A765,04/11/2017,00,22.0,22.9,22.0,86,88,82,19.5,20.0,19.5,1011.4,1011.4,1010.7,1.6,334,4.1,-3.59,0.0
A765,04/11/2017,07,21.4,21.6,21.2,89,91,88,19.6,19.9,19.5,1007.5,1008.2,1007.3,0.6,217,1.5,-2.43,0.0
A765,04/11/2017,11,24.3,25.0,22.9,75,85,73,19.6,20.5,19.5,1007.8,1007.8,1007.5,1.8,163,3.2,934.0,0.0
A765,04/11/2017,13,28.8,28.8,25.6,60,71,60,20.4,20.8,19.4,1007.2,1007.4,1007.0,2.1,156,4.9,2626.,0.0
A765,04/11/2017,14,28.9,30.0,28.0,60,64,54,20.4,21.4,19.4,1007.2,1007.3,1006.9,3.1,163,6.5,3276.,0.0
A765,04/11/2017,09,21.5,21.7,21.3,91,92,91,20.0,20.3,19.8,1008.0,1008.1,1007.7,0.7,359,1.6,27.95,0.0
A765,04/11/2017,08,21.3,21.6,21.2,92,92,89,19.9,20.1,19.6,1007.7,1007.8,1007.3,0.7,304,1.7,-1.39,0.0
A765,04/11/2017,16,29.8,30.7,27.6,55,60,52,19.8,20.4,18.7,1006.7,1007.0,1006.6,1.6,99,5.9,2492.,0.0
A765,05/11/2017,23,20.0,20.7,20.0,94,95,91,19.0,19.5,18.9,1016.9,1016.9,1016.1,2.4,330,5.3,-0.40,1.8
A765,05/11/2017,14,22.7,22.7,21.5,85,92,85,20.0,20.5,19.9,1015.2,1015.3,1014.9,1.6,251,4.8,764.1,0.0
A765,05/11/2017,11,21.5,23.7,21.5,93,93,78,20.4,20.4,19.6,1013.3,1013.3,1011.8,1.6,236,6.2,197.0,1.0
A765,05/11/2017,06,21.5,21.8,21.5,93,94,93,20.3,20.7,20.3,1007.5,1007.5,1007.2,0.8,271,2.3,-2.96,0.0
A765,05/11/2017,02,22.7,25.1,22.7,91,91,76,21.1,21.1,20.5,1008.0,1008.3,1006.7,2.6,191,11.1,0.990,0.0
A765,05/11/2017,03,22.5,23.2,22.5,90,91,86,20.9,21.1,20.7,1007.7,1008.2,1007.6,1.0,269,6.9,-0.10,0.0
A765,05/11/2017,05,21.7,22.3,21.7,93,94,93,20.5,21.2,20.5,1007.3,1007.6,1007.3,1.2,342,2.2,-2.77,0.0
A765,05/11/2017,21,20.5,20.9,20.5,94,95,93,19.5,20.0,19.5,1015.3,1015.3,1015.0,0.9,235,3.7,56.10,4.0
A765,05/11/2017,04,22.0,22.5,22.0,93,93,90,20.8,21.2,20.7,1007.6,1007.8,1007.6,0.8,270,2.8,-2.34,0.0
A765,05/11/2017,00,22.2,22.7,22.0,94,95,94,21.2,21.7,21.0,1010.0,1010.8,1010.0,2.7,68,5.7,-0.07,4.2
A765,05/11/2017,20,20.9,21.4,20.9,93,94,93,19.8,20.2,19.7,1015.0,1015.0,1014.8,1.5,234,4.3,133.6,1.8
A765,05/11/2017,01,23.3,25.4,22.2,86,94,70,20.8,21.3,19.6,1007.1,1010.0,1005.6,4.2,137,11.6,0.259,2.2
A765,05/11/2017,22,20.7,20.9,20.4,91,95,91,19.2,20.0,19.2,1016.1,1016.1,1015.3,2.1,194,5.6,0.913,4.2
A765,05/11/2017,08,21.7,22.2,21.6,93,94,93,20.6,21.1,20.5,1009.4,1009.4,1008.2,1.4,315,2.3,-2.92,0.0
A765,05/11/2017,09,23.2,23.2,21.6,84,94,83,20.3,21.0,20.0,1010.6,1010.6,1009.4,1.8,265,5.6,15.29,0.0
A765,05/11/2017,10,23.3,23.4,22.4,81,88,81,19.8,20.8,19.8,1011.8,1011.8,1010.6,1.5,251,4.5,124.3,0.0
A765,05/11/2017,12,21.5,21.7,21.3,93,94,93,20.3,20.6,20.2,1014.2,1014.2,1013.3,1.6,251,4.5,436.7,1.2
A765,05/11/2017,13,21.6,21.7,21.3,92,93,92,20.2,20.4,20.0,1014.9,1014.9,1014.2,1.5,245,4.9,430.0,0.4
A765,05/11/2017,15,21.8,22.6,21.7,88,88,84,19.8,20.1,19.2,1015.6,1015.6,1015.2,1.5,224,4.7,635.6,0.2
A765,05/11/2017,18,21.3,22.1,21.3,92,92,90,19.9,20.7,19.9,1015.0,1015.1,1014.8,1.9,192,3.9,337.6,0.8
A765,05/11/2017,19,21.3,21.6,21.1,93,93,91,20.0,20.3,19.7,1014.9,1015.1,1014.8,1.3,240,4.3,353.9,0.4
A765,05/11/2017,07,21.7,21.7,21.3,94,94,93,20.7,20.7,20.3,1008.2,1008.2,1007.5,0.9,308,1.6,-2.54,0.0
A765,05/11/2017,17,21.7,22.0,21.5,91,93,91,20.2,20.7,20.1,1015.1,1015.4,1015.1,0.8,167,2.4,448.5,0.2
A765,05/11/2017,16,21.5,21.9,21.3,93,93,88,20.2,20.4,19.8,1015.3,1015.6,1015.3,1.1,213,4.3,496.9,2.2
A765,06/11/2017,05,19.2,19.4,19.0,94,94,92,18.2,18.3,17.9,1015.3,1016.0,1015.3,1.0,208,2.7,-0.19,0.0
A765,06/11/2017,14,20.9,21.9,20.9,89,89,84,19.1,19.4,18.6,1018.3,1018.6,1018.2,1.6,45,4.4,819.5,0.4
A765,06/11/2017,13,21.2,21.7,20.3,86,93,86,18.8,19.8,18.8,1018.5,1018.8,1018.5,1.2,4,2.8,898.7,0.0
A765,06/11/2017,03,19.4,20.0,19.4,93,93,90,18.2,18.6,18.0,1016.9,1018.0,1016.9,0.8,252,4.0,0.939,0.0
A765,06/11/2017,21,22.0,22.0,21.6,78,83,78,18.0,18.6,18.0,1016.1,1016.3,1016.1,1.9,130,5.7,52.12,0.0
A765,06/11/2017,01,19.7,20.1,19.6,93,95,91,18.5,19.0,18.3,1018.1,1018.1,1017.5,1.2,261,3.6,-0.19,0.2
A765,06/11/2017,04,19.4,19.6,19.2,93,94,93,18.3,18.5,18.1,1016.0,1016.9,1016.0,1.3,316,2.7,-0.07,0.0
A765,06/11/2017,11,20.1,20.4,19.7,93,95,92,19.0,19.2,18.9,1018.2,1018.2,1017.4,0.7,211,2.9,170.2,0.0
A765,06/11/2017,23,20.9,21.7,20.8,85,86,81,18.2,18.4,18.1,1016.9,1017.0,1016.5,1.2,354,5.4,-0.44,0.0
A765,06/11/2017,00,19.7,20.1,19.7,95,95,94,18.8,19.1,18.7,1017.6,1017.6,1016.9,2.1,305,4.6,-0.30,0.8
A765,06/11/2017,09,19.6,19.7,19.4,95,95,95,18.8,18.9,18.5,1016.9,1016.9,1016.2,2.0,293,3.1,7.434,1.0
A765,06/11/2017,10,19.7,19.8,19.6,95,95,95,18.9,19.0,18.7,1017.4,1017.4,1016.8,1.4,308,3.2,88.39,0.4
A765,06/11/2017,12,20.4,20.4,20.1,93,94,92,19.3,19.4,18.8,1018.7,1018.7,1018.2,1.1,351,3.0,310.9,0.2
A765,06/11/2017,18,22.8,23.5,22.7,77,77,73,18.6,19.0,18.0,1016.7,1017.2,1016.7,1.9,92,3.6,1164.,0.0
A765,06/11/2017,20,21.7,22.0,21.0,81,86,79,18.4,18.7,18.1,1016.1,1016.3,1016.0,1.1,336,5.0,248.0,0.0
A765,06/11/2017,22,21.6,22.0,21.6,81,81,76,18.2,18.3,17.6,1016.5,1016.5,1016.1,1.8,95,6.9,6.614,0.0
A765,06/11/2017,15,22.4,22.5,20.9,79,90,79,18.6,19.4,18.2,1018.0,1018.3,1018.0,1.4,56,4.4,1410.,0.0
A765,06/11/2017,08,19.6,19.8,19.1,95,96,95,18.7,19.0,18.4,1016.2,1016.2,1015.3,1.3,255,2.9,0.536,0.0
A765,06/11/2017,16,22.7,22.7,22.3,78,81,78,18.6,19.0,18.3,1017.6,1018.1,1017.6,2.2,89,4.5,691.9,0.0
A765,06/11/2017,19,21.9,23.0,21.9,79,79,73,18.1,18.8,17.6,1016.3,1016.7,1016.3,2.3,92,6.1,469.5,0.0
A765,06/11/2017,07,19.2,19.3,19.1,96,96,95,18.4,18.5,18.3,1015.3,1015.4,1015.0,1.3,206,2.6,0.539,3.0
A765,06/11/2017,02,19.9,20.1,19.5,90,94,90,18.3,19.2,18.1,1018.0,1018.2,1017.9,2.2,278,4.0,0.908,0.0
A765,06/11/2017,06,19.3,19.4,19.0,95,95,94,18.5,18.6,18.0,1015.0,1015.3,1014.9,1.2,281,2.5,-0.13,0.2
A765,06/11/2017,17,23.2,23.2,22.5,76,79,74,18.7,18.8,17.8,1017.2,1017.6,1017.2,1.6,113,4.2,1069.,0.0
A765,07/11/2017,11,22.8,23.1,19.7,71,93,71,17.2,18.7,17.2,1016.9,1016.9,1016.5,0.9,145,2.6,1343.,0.0
A765,07/11/2017,21,21.7,22.1,21.7,80,83,80,18.2,18.8,18.1,1015.4,1015.5,1015.3,5.2,117,10.3,92.56,0.0
A765,07/11/2017,05,19.4,19.8,19.4,92,93,91,18.1,18.4,18.1,1015.7,1016.4,1015.7,0.9,340,1.4,-0.80,0.0
A765,07/11/2017,04,19.7,19.8,19.6,91,91,90,18.2,18.3,18.0,1016.4,1017.0,1016.3,0.4,320,1.6,-1.23,0.0
A765,07/11/2017,23,21.0,21.9,20.8,82,85,78,17.8,18.3,17.4,1015.8,1016.0,1015.7,1.0,4,9.0,-2.22,0.0
A765,07/11/2017,01,20.3,20.5,20.3,91,91,89,18.8,19.0,18.6,1017.5,1017.5,1017.1,0.8,340,1.7,-1.71,0.0
A765,07/11/2017,18,22.6,22.8,22.4,77,80,73,18.3,18.7,17.5,1015.7,1016.1,1015.7,3.0,125,7.7,527.2,0.0
A765,07/11/2017,03,19.7,19.8,19.6,90,92,90,18.0,18.3,18.0,1017.0,1017.4,1017.0,1.0,338,1.6,-1.15,0.0
A765,07/11/2017,22,21.8,21.8,21.6,81,83,80,18.3,18.7,18.1,1015.7,1015.7,1015.3,4.0,117,10.9,13.30,0.0
A765,07/11/2017,00,20.5,20.9,20.4,90,90,85,18.7,18.7,18.2,1017.1,1017.2,1016.9,0.6,3,1.9,-1.16,0.0
A765,07/11/2017,13,24.4,24.8,23.2,68,72,65,18.2,18.4,17.3,1017.5,1017.6,1017.2,2.4,124,5.7,2632.,0.0
A765,07/11/2017,12,23.3,23.7,22.7,71,73,69,17.8,17.9,17.2,1017.2,1017.2,1016.9,2.1,121,3.9,2039.,0.0
A765,07/11/2017,09,18.2,18.4,18.2,93,94,92,17.0,17.5,16.9,1015.9,1015.9,1015.5,0.3,242,2.5,33.48,0.0
A765,07/11/2017,19,22.3,22.7,22.2,78,80,76,18.2,18.9,18.2,1015.4,1015.7,1015.4,3.2,135,8.2,492.3,0.0
A765,07/11/2017,14,24.7,25.3,23.9,66,71,63,17.8,18.7,17.6,1017.2,1017.5,1017.2,3.4,119,6.4,3583.,0.0
A765,07/11/2017,15,24.0,25.6,24.0,69,70,65,17.8,19.2,17.7,1017.0,1017.2,1016.9,3.7,120,7.3,3308.,0.0
A765,07/11/2017,20,22.1,22.4,22.1,81,81,77,18.8,18.8,18.1,1015.5,1015.6,1015.3,4.0,121,9.5,248.9,0.0
A765,07/11/2017,17,22.5,23.3,22.5,77,78,69,18.3,18.4,17.3,1016.1,1016.8,1016.1,4.0,134,7.7,831.9,0.0
A765,07/11/2017,16,22.7,24.6,22.7,74,75,68,17.9,18.8,17.6,1016.8,1017.0,1016.7,3.1,137,6.4,1006.,0.0
A765,07/11/2017,02,19.7,20.4,19.7,92,92,90,18.3,18.8,18.2,1017.3,1017.6,1017.3,1.0,332,2.3,-2.42,0.0
A765,07/11/2017,08,18.4,18.9,18.3,94,95,94,17.5,18.0,17.4,1015.5,1015.5,1015.0,0.7,338,1.6,-3.48,0.0
A765,07/11/2017,06,19.2,19.5,19.2,92,93,92,17.9,18.3,17.9,1015.0,1015.7,1015.0,0.5,215,2.0,-1.14,0.0
A765,07/11/2017,10,19.7,19.7,18.1,93,93,93,18.5,18.5,16.9,1016.6,1016.7,1015.9,0.7,267,1.2,457.5,0.0
A765,07/11/2017,07,18.8,19.6,18.8,94,94,92,17.8,18.4,17.8,1015.0,1015.2,1014.9,0.3,264,1.7,-3.56,0.0
A765,08/11/2017,01,20.4,21.2,20.3,85,86,80,17.8,18.1,17.5,1016.1,1016.1,1016.0,1.2,351,6.5,2.042,0.0
A765,08/11/2017,09,19.5,19.6,19.3,89,89,86,17.6,17.6,17.2,1014.6,1014.6,1014.0,0.8,314,1.4,23.68,0.0
A765,08/11/2017,04,21.0,21.0,20.3,77,86,77,16.8,18.0,16.8,1014.1,1014.7,1014.1,1.6,99,4.5,-0.31,0.0
A765,08/11/2017,18,24.3,25.4,24.2,69,69,64,18.1,18.7,17.6,1012.9,1013.3,1012.9,1.6,128,4.5,1395.,0.0
A765,08/11/2017,22,23.1,23.3,22.9,79,81,78,19.1,19.8,19.1,1012.6,1012.6,1012.0,1.3,146,3.9,21.14,0.0
A765,08/11/2017,23,22.6,23.2,22.6,81,81,77,19.2,19.3,18.8,1012.7,1012.8,1012.4,1.7,120,4.4,-1.99,0.0
A765,08/11/2017,00,21.1,21.2,20.4,83,86,80,18.1,18.1,17.5,1016.0,1016.0,1015.7,2.3,88,6.5,-0.43,0.2
A765,08/11/2017,17,25.3,25.3,23.8,65,72,63,18.3,19.0,17.3,1013.1,1013.3,1013.1,2.1,132,6.3,2109.,0.0
A765,08/11/2017,10,20.3,20.3,19.5,84,89,84,17.5,18.0,17.4,1015.0,1015.0,1014.6,1.0,329,1.9,275.0,0.0
A765,08/11/2017,12,23.6,24.1,21.8,67,75,66,17.2,17.9,16.7,1014.9,1015.1,1014.8,1.1,123,3.2,1607.,0.0
A765,08/11/2017,08,19.5,19.9,19.5,86,88,85,17.2,17.9,17.1,1014.0,1014.0,1013.8,0.7,301,2.5,-0.60,0.0
A765,08/11/2017,21,23.3,23.7,23.2,80,81,74,19.7,19.7,18.7,1012.0,1012.0,1011.6,1.8,266,4.0,183.6,0.0
A765,08/11/2017,05,20.1,21.1,20.1,86,87,75,17.8,17.9,16.6,1013.7,1014.1,1013.6,1.1,332,4.5,-1.31,0.0
A765,08/11/2017,11,22.1,22.2,20.3,74,84,74,17.3,17.9,17.2,1014.8,1015.1,1014.8,0.2,5,1.9,803.8,0.0
A765,08/11/2017,15,26.2,26.5,25.1,61,66,59,18.1,19.1,17.4,1013.3,1013.5,1013.2,3.1,110,6.8,3540.,0.0
A765,08/11/2017,19,23.7,24.9,23.7,69,72,66,17.8,18.9,17.7,1011.8,1012.9,1011.8,1.4,129,3.4,855.0,0.0
A765,08/11/2017,13,24.4,24.9,23.4,66,70,62,17.7,18.2,16.8,1014.5,1014.9,1014.4,2.7,122,4.1,3076.,0.2
A765,08/11/2017,16,24.9,26.2,24.3,64,65,59,17.6,18.0,16.8,1013.2,1013.5,1013.2,2.7,129,6.4,1697.,0.0
A765,08/11/2017,20,23.7,24.2,23.5,74,74,69,18.8,18.9,17.9,1011.7,1011.8,1011.7,1.6,219,3.9,521.8,0.0
A765,08/11/2017,14,25.6,25.8,24.4,65,66,60,18.5,18.5,17.1,1013.4,1014.5,1013.4,3.4,113,6.3,3516.,0.0
A765,08/11/2017,06,20.2,20.3,19.8,83,89,83,17.3,18.1,17.2,1013.6,1013.8,1013.5,1.1,290,3.0,-1.52,0.0
A765,08/11/2017,07,19.9,20.2,19.9,88,88,83,17.9,17.9,17.2,1013.9,1014.0,1013.6,0.5,311,2.0,-0.96,0.0
A765,08/11/2017,03,20.3,20.8,20.3,85,87,82,17.6,18.1,17.5,1014.7,1015.6,1014.7,0.8,37,3.3,0.496,0.0
A765,08/11/2017,02,20.5,20.5,20.2,86,87,85,18.1,18.2,17.8,1015.5,1016.1,1015.5,0.9,312,2.6,0.610,0.0
A765,09/11/2017,16,23.5,23.7,22.6,82,86,81,20.3,20.9,20.0,1012.6,1013.4,1012.6,2.2,122,4.7,1832.,0.0
A765,09/11/2017,15,22.8,23.0,22.4,85,87,84,20.2,20.7,19.7,1013.4,1014.0,1013.3,3.0,102,4.8,1347.,0.0
A765,09/11/2017,09,20.2,20.4,20.1,94,94,91,19.3,19.3,18.9,1013.6,1013.6,1013.1,0.6,252,1.8,3.328,4.0
A765,09/11/2017,20,23.6,23.6,23.0,79,83,79,19.7,20.2,19.7,1010.9,1011.2,1010.9,0.9,278,6.7,498.2,0.0
A765,09/11/2017,11,20.0,20.1,19.8,96,96,95,19.3,19.4,19.0,1014.4,1014.4,1014.1,0.7,319,1.5,151.5,3.6
A765,09/11/2017,13,21.7,21.9,20.6,87,94,87,19.5,19.9,19.3,1014.5,1014.7,1014.5,0.5,22,1.2,803.3,0.0
A765,09/11/2017,08,20.3,20.9,20.3,91,91,88,18.8,19.1,18.8,1013.1,1013.1,1012.6,1.0,221,3.0,-1.83,1.2
A765,09/11/2017,12,20.6,20.7,20.0,94,96,94,19.6,19.8,19.3,1014.6,1014.7,1014.4,0.5,1,1.3,375.2,0.0
A765,09/11/2017,05,21.3,21.9,21.3,87,87,83,19.0,19.2,18.7,1012.7,1012.9,1012.7,1.1,218,3.3,-2.55,0.0
A765,09/11/2017,17,25.0,25.4,23.2,77,83,76,20.7,21.5,19.9,1011.6,1012.6,1011.6,2.3,112,4.6,3200.,0.0
A765,09/11/2017,06,21.8,21.9,21.3,80,88,80,18.3,19.2,18.2,1012.9,1012.9,1012.7,1.3,147,4.6,-0.93,0.0
A765,09/11/2017,01,22.7,22.8,22.6,80,80,79,19.2,19.2,18.9,1013.7,1013.7,1013.2,1.0,175,4.7,-0.40,0.0
A765,09/11/2017,19,23.2,25.3,22.9,83,83,75,20.0,20.9,19.5,1011.0,1011.0,1010.8,3.0,173,8.0,1561.,0.0
A765,09/11/2017,07,20.8,21.9,20.7,90,90,80,19.0,19.1,18.2,1012.6,1012.9,1012.5,1.6,338,2.8,0.172,0.0
A765,09/11/2017,21,23.4,23.9,23.3,81,82,77,19.9,20.2,19.5,1010.7,1010.9,1010.7,1.4,217,3.1,367.2,0.0
A765,09/11/2017,22,22.2,23.4,22.2,86,86,81,19.8,20.1,19.8,1011.3,1011.4,1010.7,1.2,196,3.1,24.02,0.0
A765,09/11/2017,04,21.9,22.4,21.9,83,84,79,18.9,19.2,18.6,1012.9,1013.3,1012.9,1.3,254,3.3,-0.97,0.0
A765,09/11/2017,10,19.8,20.3,19.8,95,95,94,19.0,19.4,18.9,1014.2,1014.2,1013.6,0.6,233,1.9,14.11,9.2
A765,09/11/2017,18,25.0,25.3,23.7,77,81,75,20.6,21.1,20.0,1011.0,1011.6,1010.9,2.8,122,5.8,2417.,0.0
A765,09/11/2017,14,22.6,22.6,21.7,86,88,85,20.2,20.3,19.4,1014.0,1014.5,1014.0,1.4,112,2.9,933.5,0.0
A765,09/11/2017,02,22.6,22.7,22.5,79,81,78,18.7,19.2,18.7,1013.7,1014.1,1013.7,2.0,117,5.4,-0.35,0.0
A765,09/11/2017,03,22.4,22.6,22.3,80,80,78,18.7,19.0,18.5,1013.3,1013.7,1013.3,1.0,186,4.4,-0.95,0.0
A765,09/11/2017,23,21.7,22.2,21.7,88,88,86,19.6,19.9,19.6,1011.5,1011.5,1011.3,1.2,219,3.5,-1.47,0.0
A765,09/11/2017,00,22.6,22.7,22.5,80,82,79,19.0,19.2,18.8,1013.2,1013.2,1012.7,1.8,116,5.0,-0.92,0.0
A765,10/11/2017,22,22.5,22.8,22.4,93,93,91,21.3,21.3,20.9,1004.8,1004.9,1004.2,1.4,52,3.6,10.25,1.2
A765,10/11/2017,19,23.3,24.0,23.3,87,89,86,21.0,21.8,21.0,1004.8,1005.2,1004.8,1.8,121,5.0,790.0,0.0
A765,10/11/2017,01,21.4,21.5,21.4,89,89,87,19.4,19.5,19.3,1012.2,1012.2,1011.8,1.2,220,3.0,-0.60,0.0
A765,10/11/2017,09,20.8,20.9,20.4,94,94,94,19.8,19.8,19.4,1010.6,1010.6,1009.7,0.9,216,2.0,37.65,0.0
A765,10/11/2017,10,21.7,21.7,20.8,90,94,90,19.9,20.1,19.8,1010.9,1011.1,1010.6,1.1,207,2.6,324.7,0.0
A765,10/11/2017,05,21.1,21.3,21.1,93,93,92,19.9,20.1,19.9,1010.9,1011.0,1010.6,0.9,246,1.8,-1.32,0.0
A765,10/11/2017,17,25.9,27.4,25.9,75,77,71,21.1,22.3,21.0,1005.3,1006.2,1005.2,3.6,111,6.5,3509.,0.0
A765,10/11/2017,04,21.3,21.4,21.3,92,92,90,19.9,19.9,19.6,1011.0,1012.0,1011.0,1.2,288,1.7,-1.21,0.0
A765,10/11/2017,15,25.8,26.0,25.0,76,79,74,21.2,21.4,20.5,1007.6,1008.5,1007.6,2.6,117,5.6,3607.,0.0
A765,10/11/2017,08,20.7,20.7,20.5,94,94,93,19.6,19.8,19.5,1009.7,1010.1,1009.7,0.5,280,1.4,-1.64,0.0
A765,10/11/2017,11,22.6,22.8,21.7,83,90,83,19.5,20.0,19.5,1010.5,1010.9,1010.4,0.9,209,2.8,820.8,0.0
A765,10/11/2017,03,21.3,21.5,21.3,90,90,89,19.6,19.7,19.5,1012.0,1012.3,1012.0,0.7,224,2.1,0.234,0.0
A765,10/11/2017,16,27.0,27.0,25.7,75,78,72,22.1,22.1,20.9,1006.2,1007.6,1006.2,2.6,115,5.4,3613.,0.0
A765,10/11/2017,21,22.6,22.6,22.3,93,93,91,21.3,21.4,20.9,1004.3,1004.4,1004.0,1.0,133,2.9,119.4,1.2
A765,10/11/2017,12,23.5,24.2,22.5,82,84,80,20.3,20.7,19.5,1010.4,1010.7,1010.4,1.3,98,2.6,1176.,0.0
A765,10/11/2017,02,21.4,21.5,21.4,89,89,89,19.6,19.6,19.4,1012.3,1012.4,1012.2,0.8,229,3.0,-0.47,0.0
A765,10/11/2017,13,25.2,25.5,23.5,76,82,76,20.8,21.4,20.1,1009.6,1010.4,1009.6,2.1,120,4.4,2541.,0.0
A765,10/11/2017,23,22.1,22.5,22.0,95,95,93,21.3,21.6,21.1,1004.7,1005.3,1004.2,0.9,27,6.0,-0.07,6.6
A765,10/11/2017,00,21.5,21.7,21.5,87,88,87,19.4,19.6,19.4,1011.8,1011.8,1011.5,1.6,229,4.2,-0.25,0.0
A765,10/11/2017,06,20.8,21.1,20.7,94,94,92,19.7,20.0,19.6,1010.4,1010.9,1010.4,0.9,224,2.1,-2.63,0.0
A765,10/11/2017,07,20.7,20.8,20.7,94,94,94,19.7,19.9,19.6,1010.1,1010.4,1010.1,0.9,306,2.1,-0.88,0.0
A765,10/11/2017,20,22.5,23.4,22.5,91,91,86,21.0,21.3,20.7,1004.3,1004.9,1004.2,1.5,88,3.3,153.9,5.2
A765,10/11/2017,14,25.0,25.5,24.5,77,79,75,20.6,21.2,20.3,1008.4,1009.6,1008.4,3.2,121,5.5,3414.,0.0
A765,10/11/2017,18,23.6,26.2,23.6,88,88,74,21.5,21.6,20.4,1005.1,1005.4,1005.1,2.4,126,6.3,1020.,1.0
A765,11/11/2017,22,21.4,22.2,21.4,87,87,79,19.0,19.0,18.2,1008.3,1008.3,1007.8,1.0,330,2.8,51.36,0.0
A765,11/11/2017,01,22.1,23.4,21.6,94,95,85,21.0,21.4,20.3,1006.0,1006.1,1004.3,3.7,211,7.9,0.910,12.2
A765,11/11/2017,08,21.0,21.3,21.0,95,96,95,20.2,20.5,20.2,1005.3,1005.4,1004.6,0.5,312,2.5,0.976,0.0
A765,11/11/2017,07,21.3,21.4,21.0,95,95,95,20.4,20.6,20.3,1004.6,1004.7,1004.5,1.3,299,5.7,0.666,0.0
A765,11/11/2017,03,21.2,21.7,21.2,93,94,92,20.0,20.6,19.9,1006.9,1008.0,1006.9,0.7,173,10.3,0.359,1.0
A765,11/11/2017,21,22.1,23.2,22.1,79,79,75,18.3,19.0,17.9,1007.9,1007.9,1007.7,1.3,174,4.6,557.2,0.0
A765,11/11/2017,14,20.9,22.6,20.9,92,92,86,19.6,20.6,19.6,1008.8,1008.8,1008.5,2.2,228,6.2,714.1,1.4
A765,11/11/2017,06,21.0,21.2,20.8,95,95,95,20.3,20.3,20.0,1004.7,1005.0,1004.6,2.3,207,5.4,0.263,3.0
A765,11/11/2017,11,21.0,22.0,21.0,94,96,93,19.9,21.2,19.9,1007.8,1007.8,1007.1,2.4,234,7.8,264.1,0.8
A765,11/11/2017,12,21.5,21.6,21.0,94,94,94,20.5,20.6,19.9,1008.3,1008.3,1007.8,2.0,236,5.9,579.7,0.4
A765,11/11/2017,02,21.3,22.7,21.0,94,95,92,20.4,21.6,20.1,1007.8,1008.0,1006.0,3.9,245,13.3,1.492,13.2
A765,11/11/2017,09,21.2,21.2,20.9,96,96,95,20.5,20.5,20.2,1006.3,1006.3,1005.3,0.7,275,1.7,5.275,0.0
A765,11/11/2017,23,19.6,21.4,19.6,92,92,87,18.2,19.2,18.2,1008.7,1008.7,1008.2,1.0,319,2.0,-3.60,0.0
A765,11/11/2017,05,21.1,21.3,21.1,95,95,94,20.3,20.3,20.2,1004.8,1005.4,1004.7,0.9,209,2.1,-0.24,0.0
A765,11/11/2017,10,21.3,21.3,21.0,96,96,96,20.6,20.6,20.3,1007.1,1007.1,1006.3,0.5,139,1.7,78.56,0.0
A765,11/11/2017,04,21.2,21.4,21.2,94,94,93,20.3,20.4,20.0,1005.4,1006.9,1005.4,1.0,18,3.3,0.184,1.6
A765,11/11/2017,19,22.2,22.7,22.0,83,83,81,19.0,19.5,18.7,1008.0,1008.1,1007.9,1.9,208,5.2,529.4,0.0
A765,11/11/2017,00,22.2,22.4,22.0,95,96,95,21.5,21.6,21.2,1006.1,1006.3,1004.7,2.8,339,5.8,-0.47,0.4
A765,11/11/2017,16,21.9,22.0,20.9,89,94,89,20.1,20.3,19.8,1008.5,1008.8,1008.5,1.6,246,4.9,636.9,1.0
A765,11/11/2017,13,21.7,21.9,21.3,92,94,91,20.4,20.7,19.9,1008.6,1008.7,1008.3,1.2,230,5.2,1258.,0.4
A765,11/11/2017,15,20.9,21.1,20.8,93,94,92,19.8,20.1,19.6,1008.8,1008.8,1008.7,1.6,225,6.2,489.2,0.8
A765,11/11/2017,18,22.5,22.6,21.7,82,88,82,19.3,19.8,19.0,1007.9,1008.2,1007.8,1.8,221,4.4,708.5,0.0
A765,11/11/2017,17,21.7,21.9,21.6,88,89,87,19.6,20.0,19.3,1008.2,1008.5,1008.2,1.6,236,5.0,467.9,0.0
A765,11/11/2017,20,22.9,22.9,22.1,77,83,77,18.7,19.2,18.4,1007.8,1008.2,1007.8,1.9,182,4.8,665.5,0.0
A765,12/11/2017,00,18.6,19.6,18.6,89,92,88,16.9,18.1,16.8,1008.9,1008.9,1008.6,1.1,293,1.9,-3.60,0.0
A765,12/11/2017,09,15.2,15.2,14.1,93,94,93,14.1,14.1,13.2,1005.9,1005.9,1005.3,1.9,224,4.4,32.54,0.0
A765,12/11/2017,21,24.0,25.6,24.0,61,64,58,16.1,17.5,16.1,1005.7,1005.8,1005.5,2.3,99,5.3,508.8,0.0
A765,12/11/2017,22,22.9,24.1,22.9,68,68,60,16.7,16.7,15.4,1006.4,1006.4,1005.7,1.0,64,3.8,61.61,0.0
A765,12/11/2017,14,31.0,31.2,29.4,31,42,26,11.7,15.6,9.1,1006.1,1006.7,1006.1,2.3,225,7.1,3716.,0.0
A765,12/11/2017,13,29.8,29.8,24.4,42,59,38,15.6,16.0,12.6,1006.7,1007.0,1006.7,1.0,140,2.7,3180.,0.0
A765,12/11/2017,02,16.8,17.6,16.6,81,92,81,13.6,16.2,13.6,1008.6,1009.2,1008.6,1.9,335,3.2,-3.60,0.0
A765,12/11/2017,03,16.1,17.1,16.0,90,90,76,14.5,14.6,12.8,1007.6,1008.6,1007.6,0.9,287,4.0,-3.60,0.0
A765,12/11/2017,06,15.0,15.5,14.9,96,96,96,14.4,15.0,14.3,1005.2,1005.5,1005.1,1.1,241,2.3,-3.52,0.0
A765,12/11/2017,12,24.7,24.7,20.7,50,68,44,13.4,14.7,11.8,1007.0,1007.1,1006.9,0.6,329,1.7,2447.,0.0
A765,12/11/2017,10,17.4,17.4,15.2,87,93,87,15.1,15.2,14.1,1006.9,1006.9,1005.9,0.7,230,4.4,272.5,0.0
A765,12/11/2017,05,15.1,15.3,14.9,96,96,90,14.4,14.5,13.2,1005.4,1006.5,1005.4,0.6,340,1.9,-2.81,0.0
A765,12/11/2017,23,20.5,22.9,20.5,83,85,68,17.6,18.1,16.7,1007.2,1007.2,1006.4,1.0,4,2.2,-3.60,0.0
A765,12/11/2017,11,20.7,20.7,17.4,67,86,64,14.3,15.2,13.2,1007.1,1007.1,1006.9,1.0,267,2.3,1627.,0.0
A765,12/11/2017,19,26.4,28.7,25.8,57,59,43,17.2,17.7,14.4,1005.3,1005.5,1005.3,3.1,108,6.9,2415.,0.0
A765,12/11/2017,01,17.6,18.6,17.6,92,93,89,16.2,16.8,16.2,1009.0,1009.1,1008.9,0.9,286,1.9,-3.60,0.0
A765,12/11/2017,08,14.4,14.8,14.4,94,96,94,13.4,14.1,13.4,1005.3,1005.4,1005.2,1.0,258,2.4,-3.60,0.0
A765,12/11/2017,15,30.2,31.1,30.1,34,35,30,12.7,13.4,11.2,1005.7,1006.2,1005.7,3.2,185,8.7,3951.,0.0
A765,12/11/2017,04,15.0,16.3,14.6,90,95,90,13.3,15.1,13.3,1006.5,1007.6,1006.5,1.0,278,2.6,-2.63,0.0
A765,12/11/2017,20,25.4,26.4,25.3,59,61,56,16.8,17.6,16.5,1005.5,1005.5,1005.2,2.9,127,5.9,1512.,0.0
A765,12/11/2017,07,14.7,15.2,14.7,95,96,95,13.9,14.6,13.9,1005.2,1005.2,1005.1,1.0,305,2.5,-3.59,0.2
A765,12/11/2017,18,27.9,29.7,27.1,44,48,36,14.6,15.5,12.7,1005.4,1005.5,1005.3,3.6,152,8.1,3140.,0.0
A765,12/11/2017,17,29.4,30.0,28.8,39,40,34,13.9,14.4,12.5,1005.3,1005.4,1005.1,3.5,181,9.5,3674.,0.0
A765,12/11/2017,16,29.7,30.6,29.6,36,37,32,13.1,13.8,12.0,1005.4,1005.7,1005.3,3.7,188,9.3,3938.,0.0
A765,13/11/2017,15,24.9,25.7,24.6,62,63,51,17.2,17.5,15.0,1013.5,1013.7,1013.5,3.8,153,6.7,3946.,0.0
A765,13/11/2017,13,25.2,25.6,24.4,56,61,51,15.8,16.8,14.9,1013.8,1013.8,1013.6,2.9,115,4.9,3163.,0.0
A765,13/11/2017,14,25.4,26.3,25.2,54,57,51,15.4,16.6,14.4,1013.7,1013.9,1013.7,2.9,164,5.0,3673.,0.0
A765,13/11/2017,11,24.2,24.3,21.2,58,87,58,15.5,18.9,15.4,1013.3,1013.3,1012.6,1.5,114,4.2,1615.,0.0
A765,13/11/2017,00,20.2,20.5,20.0,82,85,82,17.1,17.7,17.1,1007.5,1007.5,1007.2,1.1,329,2.8,-3.60,0.0
A765,13/11/2017,12,24.4,25.1,23.8,59,61,56,15.9,16.6,14.8,1013.7,1013.7,1013.3,2.0,125,4.2,2449.,0.0
A765,13/11/2017,06,18.9,19.0,18.6,92,92,91,17.6,17.6,17.1,1010.8,1010.8,1010.7,0.3,248,2.1,-3.32,0.0
A765,13/11/2017,21,22.6,23.0,22.6,70,73,70,16.9,17.6,16.8,1013.2,1013.3,1013.0,2.2,156,6.1,310.3,0.0
A765,13/11/2017,05,18.7,18.8,18.4,91,92,89,17.2,17.4,16.7,1010.7,1010.9,1010.7,0.8,242,2.6,-3.10,0.0
A765,13/11/2017,02,18.8,19.1,18.5,92,93,88,17.4,17.5,16.9,1008.0,1008.0,1007.6,0.7,288,1.5,-3.60,0.0
A765,13/11/2017,22,22.0,22.7,22.0,70,71,65,16.2,17.1,15.7,1014.0,1014.0,1013.2,1.0,183,4.8,59.61,0.0
A765,13/11/2017,20,23.0,24.2,22.9,71,71,67,17.4,17.7,17.1,1013.0,1013.0,1012.8,3.0,156,8.0,658.4,0.0
A765,13/11/2017,01,19.0,20.2,19.0,88,89,82,16.9,17.5,16.9,1007.6,1007.6,1007.5,0.7,251,2.1,-3.60,0.0
A765,13/11/2017,04,18.6,19.1,18.6,89,89,85,16.8,17.2,16.5,1010.8,1010.8,1010.2,0.8,248,2.6,-3.60,0.0
A765,13/11/2017,23,20.7,22.1,20.7,80,80,61,17.2,17.4,14.2,1014.7,1014.7,1014.0,0.8,260,4.1,-3.60,0.0
A765,13/11/2017,19,24.2,24.9,23.4,68,70,66,17.9,18.4,17.3,1012.8,1012.8,1012.6,3.5,157,8.5,2056.,0.0
A765,13/11/2017,10,21.3,21.3,18.5,87,93,87,19.0,19.1,17.4,1012.6,1012.7,1011.9,0.5,185,1.1,349.8,0.0
A765,13/11/2017,17,24.7,26.0,24.6,63,65,60,17.2,18.2,16.6,1013.0,1013.4,1013.0,3.9,154,8.5,3858.,0.0
A765,13/11/2017,18,24.3,25.2,24.3,66,68,63,17.6,18.4,17.0,1012.7,1013.0,1012.7,4.9,159,8.1,3266.,0.0
A765,13/11/2017,16,24.7,25.4,24.4,62,64,60,17.0,17.7,16.5,1013.3,1013.5,1013.3,4.8,161,8.9,3978.,0.0
A765,13/11/2017,03,19.1,20.1,18.4,85,92,84,16.6,18.2,16.5,1010.2,1010.2,1008.0,0.6,248,4.1,-3.60,0.0
A765,13/11/2017,09,18.5,19.1,18.3,93,93,91,17.4,17.8,17.0,1011.9,1011.9,1011.2,0.3,344,2.1,35.99,0.0
A765,13/11/2017,07,18.8,19.2,18.8,91,92,90,17.3,17.9,17.2,1010.8,1010.9,1010.7,0.6,346,1.6,-3.25,0.0
A765,13/11/2017,08,18.9,18.9,18.5,93,93,91,17.7,17.7,17.2,1011.2,1011.2,1010.8,1.1,331,1.8,-3.40,0.0
A765,14/11/2017,05,17.2,17.2,16.5,93,94,90,16.1,16.1,15.1,1013.8,1014.3,1013.8,1.4,294,1.9,-3.60,0.0
A765,14/11/2017,06,16.8,17.2,16.6,85,94,85,14.4,16.1,14.3,1013.7,1013.8,1013.7,1.2,327,2.1,-3.60,0.0
A765,14/11/2017,04,16.8,17.9,16.8,90,90,84,15.1,16.2,15.0,1014.3,1014.7,1014.3,0.5,220,1.9,-3.60,0.0
A765,14/11/2017,18,25.0,25.9,24.5,62,63,58,17.1,17.6,16.2,1015.0,1015.4,1015.0,2.9,125,6.3,3125.,0.0
A765,14/11/2017,01,18.6,19.2,18.5,89,90,86,16.7,17.1,16.4,1015.3,1015.3,1014.8,0.8,304,1.5,-3.60,0.0
A765,14/11/2017,09,16.3,16.3,15.6,92,92,91,15.1,15.1,14.3,1015.0,1015.0,1014.2,0.8,283,1.6,32.08,0.0
A765,14/11/2017,23,21.5,22.0,21.4,80,80,72,17.8,17.8,16.7,1016.0,1016.0,1015.5,0.8,14,4.2,-3.59,0.0
A765,14/11/2017,02,17.8,18.6,17.8,91,91,88,16.3,16.8,16.3,1015.1,1015.3,1015.1,0.4,261,1.3,-3.60,0.0
A765,14/11/2017,17,25.6,25.8,24.2,59,62,56,16.9,17.1,15.7,1015.4,1015.8,1015.4,3.1,137,6.6,3647.,0.0
A765,14/11/2017,10,18.4,18.4,16.3,86,93,86,16.1,16.4,14.9,1015.9,1015.9,1015.0,0.8,251,1.8,352.6,0.0
A765,14/11/2017,20,23.8,24.9,23.5,65,66,62,16.8,17.4,16.4,1014.9,1014.9,1014.7,2.8,108,5.4,1435.,0.0
A765,14/11/2017,12,23.5,23.9,21.7,54,65,53,13.7,14.9,13.3,1016.5,1016.5,1016.3,1.8,125,3.4,2462.,0.0
A765,14/11/2017,19,24.7,25.4,24.2,62,65,60,16.9,17.7,16.8,1014.8,1015.0,1014.8,2.6,112,5.9,2418.,0.0
A765,14/11/2017,07,16.5,16.8,16.0,92,92,85,15.1,15.2,14.2,1014.0,1014.0,1013.7,1.0,342,1.9,-3.60,0.0
A765,14/11/2017,08,15.8,16.5,15.7,91,93,91,14.4,15.2,14.4,1014.2,1014.2,1013.8,1.1,344,1.7,-3.60,0.0
A765,14/11/2017,11,21.7,21.7,18.4,63,86,62,14.4,16.5,13.9,1016.4,1016.4,1015.9,0.6,302,3.0,1626.,0.0
A765,14/11/2017,14,25.0,25.4,24.1,52,54,45,14.3,15.3,12.1,1016.4,1016.5,1016.4,3.4,114,6.1,3693.,0.0
A765,14/11/2017,13,24.5,25.2,23.6,51,56,45,13.8,14.6,12.1,1016.5,1016.6,1016.4,2.8,111,4.8,3200.,0.0
A765,14/11/2017,15,24.5,25.7,24.4,55,56,50,14.7,16.1,13.8,1016.1,1016.4,1016.1,2.7,153,6.7,3952.,0.0
A765,14/11/2017,21,22.5,23.9,22.5,70,70,64,16.8,17.1,16.6,1015.0,1015.1,1014.9,1.7,123,5.4,249.8,0.0
A765,14/11/2017,16,25.9,25.9,23.9,57,61,55,16.6,17.0,14.7,1015.8,1016.1,1015.8,2.6,139,8.7,3931.,0.0
A765,14/11/2017,22,22.0,22.5,22.0,72,74,69,16.6,17.1,16.6,1015.5,1015.5,1015.0,2.2,99,4.2,36.67,0.0
A765,14/11/2017,00,19.2,20.7,19.2,87,88,80,17.1,17.4,16.5,1014.8,1014.9,1014.7,0.6,301,2.0,-3.60,0.0
A765,14/11/2017,03,17.9,18.1,17.6,90,93,90,16.3,16.9,16.1,1014.7,1015.1,1014.7,1.0,326,1.9,-3.60,0.0
A765,15/11/2017,01,20.2,20.8,20.2,86,86,83,17.7,18.2,17.7,1016.4,1016.4,1016.2,1.0,301,2.2,-3.59,0.0
A765,15/11/2017,03,18.4,19.5,18.4,90,90,88,16.7,17.6,16.6,1015.7,1016.1,1015.7,0.7,319,2.1,-3.60,0.0
A765,15/11/2017,02,19.5,20.2,19.2,88,89,85,17.5,17.8,17.1,1016.1,1016.4,1016.1,0.5,335,2.6,-3.60,0.0
A765,15/11/2017,23,22.8,23.7,22.8,83,83,78,19.8,20.0,19.5,1010.2,1010.2,1009.9,0.6,310,1.4,-3.59,0.0
A765,15/11/2017,22,23.7,25.0,23.7,78,78,62,19.6,19.6,17.6,1009.9,1009.9,1009.8,0.6,274,2.7,53.01,0.0
A765,15/11/2017,05,17.9,18.1,17.6,90,92,90,16.2,16.7,16.1,1014.3,1015.0,1014.3,1.3,296,2.6,-3.60,0.0
A765,15/11/2017,04,17.9,18.4,17.9,91,91,89,16.4,16.7,16.2,1015.0,1015.7,1015.0,0.4,283,1.5,-3.60,0.0
A765,15/11/2017,18,27.4,27.8,25.9,59,64,53,18.5,19.2,17.2,1010.3,1011.4,1010.3,2.4,107,5.4,3004.,0.0
A765,15/11/2017,09,17.2,17.6,16.9,93,93,92,16.0,16.4,15.7,1014.1,1014.2,1013.9,0.3,154,1.5,36.63,0.0
A765,15/11/2017,10,19.2,19.3,17.2,88,93,88,17.1,17.3,16.0,1014.1,1014.1,1014.0,0.8,247,2.0,437.3,0.0
A765,15/11/2017,20,25.9,26.9,25.7,66,68,64,19.0,20.1,18.8,1009.7,1009.8,1009.6,2.5,104,4.2,1325.,0.0
A765,15/11/2017,13,25.1,25.3,24.0,62,64,59,17.3,17.7,16.2,1014.3,1014.5,1014.2,2.8,113,4.7,3056.,0.0
A765,15/11/2017,08,17.4,17.9,17.3,93,93,92,16.3,16.8,16.1,1014.0,1014.1,1014.0,0.8,314,1.7,-3.60,0.0
A765,15/11/2017,06,17.7,18.4,17.7,92,92,87,16.4,16.6,15.7,1014.0,1014.3,1014.0,0.7,273,2.6,-3.60,0.0
A765,15/11/2017,19,26.7,27.7,26.7,65,65,58,19.6,20.1,18.7,1009.7,1010.3,1009.7,1.9,133,4.5,2244.,0.0
A765,15/11/2017,11,22.8,23.0,19.2,66,88,65,16.2,17.7,15.7,1014.4,1014.4,1014.1,0.6,240,2.5,1589.,0.0
A765,15/11/2017,07,17.8,18.0,17.5,93,93,92,16.7,16.8,16.2,1014.1,1014.1,1013.9,1.2,319,1.9,-3.60,0.0
A765,15/11/2017,12,24.7,24.9,22.3,58,69,56,16.0,16.7,15.2,1014.5,1014.6,1014.4,1.7,117,4.1,2342.,0.0
A765,15/11/2017,17,27.0,27.6,25.5,63,64,56,19.3,19.3,17.2,1011.3,1012.4,1011.3,2.9,113,6.8,3526.,0.0
A765,15/11/2017,21,25.0,26.0,24.9,63,68,59,17.4,19.2,17.1,1009.8,1009.9,1009.7,1.3,106,4.5,390.8,0.0
A765,15/11/2017,15,26.3,26.5,25.0,63,66,57,18.6,18.8,16.9,1013.0,1013.7,1013.0,2.8,146,6.9,3813.,0.0
A765,15/11/2017,14,26.1,26.3,24.5,60,65,58,17.7,18.0,16.9,1013.7,1014.3,1013.7,2.6,112,5.6,3551.,0.0
A765,15/11/2017,16,26.0,26.4,25.3,62,65,60,18.3,18.9,17.6,1012.4,1013.0,1012.4,3.4,163,6.9,3804.,0.0
A765,15/11/2017,00,20.8,21.4,20.8,83,84,80,17.8,18.1,17.6,1016.3,1016.3,1016.0,1.1,1,2.0,-3.52,0.0
A765,16/11/2017,18,26.1,30.2,26.0,82,85,53,22.8,23.4,19.2,1007.2,1007.7,1006.7,3.1,268,10.3,264.2,5.2
A765,16/11/2017,03,21.0,21.4,20.9,91,93,91,19.4,20.1,19.4,1009.6,1010.0,1009.6,0.6,171,2.2,-3.59,0.0
A765,16/11/2017,10,30.2,30.6,29.2,47,51,44,17.5,18.3,17.0,1009.6,1009.6,1008.6,1.9,321,5.3,457.2,0.0
A765,16/11/2017,22,26.3,28.9,25.7,60,64,48,18.1,18.5,16.8,1007.4,1008.3,1006.4,4.0,5,13.4,-1.85,0.0
A765,16/11/2017,00,22.1,22.7,22.1,89,89,83,20.1,20.2,19.5,1010.5,1010.5,1010.2,0.8,332,1.5,-3.59,0.0
A765,16/11/2017,06,23.0,23.0,21.7,81,89,81,19.6,20.2,19.3,1008.1,1008.6,1008.0,0.9,118,6.1,-3.59,0.0
A765,16/11/2017,01,21.5,22.1,21.5,91,91,89,19.9,20.3,19.9,1010.4,1010.6,1010.4,0.8,285,1.5,-3.60,0.0
A765,16/11/2017,23,25.6,28.1,25.6,61,61,51,17.5,18.2,16.4,1008.9,1008.9,1007.4,3.6,281,10.6,-3.60,0.2
A765,16/11/2017,19,24.0,26.9,24.0,74,82,65,19.1,22.4,18.8,1006.1,1007.3,1006.0,3.1,342,8.7,158.3,5.0
A765,16/11/2017,04,21.1,21.2,20.9,91,92,91,19.6,19.8,19.5,1009.0,1009.7,1009.0,0.9,213,2.8,-3.60,0.0
A765,16/11/2017,02,21.4,21.5,21.1,92,93,91,20.1,20.1,19.7,1010.0,1010.4,1010.0,0.8,301,1.6,-3.58,0.0
A765,16/11/2017,05,21.8,21.9,21.1,87,92,87,19.6,20.0,19.5,1008.5,1009.0,1008.5,1.0,114,4.4,-3.59,0.0
A765,16/11/2017,09,29.9,30.1,24.3,47,79,46,17.4,20.6,17.1,1008.7,1008.7,1008.1,1.4,35,4.3,37.07,0.0
A765,16/11/2017,07,24.1,26.5,23.0,80,81,65,20.4,20.6,19.3,1008.0,1008.2,1007.9,1.2,341,7.0,-3.20,0.0
A765,16/11/2017,17,30.0,32.2,30.0,53,53,46,19.5,19.5,18.3,1007.7,1008.4,1007.6,1.6,346,7.0,920.7,0.0
A765,16/11/2017,08,27.2,29.5,24.0,62,80,48,19.2,20.4,17.3,1008.1,1008.1,1007.8,1.4,40,7.3,-3.39,0.0
A765,16/11/2017,21,27.8,28.4,24.7,54,77,47,17.5,20.5,16.2,1006.5,1006.6,1005.4,3.0,43,13.4,144.0,0.0
A765,16/11/2017,13,35.9,36.1,33.5,////,////,////,////,////,////,1010.0,1010.3,1009.8,2.4,82,5.6,2970.,0.0
A765,16/11/2017,11,31.8,31.8,30.1,////,52,41,////,18.9,16.8,1009.9,1009.9,1009.5,2.9,176,6.0,1488.,0.0
A765,16/11/2017,20,24.7,25.0,22.9,77,86,72,20.4,21.5,19.0,1005.7,1006.1,1005.5,1.9,69,5.5,431.7,0.6
A765,16/11/2017,12,33.8,34.2,31.8,////,////,////,////,////,////,1010.3,1010.3,1009.9,1.7,27,7.0,2278.,0.0
A765,16/11/2017,15,34.6,36.3,33.6,////,////,////,////,////,////,1009.1,1009.6,1009.0,2.3,135,8.8,3701.,0.0
A765,16/11/2017,14,35.7,36.7,34.2,////,////,////,////,////,////,1009.6,1010.0,1009.6,3.1,326,7.5,3439.,0.0
A765,16/11/2017,16,32.2,36.9,31.9,47,////,////,19.4,////,////,1008.4,1009.1,1008.4,3.3,148,8.1,2126.,0.0
A765,17/11/2017,17,24.1,24.3,23.7,84,86,84,21.3,21.7,21.1,1008.3,1008.7,1008.3,1.4,95,3.4,449.9,0.0
A765,17/11/2017,18,24.2,24.3,23.7,85,86,84,21.4,21.6,21.0,1008.3,1008.3,1008.1,2.0,105,4.2,597.6,0.0
A765,17/11/2017,20,23.5,24.9,23.2,87,88,77,21.2,21.3,20.3,1009.4,1009.6,1007.5,2.5,62,7.8,94.00,1.2
A765,17/11/2017,19,24.7,25.3,24.0,79,85,78,20.9,21.7,20.9,1007.9,1008.3,1007.8,1.4,187,3.4,829.7,0.0
A765,17/11/2017,22,22.1,22.1,21.6,92,93,92,20.8,20.8,20.3,1008.8,1008.8,1008.3,0.9,22,3.3,1.651,2.0
A765,17/11/2017,00,21.8,25.6,21.7,86,87,60,19.4,19.5,17.0,1010.8,1010.9,1008.9,2.7,235,7.3,-3.31,1.4
A765,17/11/2017,03,21.6,22.3,21.5,90,90,83,19.9,19.9,19.2,1006.7,1008.1,1006.7,0.7,329,5.1,-1.34,0.0
A765,17/11/2017,16,23.9,24.3,23.8,85,86,83,21.2,21.5,20.9,1008.7,1009.3,1008.7,1.8,109,4.0,539.4,0.0
A765,17/11/2017,08,23.2,23.2,22.1,85,86,83,20.4,20.5,19.1,1011.1,1011.1,1009.6,1.8,169,4.3,-2.02,0.0
A765,17/11/2017,01,21.9,22.0,21.5,86,90,86,19.5,19.8,19.4,1008.9,1011.1,1008.9,2.7,209,8.7,-2.20,0.6
A765,17/11/2017,23,23.4,25.0,22.0,80,92,71,19.7,20.7,19.4,1009.2,1009.3,1008.7,1.9,103,7.6,-2.63,3.4
A765,17/11/2017,04,21.4,21.6,21.1,90,91,89,19.7,19.9,19.5,1006.9,1007.0,1006.6,0.9,190,2.4,-2.57,0.0
A765,17/11/2017,02,21.9,22.3,21.8,86,87,84,19.4,19.9,19.3,1008.1,1008.9,1007.9,1.5,246,5.2,-1.46,0.0
A765,17/11/2017,06,22.1,23.4,21.7,85,88,73,19.4,19.6,18.2,1008.2,1008.2,1007.7,0.9,338,6.5,-2.11,0.0
A765,17/11/2017,21,21.7,23.5,21.6,92,92,85,20.3,21.0,19.9,1008.5,1009.4,1008.5,1.4,75,7.8,42.15,1.0
A765,17/11/2017,09,22.0,23.2,22.0,91,91,85,20.4,20.5,19.9,1012.0,1012.3,1011.1,1.0,211,4.3,2.736,2.4
A765,17/11/2017,05,21.7,21.7,20.9,88,92,88,19.6,19.9,19.5,1007.8,1007.8,1006.9,2.6,207,6.1,-0.74,0.0
A765,17/11/2017,10,21.9,22.1,21.7,94,94,91,20.9,21.0,20.5,1012.4,1012.8,1012.0,0.9,43,3.3,77.76,1.8
A765,17/11/2017,07,22.1,23.5,22.1,83,85,77,19.1,19.6,18.9,1009.6,1009.6,1008.2,1.0,169,6.0,-3.58,0.0
A765,17/11/2017,11,22.7,22.7,21.9,94,95,94,21.7,21.7,20.9,1012.2,1012.6,1012.2,1.0,345,1.9,397.3,0.0
A765,17/11/2017,13,24.4,25.4,24.0,85,87,82,21.7,22.4,21.4,1010.9,1012.0,1010.9,2.0,110,3.9,1730.,0.0
A765,17/11/2017,12,23.9,24.1,22.5,87,94,86,21.7,22.2,21.3,1011.9,1012.3,1011.9,1.3,83,2.6,927.8,0.0
A765,17/11/2017,14,23.8,24.4,23.7,85,86,83,21.2,21.6,21.0,1010.3,1010.9,1010.3,2.1,117,4.2,450.9,0.2
A765,17/11/2017,15,24.3,24.3,23.7,84,86,83,21.4,21.5,21.0,1009.2,1010.3,1009.2,2.1,97,4.1,536.8,0.0
A765,18/11/2017,14,30.0,32.6,30.0,57,57,48,20.5,20.7,19.6,1005.2,1005.2,1005.0,2.1,123,9.4,2052.,0.0
A765,18/11/2017,08,25.6,26.6,23.4,65,78,61,18.5,19.5,18.5,1005.5,1005.8,1005.3,1.4,55,4.9,-2.23,0.2
A765,18/11/2017,09,26.0,26.7,25.4,64,67,61,18.8,18.9,18.3,1005.5,1005.5,1005.2,1.7,61,6.6,34.82,0.0
A765,18/11/2017,16,28.7,30.1,28.0,57,64,56,19.2,21.0,18.8,1004.5,1004.8,1004.5,2.2,145,7.4,1163.,0.0
A765,18/11/2017,17,29.5,29.6,27.2,57,67,55,20.1,21.1,18.9,1004.0,1004.7,1004.0,1.8,140,5.2,1689.,0.0
A765,18/11/2017,18,25.3,29.7,25.3,78,78,56,21.3,21.6,18.9,1004.6,1004.8,1003.6,1.9,156,4.9,1359.,2.2
A765,18/11/2017,21,22.6,23.3,22.6,91,91,85,21.0,21.2,20.6,1006.5,1007.0,1006.3,0.9,5,6.7,21.73,2.2
A765,18/11/2017,20,23.3,24.4,23.3,88,90,88,21.2,22.5,21.2,1006.3,1006.5,1006.0,2.8,174,8.1,84.29,0.4
A765,18/11/2017,19,24.3,25.3,24.2,88,88,79,22.2,22.2,21.3,1006.2,1006.2,1004.6,1.4,217,8.1,456.0,0.0
A765,18/11/2017,10,26.6,27.4,25.9,64,64,58,19.1,19.2,18.2,1006.3,1006.3,1005.4,0.9,87,5.8,342.8,0.0
A765,18/11/2017,00,25.5,26.5,22.6,67,87,62,19.0,20.5,18.4,1009.2,1009.3,1009.0,2.1,23,8.0,-3.06,0.2
A765,18/11/2017,03,24.3,25.8,24.0,73,78,62,19.3,19.8,17.9,1007.8,1008.4,1007.7,1.5,329,6.1,-2.88,0.0
A765,18/11/2017,04,25.2,26.3,23.8,64,76,59,18.0,19.4,17.8,1007.2,1007.8,1007.2,0.9,112,6.0,-2.02,0.0
A765,18/11/2017,12,29.6,29.6,27.1,54,63,54,19.4,19.7,19.0,1005.8,1006.4,1005.8,3.6,67,8.0,1318.,0.0
A765,18/11/2017,11,27.4,27.5,26.2,60,66,60,19.0,19.5,18.8,1006.3,1006.6,1006.2,2.3,26,6.7,573.8,0.0
A765,18/11/2017,23,22.1,22.4,22.0,93,93,91,20.9,21.1,20.8,1006.5,1007.2,1006.3,0.4,16,2.3,-1.45,0.0
A765,18/11/2017,15,28.8,30.9,28.7,63,63,55,21.1,21.6,20.1,1004.5,1005.2,1004.5,3.6,151,7.3,2436.,0.0
A765,18/11/2017,22,22.3,22.6,22.2,91,93,90,20.7,21.3,20.6,1007.2,1007.2,1006.4,0.8,23,3.3,19.06,2.4
A765,18/11/2017,01,23.6,26.6,23.4,80,80,60,19.9,19.9,18.2,1008.9,1009.3,1008.9,1.2,157,6.2,1.118,0.0
A765,18/11/2017,13,32.0,32.0,29.4,49,56,48,19.9,20.3,19.1,1005.2,1005.8,1005.2,3.1,68,9.9,3149.,0.0
A765,18/11/2017,05,22.5,25.2,22.5,84,85,65,19.7,20.0,18.4,1006.7,1007.2,1006.7,0.8,97,3.1,-2.86,0.0
A765,18/11/2017,02,24.5,24.5,22.3,72,90,72,19.1,20.7,19.1,1008.3,1008.9,1008.3,2.5,78,5.4,-0.99,0.0
A765,18/11/2017,06,25.2,26.4,22.5,66,84,59,18.4,19.7,17.8,1006.4,1006.7,1006.2,1.2,210,5.7,-2.08,0.0
A765,18/11/2017,07,23.4,25.4,23.4,78,78,64,19.3,19.4,18.1,1005.8,1006.4,1005.8,0.6,307,2.7,-1.71,0.0
A765,19/11/2017,19,23.2,23.6,23.1,92,93,91,21.8,22.2,21.7,1008.9,1009.0,1008.8,1.5,161,3.0,392.3,0.0
A765,19/11/2017,02,22.0,22.2,22.0,96,96,95,21.3,21.5,21.2,1006.6,1007.3,1006.6,0.8,191,5.2,-0.54,2.4
A765,19/11/2017,18,23.2,23.5,23.0,92,93,91,21.9,22.1,21.7,1009.0,1009.4,1009.0,0.7,207,2.8,358.2,0.6
A765,19/11/2017,12,23.3,23.9,23.1,93,93,85,22.0,22.0,21.0,1009.7,1009.7,1009.3,0.8,157,3.8,295.5,0.4
A765,19/11/2017,13,23.7,24.0,23.2,90,93,90,22.1,22.7,21.9,1010.0,1010.0,1009.7,0.7,158,2.0,561.3,0.2
A765,19/11/2017,09,23.3,23.3,22.2,91,95,91,21.7,21.9,21.5,1007.3,1007.3,1005.9,1.2,252,5.2,11.13,0.0
A765,19/11/2017,10,23.8,23.8,23.3,86,91,86,21.4,21.8,21.3,1008.3,1008.3,1007.1,2.8,283,5.2,119.9,0.0
A765,19/11/2017,11,23.9,24.0,23.8,85,87,84,21.2,21.6,21.1,1009.3,1009.3,1008.3,1.4,258,5.9,371.5,0.0
A765,19/11/2017,17,23.5,23.8,22.9,91,94,91,22.0,22.7,21.8,1009.4,1009.7,1009.3,1.5,188,3.7,676.8,0.0
A765,19/11/2017,08,22.3,22.5,22.2,95,96,95,21.5,21.7,21.5,1005.9,1005.9,1004.9,0.6,233,4.1,-0.44,0.0
A765,19/11/2017,04,22.8,22.8,22.4,95,96,95,21.9,22.0,21.6,1005.3,1005.8,1005.3,1.2,268,3.4,-0.03,0.0
A765,19/11/2017,14,23.1,23.7,23.1,93,93,90,21.8,22.1,21.6,1009.8,1010.0,1009.8,0.7,220,2.1,278.2,1.8
A765,19/11/2017,07,22.3,22.3,22.1,96,96,95,21.5,21.6,21.4,1004.9,1005.0,1004.3,2.0,216,3.9,-0.31,0.0
A765,19/11/2017,15,23.3,23.6,23.1,93,93,91,22.1,22.3,21.8,1009.7,1009.9,1009.7,1.1,118,2.8,520.1,0.2
A765,19/11/2017,23,21.4,21.5,21.3,95,96,95,20.6,20.7,20.5,1011.4,1011.4,1010.6,0.8,141,3.9,0.023,2.4
A765,19/11/2017,05,22.4,22.8,22.4,95,95,95,21.6,21.9,21.6,1004.8,1005.4,1004.7,0.5,242,3.2,-0.86,0.0
A765,19/11/2017,00,21.8,22.3,21.8,94,95,93,20.8,21.4,20.8,1008.6,1008.6,1006.5,1.6,244,3.7,-0.68,2.4
A765,19/11/2017,16,22.9,23.4,22.7,94,95,92,21.9,22.1,21.6,1009.7,1009.9,1009.7,1.3,223,3.7,415.7,1.6
A765,19/11/2017,06,22.1,22.4,22.1,95,95,95,21.4,21.6,21.4,1004.5,1004.8,1004.3,0.6,240,1.9,-0.92,0.0
A765,19/11/2017,01,22.2,22.2,21.8,95,95,94,21.3,21.4,20.8,1007.3,1008.6,1007.1,2.8,69,5.2,0.073,6.2
A765,19/11/2017,22,21.3,21.6,21.3,95,96,93,20.6,20.7,20.5,1010.6,1010.6,1009.9,1.7,166,3.8,12.09,3.6
A765,19/11/2017,20,22.1,23.2,21.9,93,94,92,20.9,21.7,20.8,1009.1,1009.1,1008.8,3.5,186,6.9,138.7,1.8
A765,19/11/2017,21,21.6,22.1,21.6,93,94,93,20.5,20.9,20.4,1009.9,1009.9,1009.1,1.6,278,6.9,46.84,1.2
A765,19/11/2017,03,22.4,22.5,21.9,95,96,95,21.7,21.8,21.2,1005.5,1006.6,1005.4,0.8,51,3.2,0.034,0.0
A765,20/11/2017,17,22.7,22.8,22.4,94,95,93,21.7,21.8,21.2,1012.9,1013.1,1012.9,0.9,84,5.0,402.9,2.4
A765,20/11/2017,16,22.6,23.0,22.2,93,94,92,21.5,21.7,21.0,1013.1,1013.3,1013.1,1.2,159,4.8,583.1,2.6
A765,20/11/2017,09,21.8,21.8,21.6,97,97,96,21.2,21.3,21.1,1011.4,1011.4,1010.9,0.7,231,1.8,9.921,0.0
A765,20/11/2017,15,23.0,23.1,22.4,92,93,91,21.7,21.8,21.0,1013.2,1013.2,1013.0,1.3,139,7.1,392.8,0.4
A765,20/11/2017,20,20.7,21.2,20.6,95,95,94,19.8,20.3,19.7,1012.6,1012.8,1012.6,2.9,350,4.8,248.7,3.0
A765,20/11/2017,10,22.1,22.2,21.8,96,97,96,21.5,21.6,21.2,1012.1,1012.1,1011.4,0.6,266,1.8,80.31,0.0
A765,20/11/2017,19,21.2,21.9,21.0,95,95,93,20.3,20.8,20.0,1012.8,1012.9,1012.7,1.7,118,7.7,345.7,6.6
A765,20/11/2017,18,21.9,23.0,21.9,93,94,91,20.7,21.8,20.6,1012.8,1012.9,1012.8,2.8,100,7.5,292.6,4.2
A765,20/11/2017,12,23.3,23.3,22.4,94,96,94,22.2,22.5,21.7,1012.7,1012.7,1012.3,1.7,122,3.2,434.5,0.0
A765,20/11/2017,11,22.5,22.6,22.1,96,96,96,21.8,22.0,21.5,1012.3,1012.4,1012.1,0.7,22,1.6,178.2,0.0
A765,20/11/2017,13,24.2,24.3,23.2,89,94,89,22.3,22.4,21.8,1012.8,1013.0,1012.7,2.0,115,3.5,971.0,0.0
A765,20/11/2017,21,21.0,21.0,20.4,94,95,94,20.0,20.0,19.6,1012.7,1012.8,1012.6,1.6,347,5.3,80.08,0.8
A765,20/11/2017,14,22.5,24.2,22.5,91,92,89,21.0,22.2,21.0,1013.1,1013.2,1012.8,3.1,115,7.1,490.8,0.0
A765,20/11/2017,06,21.5,21.5,21.2,97,97,96,20.9,20.9,20.7,1011.0,1011.1,1011.0,0.7,277,3.1,0.826,0.4
A765,20/11/2017,03,21.3,21.4,21.2,96,96,96,20.7,20.8,20.6,1012.2,1012.7,1012.2,0.3,23,2.4,0.539,2.2
A765,20/11/2017,04,21.2,21.4,21.1,97,97,96,20.6,20.8,20.5,1011.5,1012.2,1011.5,0.7,32,1.8,0.445,3.2
A765,20/11/2017,05,21.4,21.5,21.2,97,97,96,20.8,20.9,20.6,1011.1,1011.5,1011.1,0.9,287,3.6,0.317,1.6
A765,20/11/2017,22,21.5,21.5,21.0,93,94,93,20.3,20.3,20.0,1013.1,1013.2,1012.6,1.1,274,3.2,10.66,0.0
A765,20/11/2017,07,21.6,21.6,21.4,97,97,96,21.0,21.1,20.9,1010.6,1011.0,1010.5,0.5,317,1.5,0.561,0.6
A765,20/11/2017,02,21.4,21.4,21.3,96,96,96,20.7,20.8,20.7,1012.6,1012.6,1012.6,1.1,126,2.4,0.085,1.6
A765,20/11/2017,23,21.4,21.7,21.2,92,93,92,20.1,20.4,20.0,1013.7,1013.7,1013.1,1.1,229,2.7,1.332,0.0
A765,20/11/2017,01,21.4,21.4,21.2,96,96,96,20.7,20.7,20.5,1012.6,1012.6,1012.3,0.5,26,1.2,0.229,2.4
A765,20/11/2017,00,21.3,21.4,21.3,96,96,95,20.6,20.6,20.5,1012.3,1012.3,1011.4,0.5,257,3.3,0.150,3.0
A765,20/11/2017,08,21.7,21.7,21.5,97,97,96,21.1,21.1,21.0,1010.9,1010.9,1010.5,0.4,195,1.3,0.229,0.0
A765,21/11/2017,22,22.5,22.8,22.5,95,95,94,21.6,21.9,21.6,1006.5,1006.6,1006.2,0.4,55,3.0,5.408,0.6
A765,21/11/2017,02,21.1,21.5,21.1,94,94,93,20.1,20.3,20.1,1013.6,1014.1,1013.6,0.7,347,1.7,-0.08,0.0
A765,21/11/2017,03,21.0,21.1,20.9,95,95,94,20.1,20.2,20.1,1013.4,1013.7,1013.4,0.7,279,1.4,-0.38,0.0
A765,21/11/2017,09,20.7,20.8,20.4,95,95,95,19.8,20.0,19.6,1011.6,1012.0,1010.9,1.0,220,3.8,12.59,0.0
A765,21/11/2017,07,20.3,20.5,20.1,94,95,94,19.3,19.7,19.2,1011.1,1011.1,1010.6,0.6,249,1.9,-2.03,0.0
A765,21/11/2017,20,23.6,24.0,22.9,88,92,84,21.6,21.7,21.0,1006.1,1007.3,1005.9,3.5,58,8.1,99.87,5.0
A765,21/11/2017,05,20.3,20.7,20.3,95,95,95,19.5,19.9,19.4,1011.3,1012.6,1011.3,0.5,191,1.6,-1.33,0.0
A765,21/11/2017,12,23.1,23.3,22.2,85,90,85,20.4,21.0,20.3,1012.1,1012.4,1012.1,1.2,174,5.9,713.0,0.0
A765,21/11/2017,04,20.7,21.1,20.7,95,95,95,19.9,20.3,19.9,1012.6,1013.5,1012.6,0.5,269,1.8,-0.09,0.0
A765,21/11/2017,10,21.0,21.2,20.7,94,95,94,20.0,20.3,19.8,1011.7,1011.7,1011.1,0.7,253,2.9,153.8,0.0
A765,21/11/2017,19,24.0,24.3,23.9,85,86,83,21.3,21.6,21.0,1007.1,1007.9,1007.0,1.2,194,3.9,658.8,0.0
A765,21/11/2017,06,20.3,20.5,20.1,95,95,95,19.5,19.7,19.3,1010.8,1011.6,1010.6,0.4,285,2.4,-1.77,0.0
A765,21/11/2017,11,22.3,22.4,21.0,90,94,90,20.5,21.0,20.0,1012.2,1012.2,1011.7,1.6,204,3.6,632.5,0.0
A765,21/11/2017,18,24.1,26.8,24.0,85,85,73,21.3,21.6,20.4,1007.9,1008.6,1007.8,1.5,112,4.8,860.8,0.0
A765,21/11/2017,15,25.0,25.0,24.1,79,82,79,21.0,21.4,20.4,1010.8,1011.3,1010.8,2.6,159,5.0,1779.,0.0
A765,21/11/2017,17,26.4,27.3,25.9,74,76,70,21.4,22.0,20.7,1008.6,1010.0,1008.6,2.7,118,4.8,3149.,0.0
A765,21/11/2017,16,26.4,26.8,24.7,74,80,72,21.5,22.0,20.6,1010.0,1010.8,1010.0,3.0,97,5.4,3481.,0.0
A765,21/11/2017,14,24.7,25.0,24.0,79,82,77,20.9,21.3,20.3,1011.3,1012.0,1011.2,1.1,155,3.3,1526.,0.0
A765,21/11/2017,13,24.2,24.4,23.1,80,85,78,20.6,20.8,20.0,1012.0,1012.4,1012.0,1.3,174,2.6,1009.,0.0
A765,21/11/2017,21,22.6,23.7,22.5,94,94,87,21.7,21.7,20.9,1006.6,1006.9,1006.0,0.6,67,8.1,38.79,2.8
A765,21/11/2017,00,21.7,21.7,21.3,91,93,91,20.1,20.4,20.0,1013.8,1013.8,1013.6,1.2,320,3.9,1.605,0.0
A765,21/11/2017,23,22.3,22.6,22.2,94,95,93,21.3,21.7,21.1,1007.2,1007.2,1006.4,1.7,296,3.3,0.031,0.0
A765,21/11/2017,01,21.5,21.8,21.3,93,93,90,20.4,20.4,19.9,1014.1,1014.2,1013.8,1.0,301,2.0,1.514,0.0
A765,21/11/2017,08,20.5,20.5,20.3,95,95,94,19.7,19.8,19.4,1011.3,1011.4,1011.1,1.4,232,2.8,-1.55,0.0
A765,22/11/2017,02,22.4,22.4,22.3,95,95,95,21.6,21.7,21.5,1008.1,1008.2,1008.0,2.2,220,6.4,0.006,0.4
A765,22/11/2017,05,22.0,22.1,21.9,96,96,96,21.4,21.4,21.3,1006.3,1007.3,1006.3,1.2,331,2.0,0.599,0.0
A765,22/11/2017,00,22.6,22.8,22.3,94,94,93,21.6,21.7,21.2,1007.5,1007.6,1006.9,2.6,203,7.5,-0.28,3.8
A765,22/11/2017,23,19.6,19.7,19.5,95,95,95,18.7,18.9,18.6,1013.5,1013.5,1012.8,1.7,180,3.0,0.251,0.4
A765,22/11/2017,08,22.0,22.2,22.0,97,97,96,21.4,21.6,21.4,1005.7,1005.8,1005.2,0.7,203,2.9,0.000,3.8
A765,22/11/2017,01,22.4,22.6,22.3,95,95,94,21.5,21.6,21.4,1008.1,1008.1,1007.4,1.5,231,6.4,-0.43,0.6
A765,22/11/2017,18,21.1,21.7,21.1,94,94,94,20.1,20.6,20.1,1010.1,1010.1,1009.7,1.9,223,6.8,386.0,2.6
A765,22/11/2017,09,21.9,22.0,21.9,97,97,97,21.4,21.5,21.3,1004.9,1005.7,1004.9,0.6,15,1.8,25.11,0.2
A765,22/11/2017,04,22.0,22.2,22.0,96,96,96,21.4,21.5,21.3,1007.3,1007.9,1007.3,1.1,323,2.1,0.293,0.8
A765,22/11/2017,11,23.3,23.3,22.4,94,97,94,22.3,22.5,21.9,1006.8,1006.8,1004.9,1.8,232,7.2,463.2,0.0
A765,22/11/2017,17,21.7,22.2,21.7,94,94,92,20.7,20.9,20.5,1009.7,1009.7,1009.4,1.5,228,5.8,546.4,2.0
A765,22/11/2017,20,20.2,20.5,20.0,93,94,92,19.0,19.4,18.7,1011.3,1011.3,1010.6,1.5,216,6.8,261.4,0.8
A765,22/11/2017,10,22.4,22.4,21.9,97,97,97,21.9,21.9,21.3,1004.9,1004.9,1004.6,0.7,238,1.8,249.1,0.2
A765,22/11/2017,06,22.0,22.1,22.0,96,96,96,21.4,21.5,21.4,1006.0,1006.3,1005.8,1.2,288,2.5,0.175,0.0
A765,22/11/2017,12,23.6,23.6,23.2,87,94,87,21.3,22.3,21.3,1007.4,1007.4,1006.7,1.8,243,6.4,252.6,0.0
A765,22/11/2017,14,23.5,23.5,22.5,90,94,90,21.7,22.1,21.5,1008.4,1008.4,1008.1,2.0,250,6.3,591.2,0.2
A765,22/11/2017,07,22.1,22.2,22.0,96,96,96,21.4,21.5,21.4,1005.6,1006.0,1005.6,1.6,327,2.9,0.737,1.8
A765,22/11/2017,13,22.5,23.6,22.4,94,94,87,21.4,21.4,21.1,1008.1,1008.1,1007.4,2.4,219,7.2,344.5,1.2
A765,22/11/2017,19,20.5,21.2,20.5,94,95,93,19.5,20.3,19.5,1010.6,1010.7,1010.1,2.5,238,6.9,350.4,1.4
A765,22/11/2017,21,19.5,20.4,19.5,94,94,92,18.5,19.0,18.5,1012.3,1012.4,1011.3,1.6,221,3.8,47.84,1.2
A765,22/11/2017,16,22.0,22.3,21.8,92,93,91,20.7,21.0,20.3,1009.4,1009.6,1009.4,1.9,231,6.5,892.9,0.6
A765,22/11/2017,15,21.8,24.3,21.8,92,92,85,20.4,21.9,20.3,1009.4,1009.4,1008.3,2.1,230,6.8,535.8,1.4
A765,22/11/2017,03,22.1,22.4,22.0,96,96,95,21.4,21.6,21.3,1007.9,1008.2,1007.9,0.9,260,5.2,-0.45,0.6
A765,22/11/2017,22,19.6,19.8,19.4,95,95,94,18.7,19.0,18.4,1012.9,1012.9,1012.3,0.7,260,3.5,9.408,1.2
A765,23/11/2017,04,18.4,18.8,18.4,95,95,93,17.5,17.8,17.4,1014.9,1015.2,1014.8,0.9,212,2.4,-0.74,0.0
A765,23/11/2017,09,18.9,19.0,18.7,94,95,94,18.0,18.1,17.9,1014.5,1014.5,1014.2,0.5,124,3.1,17.34,0.0
A765,23/11/2017,03,18.6,18.8,18.4,93,96,93,17.5,18.0,17.5,1015.2,1015.4,1015.2,1.2,348,3.6,-0.23,0.0
A765,23/11/2017,15,20.8,21.1,20.6,86,87,82,18.3,18.5,17.8,1015.8,1015.9,1015.8,1.1,343,3.8,476.4,0.0
A765,23/11/2017,01,18.6,19.0,18.5,95,95,94,17.8,18.0,17.7,1015.4,1015.4,1014.5,0.9,343,6.0,0.060,2.4
A765,23/11/2017,21,21.6,22.1,21.4,85,86,83,18.9,19.2,18.8,1013.6,1013.8,1013.6,0.6,323,1.5,351.1,0.0
A765,23/11/2017,23,20.5,20.9,20.5,92,92,89,19.1,19.1,18.9,1014.4,1014.4,1014.0,0.3,336,1.6,-1.03,0.0
A765,23/11/2017,07,18.8,18.9,18.7,95,95,94,18.0,18.1,17.7,1014.1,1014.3,1014.1,1.0,269,1.8,0.095,0.0
A765,23/11/2017,02,18.7,18.8,18.6,95,96,95,18.0,18.1,17.8,1015.4,1015.6,1015.3,1.9,331,3.6,0.085,0.4
A765,23/11/2017,19,20.5,20.6,20.2,88,91,88,18.5,18.8,18.5,1014.2,1014.7,1014.2,2.0,310,3.6,287.6,0.0
A765,23/11/2017,20,21.4,21.4,20.4,86,90,86,18.9,19.1,18.5,1013.7,1014.2,1013.7,0.9,276,3.6,432.0,0.0
A765,23/11/2017,10,19.4,19.4,18.9,94,95,94,18.4,18.4,17.9,1015.1,1015.1,1014.5,0.6,301,1.3,138.6,0.0
A765,23/11/2017,05,18.7,18.8,18.3,94,95,94,17.6,17.9,17.4,1014.4,1014.9,1014.4,1.7,273,3.3,-0.03,0.2
A765,23/11/2017,06,18.7,18.9,18.6,94,94,93,17.7,17.8,17.5,1014.3,1014.4,1014.1,0.9,225,3.1,0.422,0.0
A765,23/11/2017,14,21.1,22.6,21.1,82,82,76,17.9,18.8,17.7,1015.9,1016.0,1015.8,1.8,349,3.5,646.9,0.0
A765,23/11/2017,08,18.9,18.9,18.7,95,95,95,18.1,18.1,17.8,1014.2,1014.2,1014.1,1.4,307,2.2,0.080,0.0
A765,23/11/2017,11,20.5,20.5,19.4,88,94,88,18.4,18.5,18.2,1015.4,1015.4,1015.1,0.9,292,2.3,539.2,0.0
A765,23/11/2017,13,22.5,23.2,22.1,77,80,75,18.2,19.1,17.9,1015.9,1016.0,1015.8,1.3,132,3.3,1580.,0.0
A765,23/11/2017,12,22.1,22.7,20.5,77,88,76,17.9,18.6,17.8,1015.8,1015.8,1015.4,1.8,102,3.3,1491.,0.0
A765,23/11/2017,17,20.1,20.3,20.1,92,93,91,18.8,19.0,18.7,1015.1,1015.5,1015.0,1.4,306,3.5,369.4,0.2
A765,23/11/2017,18,20.2,20.2,20.0,91,92,91,18.8,18.8,18.6,1014.7,1015.1,1014.7,1.8,307,4.7,288.9,0.0
A765,23/11/2017,16,20.2,20.9,20.2,91,91,85,18.8,18.9,18.2,1015.5,1015.8,1015.5,1.4,318,2.6,436.9,0.6
A765,23/11/2017,22,20.9,21.6,20.9,89,90,85,19.1,19.4,19.0,1014.0,1014.0,1013.6,1.0,337,1.7,65.54,0.0
A765,23/11/2017,00,18.9,19.6,18.9,94,95,94,18.0,18.7,17.9,1014.5,1014.5,1013.5,2.3,165,9.6,0.467,7.2
A765,24/11/2017,08,17.7,17.9,17.5,97,97,96,17.2,17.4,16.9,1014.2,1014.2,1013.7,0.9,289,1.5,-3.49,0.0
A765,24/11/2017,21,24.1,25.1,24.1,76,76,73,19.7,20.1,19.4,1013.6,1013.6,1013.5,1.5,125,4.2,326.9,0.0
A765,24/11/2017,00,20.1,20.5,20.0,93,93,91,18.8,19.1,18.7,1014.6,1014.6,1014.4,0.9,289,1.8,-0.87,0.0
A765,24/11/2017,23,22.0,22.9,22.0,91,91,83,20.4,20.4,19.8,1014.7,1014.7,1014.0,0.7,333,1.4,-2.76,0.0
A765,24/11/2017,03,19.1,19.5,19.1,95,95,95,18.3,18.6,18.3,1014.3,1014.7,1014.3,0.6,254,2.0,-3.58,0.0
A765,24/11/2017,06,18.0,18.3,17.9,96,96,96,17.4,17.6,17.3,1013.5,1013.6,1013.4,0.7,290,1.5,-3.50,0.0
A765,24/11/2017,01,19.9,20.1,19.9,94,94,93,19.0,19.1,18.7,1014.8,1014.8,1014.6,1.1,292,1.8,-1.88,0.0
A765,24/11/2017,02,19.4,19.9,19.4,95,95,94,18.6,19.0,18.6,1014.7,1014.9,1014.7,0.9,294,1.6,-2.88,0.0
A765,24/11/2017,17,23.8,24.1,23.6,78,79,76,19.8,20.1,19.4,1015.3,1015.9,1015.3,1.8,96,3.3,878.7,0.0
A765,24/11/2017,18,24.4,24.7,23.8,76,78,73,19.9,20.2,19.4,1014.7,1015.3,1014.7,1.4,108,3.3,1064.,0.0
A765,24/11/2017,05,18.3,18.9,18.3,96,96,96,17.7,18.2,17.6,1013.4,1013.8,1013.4,1.0,283,1.7,-3.56,0.0
A765,24/11/2017,09,18.1,18.1,17.6,97,97,97,17.6,17.6,17.1,1014.7,1014.7,1014.2,0.8,290,2.1,45.05,0.2
A765,24/11/2017,04,18.8,19.1,18.7,96,96,95,18.1,18.4,18.0,1013.8,1014.3,1013.8,0.8,287,1.9,-3.49,0.0
A765,24/11/2017,10,20.0,20.0,18.1,96,97,96,19.3,19.3,17.6,1015.2,1015.2,1014.7,0.6,225,1.6,605.0,0.0
A765,24/11/2017,07,17.6,18.1,17.6,96,97,96,17.1,17.5,17.0,1013.8,1013.8,1013.5,0.3,326,1.6,-3.56,0.0
A765,24/11/2017,16,23.6,23.7,23.4,79,80,78,19.8,19.9,19.4,1015.9,1016.4,1015.9,1.5,152,4.5,611.6,0.0
A765,24/11/2017,19,25.6,25.6,24.4,74,76,71,20.6,20.6,19.4,1014.0,1014.7,1014.0,0.7,125,2.8,1307.,0.0
A765,24/11/2017,11,23.2,23.3,19.9,77,96,77,19.0,20.4,18.9,1015.6,1015.6,1015.2,1.3,200,3.2,1595.,0.0
A765,24/11/2017,13,24.2,26.1,24.2,76,76,67,19.6,20.3,18.6,1016.2,1016.3,1016.1,2.4,141,5.1,2052.,0.0
A765,24/11/2017,12,24.8,24.9,23.1,72,78,71,19.4,19.7,18.6,1016.1,1016.1,1015.6,2.0,167,3.9,2408.,0.0
A765,24/11/2017,20,25.1,25.8,24.6,74,75,71,20.1,20.4,19.6,1013.6,1014.0,1013.6,1.7,118,3.4,1142.,0.0
A765,24/11/2017,14,24.4,24.9,24.1,76,78,74,19.8,20.6,19.6,1016.4,1016.4,1016.2,2.6,151,5.4,1602.,0.0
A765,24/11/2017,15,23.4,24.7,23.4,79,80,75,19.6,20.4,19.5,1016.4,1016.5,1016.3,1.8,137,5.7,1022.,0.0
A765,24/11/2017,22,22.9,24.1,22.9,83,83,76,19.9,19.9,19.5,1014.0,1014.0,1013.6,0.6,39,3.4,97.72,0.0
A765,25/11/2017,00,21.5,22.0,21.5,90,91,90,19.8,20.4,19.8,1015.2,1015.3,1014.7,1.2,358,1.9,-2.29,0.0
A765,25/11/2017,08,17.2,17.6,17.2,95,95,94,16.3,16.7,16.3,1014.2,1014.2,1013.9,0.8,235,1.8,-3.53,0.0
A765,25/11/2017,03,19.1,19.7,19.1,95,95,94,18.3,18.8,18.2,1014.9,1015.6,1014.8,0.5,320,1.2,-3.58,0.0
A765,25/11/2017,23,23.5,23.5,23.3,86,87,85,21.0,21.1,20.8,1010.8,1010.8,1010.2,0.8,80,2.0,-0.93,0.0
A765,25/11/2017,07,17.3,17.8,17.2,95,95,94,16.4,16.9,16.3,1014.0,1014.2,1013.9,0.4,347,1.2,-3.59,0.0
A765,25/11/2017,01,20.4,21.5,20.4,93,93,90,19.2,19.8,19.2,1015.6,1015.6,1015.2,0.3,289,2.0,-3.60,0.0
A765,25/11/2017,10,20.6,20.7,18.1,95,96,95,19.8,19.9,17.5,1015.0,1015.0,1014.6,0.5,235,2.8,602.6,0.0
A765,25/11/2017,02,19.6,20.4,19.6,95,95,93,18.8,19.3,18.7,1015.6,1015.7,1015.5,0.3,267,1.1,-3.59,0.0
A765,25/11/2017,18,24.8,25.8,24.8,78,79,76,20.6,21.5,20.5,1012.1,1012.9,1012.1,2.0,153,5.1,1430.,0.0
A765,25/11/2017,05,18.3,18.8,18.3,96,96,95,17.6,18.0,17.6,1013.8,1014.4,1013.8,0.3,288,1.3,-3.59,0.0
A765,25/11/2017,04,18.7,19.2,18.5,96,96,95,18.0,18.5,17.8,1014.4,1014.9,1014.4,0.4,338,1.6,-3.53,0.0
A765,25/11/2017,09,18.1,18.1,17.1,96,96,95,17.4,17.4,16.2,1014.8,1014.8,1014.1,0.9,270,1.8,42.03,0.0
A765,25/11/2017,17,25.1,25.3,24.6,78,80,77,21.0,21.2,20.6,1012.9,1013.5,1012.9,1.9,121,5.2,1188.,0.0
A765,25/11/2017,19,24.7,25.0,24.4,81,81,78,21.1,21.1,20.4,1011.9,1012.2,1011.9,1.8,150,5.6,785.8,0.0
A765,25/11/2017,06,17.7,18.5,17.7,94,96,94,16.8,17.9,16.8,1013.9,1014.0,1013.8,0.6,8,1.5,-3.58,0.0
A765,25/11/2017,20,24.4,24.8,24.4,79,81,79,20.6,21.2,20.6,1011.0,1011.9,1011.0,2.0,139,5.1,682.2,0.0
A765,25/11/2017,11,23.7,23.8,20.6,80,95,79,20.1,20.9,19.7,1014.9,1015.1,1014.9,1.6,104,3.0,1525.,0.0
A765,25/11/2017,21,24.0,24.5,24.0,82,82,79,20.6,20.8,20.5,1010.3,1011.0,1010.3,1.3,114,3.9,268.2,0.0
A765,25/11/2017,14,25.0,26.2,24.8,74,77,71,20.2,21.1,19.9,1013.8,1014.3,1013.7,3.1,153,6.0,2612.,0.0
A765,25/11/2017,12,24.7,25.2,23.7,79,80,75,20.8,20.9,19.7,1014.8,1015.1,1014.8,2.2,99,4.0,2358.,0.0
A765,25/11/2017,13,25.5,25.7,24.4,75,79,73,20.8,20.9,20.1,1014.2,1014.9,1014.2,2.6,119,4.9,3076.,0.0
A765,25/11/2017,22,23.4,24.0,23.4,85,86,81,20.8,20.9,20.5,1010.2,1010.3,1010.0,0.6,150,2.5,88.83,0.0
A765,25/11/2017,16,24.9,24.9,24.3,79,80,78,20.9,20.9,20.4,1013.5,1013.8,1013.5,2.1,148,7.1,999.8,0.0
A765,25/11/2017,15,24.6,25.8,24.6,78,79,73,20.6,21.2,20.2,1013.7,1013.8,1013.6,3.7,160,7.0,1873.,0.0
A765,26/11/2017,22,28.8,30.9,28.8,62,62,52,20.8,21.0,19.9,1006.6,1006.6,1005.8,1.7,165,4.3,86.41,0.0
A765,26/11/2017,09,23.4,23.4,22.4,89,91,89,21.5,21.5,20.5,1007.4,1007.4,1006.8,1.2,148,4.2,5.428,0.0
A765,26/11/2017,03,22.0,22.5,22.0,94,94,92,20.9,21.1,20.9,1009.7,1010.8,1009.7,1.2,226,2.6,-3.00,0.0
A765,26/11/2017,00,23.1,23.5,22.9,89,90,86,21.1,21.3,21.0,1011.6,1011.7,1010.8,1.5,214,3.9,0.124,0.0
A765,26/11/2017,20,32.0,33.5,31.8,////,////,////,////,////,////,1005.3,1005.8,1005.3,2.6,27,8.1,1040.,0.0
A765,26/11/2017,23,30.0,30.5,28.8,53,62,52,19.5,20.8,19.4,1007.0,1007.1,1006.5,1.6,55,4.6,-2.53,0.0
A765,26/11/2017,04,22.3,22.3,22.0,93,94,93,21.2,21.2,20.9,1009.0,1009.7,1009.0,1.0,199,3.2,-1.98,0.0
A765,26/11/2017,12,27.8,28.1,25.6,62,77,57,19.8,21.3,18.7,1007.8,1007.9,1007.5,2.2,79,7.2,428.6,0.0
A765,26/11/2017,01,23.0,23.1,22.9,89,89,88,21.1,21.1,21.0,1011.5,1011.7,1011.5,1.1,345,3.2,0.282,0.0
A765,26/11/2017,02,22.5,23.0,22.5,92,92,89,21.1,21.3,21.1,1010.8,1011.5,1010.8,0.6,218,2.1,-0.75,0.0
A765,26/11/2017,08,22.7,22.9,22.5,89,89,88,20.7,20.8,20.6,1007.2,1007.3,1006.8,0.8,70,3.9,-1.16,0.0
A765,26/11/2017,05,21.6,22.3,21.6,95,95,93,20.7,21.2,20.6,1008.0,1009.1,1008.0,0.9,302,2.8,-2.81,0.0
A765,26/11/2017,10,23.0,23.4,22.6,90,91,88,21.3,21.5,20.9,1007.9,1008.0,1007.3,1.4,248,4.2,44.77,0.0
A765,26/11/2017,21,30.9,32.0,30.7,52,53,46,19.8,20.2,18.8,1005.9,1006.0,1005.1,1.9,70,7.4,279.2,0.0
A765,26/11/2017,06,22.8,22.8,21.5,93,95,93,21.6,21.6,20.6,1008.5,1008.5,1007.7,2.9,223,7.0,-1.68,0.0
A765,26/11/2017,11,28.0,28.1,22.8,57,90,57,18.8,21.4,18.7,1007.6,1007.9,1007.3,2.8,78,6.5,240.7,0.0
A765,26/11/2017,18,30.4,30.5,28.0,61,71,61,22.1,23.6,21.3,1005.9,1006.4,1005.9,2.4,117,6.0,2013.,0.0
A765,26/11/2017,19,33.0,33.1,28.8,////,67,47,////,23.0,21.1,1005.8,1006.3,1005.7,1.9,68,6.0,2545.,0.0
A765,26/11/2017,07,22.8,23.3,22.8,88,93,86,20.7,21.6,20.6,1006.8,1008.6,1006.7,1.6,249,8.5,-1.33,0.0
A765,26/11/2017,15,27.4,30.4,27.3,71,71,52,21.7,21.7,19.3,1006.8,1007.4,1006.8,3.8,144,7.5,1015.,0.0
A765,26/11/2017,13,27.5,28.6,27.0,61,66,56,19.4,20.5,19.1,1008.1,1008.2,1007.5,1.7,90,7.5,517.2,0.0
A765,26/11/2017,14,29.9,29.9,26.9,54,70,52,19.4,20.9,18.5,1007.3,1008.1,1007.2,2.1,74,7.5,699.5,0.0
A765,26/11/2017,17,28.9,30.9,28.4,64,68,58,21.5,22.5,21.5,1006.4,1006.8,1006.3,1.9,138,5.1,1501.,0.0
A765,26/11/2017,16,28.6,29.2,27.2,66,73,60,21.5,22.1,20.3,1006.8,1007.1,1006.7,2.4,151,8.1,1174.,0.0
A765,27/11/2017,07,23.5,23.9,23.5,93,93,92,22.3,22.5,22.3,1009.7,1009.7,1009.2,0.9,230,5.0,-1.34,0.2
A765,27/11/2017,23,22.7,22.9,22.7,93,94,92,21.6,21.8,21.5,1014.3,1014.3,1013.7,0.9,315,2.8,-2.75,0.0
A765,27/11/2017,08,23.3,23.5,23.3,95,95,93,22.4,22.4,22.3,1009.9,1010.3,1009.7,0.6,216,3.2,-0.53,2.8
A765,27/11/2017,15,25.0,25.6,24.9,85,86,84,22.3,22.9,22.2,1012.4,1012.8,1012.4,1.9,133,4.7,607.2,0.0
A765,27/11/2017,10,23.4,23.5,23.3,96,96,96,22.6,22.8,22.6,1012.0,1012.0,1010.6,1.2,213,3.0,101.9,0.6
A765,27/11/2017,09,23.4,23.4,23.2,96,96,95,22.7,22.7,22.4,1010.6,1010.7,1009.9,0.5,176,2.0,13.91,0.8
A765,27/11/2017,02,30.4,30.4,29.1,51,57,51,19.0,19.8,18.9,1007.8,1007.9,1007.6,1.0,286,6.0,-1.48,0.0
A765,27/11/2017,00,30.0,30.7,29.3,53,57,51,19.4,19.9,19.2,1007.0,1007.4,1007.0,2.2,103,4.3,-2.30,0.0
A765,27/11/2017,03,30.1,31.1,29.9,52,53,48,19.2,19.4,18.7,1008.0,1008.2,1007.5,1.8,207,6.5,-1.96,0.0
A765,27/11/2017,01,29.1,30.8,29.1,57,58,50,19.6,20.0,19.1,1007.7,1007.9,1006.9,0.9,79,5.1,-2.62,0.0
A765,27/11/2017,04,27.0,30.6,27.0,69,69,50,20.9,20.9,19.0,1008.3,1008.4,1007.8,2.4,195,7.4,-2.38,0.0
A765,27/11/2017,05,25.7,27.0,25.7,77,77,69,21.4,21.4,20.9,1008.7,1008.7,1008.0,1.4,230,6.1,-3.38,0.0
A765,27/11/2017,06,23.9,25.7,23.9,92,92,77,22.5,22.5,21.4,1009.2,1009.3,1008.6,2.0,201,5.0,-3.01,1.0
A765,27/11/2017,13,25.7,26.3,23.9,85,95,80,22.9,23.7,22.3,1012.8,1012.8,1012.6,1.4,156,4.6,2451.,0.2
A765,27/11/2017,14,25.3,26.8,25.1,84,85,80,22.5,23.5,22.3,1012.7,1013.0,1012.7,2.0,151,4.2,1451.,0.0
A765,27/11/2017,12,23.9,23.9,22.8,95,96,95,23.0,23.1,22.1,1012.7,1012.9,1012.4,1.8,191,3.2,667.6,2.0
A765,27/11/2017,17,24.9,24.9,24.5,85,88,85,22.2,22.6,22.1,1012.2,1012.5,1012.2,1.0,157,4.4,314.3,0.0
A765,27/11/2017,16,24.5,25.1,24.5,88,88,84,22.4,22.6,22.1,1012.4,1012.4,1012.3,2.1,151,4.4,339.8,0.0
A765,27/11/2017,11,22.8,23.4,22.8,96,96,95,22.1,22.7,22.0,1012.6,1012.6,1012.0,1.3,179,3.6,47.72,8.0
A765,27/11/2017,18,23.9,25.0,23.9,87,88,85,21.6,22.4,21.6,1012.5,1012.6,1012.2,1.2,194,4.0,189.2,0.0
A765,27/11/2017,19,22.9,23.9,22.9,94,94,87,21.9,21.9,21.4,1012.3,1012.6,1012.3,1.4,331,3.8,137.1,0.2
A765,27/11/2017,21,22.6,22.8,22.6,95,95,95,21.8,21.9,21.7,1012.7,1012.7,1012.3,1.4,299,2.5,91.33,0.0
A765,27/11/2017,20,22.6,22.9,22.6,95,95,94,21.8,22.0,21.8,1012.3,1012.5,1012.0,1.0,340,2.7,105.2,0.0
A765,27/11/2017,22,22.8,22.8,22.5,94,95,94,21.8,21.9,21.7,1013.7,1013.7,1012.8,1.9,293,3.0,48.88,0.0
A765,28/11/2017,22,23.4,23.6,23.4,77,80,76,19.1,19.8,19.1,1016.7,1016.8,1016.4,1.8,138,5.8,48.33,0.0
A765,28/11/2017,03,22.3,22.3,22.2,95,95,95,21.5,21.5,21.4,1015.3,1015.6,1015.2,1.3,220,2.6,-2.03,0.4
A765,28/11/2017,13,22.1,22.1,21.7,94,96,94,21.1,21.3,20.8,1017.4,1017.4,1017.3,0.7,343,1.9,674.9,0.4
A765,28/11/2017,02,22.3,22.5,22.2,95,95,94,21.4,21.4,21.3,1015.6,1015.8,1015.6,1.2,298,2.0,-2.42,0.0
A765,28/11/2017,01,22.5,22.9,22.5,94,94,92,21.5,21.7,21.4,1015.6,1015.6,1014.8,0.7,1,2.0,-2.23,0.0
A765,28/11/2017,12,21.8,21.9,21.5,96,96,95,21.1,21.2,20.8,1017.3,1017.3,1016.9,1.1,321,2.1,612.2,1.4
A765,28/11/2017,23,23.2,23.4,23.2,79,79,77,19.4,19.4,19.1,1017.1,1017.1,1016.7,1.6,132,4.9,-1.33,0.0
A765,28/11/2017,08,22.1,22.2,22.0,96,96,96,21.4,21.6,21.4,1014.8,1014.8,1014.3,1.0,283,3.8,-0.18,5.8
A765,28/11/2017,04,21.9,22.3,21.9,96,96,95,21.3,21.5,21.2,1014.9,1015.3,1014.9,1.0,306,2.7,-0.68,10.6
A765,28/11/2017,00,22.9,23.0,22.7,92,93,91,21.5,21.6,21.3,1014.8,1014.8,1014.3,0.6,233,3.1,-2.60,0.0
A765,28/11/2017,05,22.1,22.1,21.9,96,96,96,21.5,21.5,21.2,1014.5,1015.0,1014.5,0.8,253,1.9,-0.49,0.6
A765,28/11/2017,07,22.1,22.2,22.1,96,97,96,21.5,21.6,21.5,1014.4,1014.4,1014.2,1.1,226,2.8,-0.31,1.6
A765,28/11/2017,19,24.3,25.6,24.3,79,79,75,20.3,21.2,20.2,1016.0,1016.5,1016.0,2.5,163,6.2,1661.,0.0
A765,28/11/2017,14,23.0,23.0,22.0,89,94,88,21.0,21.4,20.9,1017.4,1017.5,1017.4,0.8,344,2.4,1039.,0.2
A765,28/11/2017,06,22.2,22.2,22.0,96,97,96,21.6,21.6,21.4,1014.2,1014.5,1014.1,1.0,273,2.7,-0.37,0.0
A765,28/11/2017,11,21.7,21.7,21.5,96,96,96,21.1,21.1,20.9,1016.9,1016.9,1016.5,0.8,267,1.5,272.5,3.0
A765,28/11/2017,15,22.6,23.2,22.6,90,91,87,21.0,21.2,20.7,1017.1,1017.4,1017.1,1.5,297,2.6,667.4,0.0
A765,28/11/2017,10,21.6,21.9,21.5,96,96,96,21.0,21.3,20.9,1016.5,1016.5,1015.7,0.4,194,3.1,50.77,6.8
A765,28/11/2017,09,21.9,22.1,21.9,96,96,96,21.3,21.5,21.2,1015.7,1015.7,1014.8,1.0,257,2.6,10.69,4.4
A765,28/11/2017,16,22.8,23.0,22.5,92,93,90,21.4,21.6,20.9,1016.9,1017.1,1016.9,1.3,268,2.5,610.7,0.0
A765,28/11/2017,17,24.3,24.3,22.6,85,93,85,21.5,22.5,21.1,1016.5,1016.9,1016.5,1.8,149,5.1,854.5,0.0
A765,28/11/2017,18,24.7,24.9,24.2,77,85,76,20.4,21.5,20.4,1016.5,1016.6,1016.4,3.0,164,6.5,1528.,0.0
A765,28/11/2017,21,23.6,24.0,23.6,79,79,77,19.7,20.0,19.3,1016.5,1016.5,1016.1,1.5,165,5.1,277.6,0.0
A765,28/11/2017,20,24.0,25.4,24.0,77,80,75,19.8,20.8,19.8,1016.1,1016.1,1015.9,2.0,162,5.1,809.1,0.0
A765,29/11/2017,09,20.6,20.8,20.3,95,95,92,19.7,19.7,19.4,1015.9,1015.9,1015.3,0.6,311,2.0,19.90,0.6
A765,29/11/2017,05,21.2,21.6,21.2,92,92,89,19.9,20.1,19.7,1015.6,1016.3,1015.6,0.6,231,1.7,-1.83,0.0
A765,29/11/2017,00,23.1,23.3,23.1,79,80,78,19.2,19.6,19.1,1017.5,1017.5,1017.1,2.0,129,5.3,-1.89,0.0
A765,29/11/2017,23,23.5,23.6,23.4,74,74,71,18.5,18.6,17.9,1013.3,1013.3,1013.0,2.9,132,6.3,-3.03,0.0
A765,29/11/2017,01,22.8,23.1,22.8,79,79,77,18.9,19.3,18.5,1018.0,1018.0,1017.5,2.0,112,4.6,-3.55,0.0
A765,29/11/2017,13,25.9,25.9,24.7,68,72,68,19.6,19.7,18.7,1016.5,1016.7,1016.4,2.3,117,5.1,3184.,0.2
A765,29/11/2017,06,21.4,21.4,21.2,92,92,91,20.0,20.0,19.8,1015.2,1015.6,1015.2,0.7,269,1.5,-2.11,0.0
A765,29/11/2017,02,22.8,22.9,22.8,80,80,79,19.2,19.2,18.9,1017.9,1018.1,1017.9,2.3,120,5.0,-2.73,0.0
A765,29/11/2017,04,21.6,22.6,21.6,90,90,79,19.9,19.9,18.8,1016.3,1017.2,1016.3,1.0,323,4.3,-3.16,0.0
A765,29/11/2017,07,21.4,21.8,20.8,88,93,86,19.3,19.9,19.3,1015.0,1015.2,1015.0,0.7,230,2.8,-3.60,0.0
A765,29/11/2017,08,20.8,21.9,20.8,92,92,87,19.5,19.7,19.3,1015.3,1015.3,1015.0,0.3,347,3.3,-3.18,0.0
A765,29/11/2017,16,26.7,26.9,25.2,60,66,59,18.4,19.6,17.0,1014.9,1015.5,1014.9,2.7,115,6.2,3972.,0.0
A765,29/11/2017,03,22.6,22.8,22.6,81,81,79,19.1,19.2,19.0,1017.2,1017.9,1017.2,2.1,116,5.8,-3.40,0.0
A765,29/11/2017,18,26.0,27.0,25.8,63,65,60,18.5,19.4,18.1,1013.9,1014.5,1013.9,3.2,134,6.5,3268.,0.0
A765,29/11/2017,15,26.3,26.6,25.5,63,66,60,18.6,19.3,17.5,1015.5,1016.3,1015.5,2.5,129,6.5,3954.,0.0
A765,29/11/2017,14,26.1,26.5,25.3,64,69,62,18.9,19.9,18.1,1016.3,1016.5,1016.2,2.7,118,5.5,3686.,0.0
A765,29/11/2017,17,26.5,27.1,25.9,65,65,60,19.4,19.4,18.0,1014.5,1014.9,1014.5,3.2,122,7.3,3734.,0.0
A765,29/11/2017,22,23.5,23.9,23.4,73,73,68,18.5,18.5,17.6,1013.0,1013.0,1012.8,2.5,133,5.4,61.77,0.0
A765,29/11/2017,10,21.9,21.9,20.5,92,95,92,20.5,20.6,19.6,1016.3,1016.3,1015.9,0.5,348,1.3,333.0,0.0
A765,29/11/2017,12,24.8,25.2,24.1,72,77,70,19.4,20.2,18.9,1016.7,1016.8,1016.6,2.2,122,5.5,2526.,0.0
A765,29/11/2017,11,24.5,24.5,21.9,74,92,74,19.6,20.7,19.1,1016.6,1016.6,1016.2,2.1,89,3.7,1142.,0.0
A765,29/11/2017,19,25.1,26.5,25.0,65,66,60,17.9,18.8,17.6,1013.4,1013.9,1013.4,2.8,123,5.7,1859.,0.0
A765,29/11/2017,21,23.9,24.9,23.8,68,69,62,17.6,18.0,16.8,1012.9,1013.1,1012.9,2.6,123,5.4,394.2,0.0
A765,29/11/2017,20,24.9,26.2,24.5,63,67,61,17.5,18.6,17.3,1013.0,1013.4,1013.0,2.5,120,5.9,1170.,0.0
A765,30/11/2017,09,19.9,20.1,19.7,90,91,87,18.1,18.2,17.9,1012.1,1012.1,1011.1,0.7,300,2.0,38.84,0.0
A765,30/11/2017,03,21.1,21.8,21.1,88,88,84,19.0,19.3,18.6,1013.1,1013.7,1013.1,0.4,326,1.5,-3.41,0.0
A765,30/11/2017,00,23.8,23.8,23.5,71,75,71,18.2,18.9,18.2,1013.5,1013.5,1013.3,3.1,116,8.5,-3.44,0.0
A765,30/11/2017,02,21.8,23.3,21.6,85,85,74,19.0,19.0,18.5,1013.7,1013.8,1013.6,0.4,16,6.4,-3.60,0.0
A765,30/11/2017,04,21.2,21.5,21.1,87,89,85,18.9,19.4,18.7,1012.4,1013.1,1012.4,1.2,347,2.0,-3.59,0.0
A765,30/11/2017,23,23.5,23.7,23.5,77,79,76,19.3,19.8,19.3,1010.1,1010.2,1009.8,3.7,99,7.1,-1.90,0.0
A765,30/11/2017,01,23.3,23.8,23.3,74,74,69,18.5,18.5,17.8,1013.6,1013.6,1013.4,2.7,103,7.5,-3.02,0.0
A765,30/11/2017,20,24.0,24.2,23.8,77,77,71,19.6,19.7,18.4,1009.4,1009.6,1009.3,3.2,127,7.1,349.0,0.0
A765,30/11/2017,21,23.9,24.1,23.8,78,78,75,19.7,19.8,19.2,1009.9,1010.0,1009.4,2.8,118,7.0,316.9,0.0
A765,30/11/2017,07,20.5,21.0,20.3,90,90,86,18.8,18.9,18.4,1011.5,1011.6,1011.3,0.8,281,1.5,-3.30,0.0
A765,30/11/2017,13,25.1,25.8,24.6,63,64,59,17.7,18.1,16.4,1012.4,1012.5,1012.1,2.6,138,5.3,3001.,0.0
A765,30/11/2017,12,25.0,25.4,23.1,63,69,59,17.5,17.8,16.6,1012.1,1012.2,1011.9,2.3,122,5.1,2163.,0.0
A765,30/11/2017,08,20.1,20.6,20.1,87,91,86,17.9,19.1,17.7,1011.2,1011.6,1011.1,0.9,310,2.4,-3.11,0.0
A765,30/11/2017,05,20.7,21.2,20.6,89,89,86,18.8,19.0,18.7,1011.8,1012.4,1011.8,0.7,346,2.0,-3.55,0.0
A765,30/11/2017,15,25.5,26.2,25.0,64,66,60,18.1,18.6,17.5,1011.5,1012.1,1011.5,2.5,127,5.3,2802.,0.0
A765,30/11/2017,06,21.0,21.0,20.6,86,89,86,18.6,19.0,18.6,1011.5,1011.8,1011.4,0.9,316,1.6,-2.49,0.0
A765,30/11/2017,10,21.0,21.0,19.8,86,91,86,18.6,18.8,18.0,1012.5,1012.5,1012.1,0.9,280,1.6,528.4,0.0
A765,30/11/2017,11,23.1,23.1,21.0,68,87,68,17.0,18.9,16.7,1012.2,1012.6,1012.2,1.2,78,2.5,733.7,0.0
A765,30/11/2017,19,23.9,24.2,23.7,72,73,71,18.5,18.8,18.2,1009.4,1010.3,1009.4,2.0,148,5.0,171.5,0.0
A765,30/11/2017,14,25.8,26.5,25.2,62,64,59,17.9,18.3,17.1,1012.1,1012.5,1012.0,2.6,124,5.9,2950.,0.0
A765,30/11/2017,18,24.1,25.3,24.1,71,72,67,18.6,19.2,18.5,1010.2,1010.8,1010.2,2.3,139,5.0,989.4,0.0
A765,30/11/2017,16,25.0,25.6,24.5,66,69,63,18.2,18.7,17.7,1011.5,1011.7,1011.4,1.9,150,5.6,1780.,0.0
A765,30/11/2017,22,23.6,23.9,23.6,79,80,77,19.8,19.9,19.6,1010.1,1010.3,1009.9,3.2,113,6.5,62.59,0.0
A765,30/11/2017,17,25.3,25.8,24.7,69,71,63,19.1,19.4,17.8,1010.8,1011.6,1010.8,2.4,129,5.0,1526.,0.0
A765,01/12/2017,21,23.1,23.7,23.1,87,87,84,20.8,21.1,20.8,1010.5,1010.5,1010.2,3.6,136,8.2,168.9,0.0
A765,01/12/2017,09,21.3,21.9,21.3,91,91,89,19.9,20.2,19.7,1010.2,1010.2,1009.8,0.8,229,1.8,2.071,0.2
A765,01/12/2017,20,23.7,24.8,23.7,84,84,78,20.9,21.1,20.3,1010.2,1010.3,1010.1,2.1,151,5.6,454.2,0.0
A765,01/12/2017,00,22.5,23.5,22.5,82,83,77,19.4,19.8,19.3,1011.0,1011.0,1010.1,1.7,358,7.8,-1.41,0.0
A765,01/12/2017,02,22.0,22.6,22.0,86,86,81,19.6,19.7,19.2,1010.9,1011.6,1010.9,1.0,323,1.5,-1.44,0.0
A765,01/12/2017,22,23.0,23.1,22.9,87,88,86,20.7,20.8,20.5,1011.2,1011.2,1010.5,5.2,121,10.0,28.23,0.0
A765,01/12/2017,23,22.5,23.0,22.4,85,88,84,19.8,20.7,19.7,1012.0,1012.0,1011.2,5.1,121,11.4,-0.51,0.0
A765,01/12/2017,06,21.6,21.9,21.6,90,90,86,19.9,20.0,19.4,1009.2,1009.4,1009.0,0.8,281,1.4,-1.89,0.0
A765,01/12/2017,03,21.9,22.0,21.6,88,89,86,19.8,19.8,19.5,1010.8,1011.1,1010.8,0.8,293,2.2,-1.04,0.0
A765,01/12/2017,05,21.9,22.0,21.5,86,90,86,19.6,20.0,19.6,1009.4,1010.1,1009.4,0.6,229,2.7,-0.92,0.0
A765,01/12/2017,01,22.5,22.5,22.4,83,84,82,19.4,19.5,19.2,1011.4,1011.5,1011.0,0.3,7,3.0,-1.12,0.0
A765,01/12/2017,15,25.6,26.8,24.6,75,82,73,20.8,22.3,20.3,1011.2,1011.6,1011.2,3.1,167,5.1,2656.,0.0
A765,01/12/2017,10,21.2,21.5,21.0,94,94,91,20.2,20.2,19.8,1010.9,1010.9,1010.2,1.5,331,3.7,46.58,1.0
A765,01/12/2017,04,21.7,21.9,21.6,89,89,86,19.7,19.9,19.5,1010.1,1010.8,1010.0,0.9,304,1.6,-0.62,0.0
A765,01/12/2017,11,21.5,21.5,20.9,94,95,94,20.6,20.6,19.9,1011.3,1011.3,1010.9,1.2,271,2.8,217.7,1.2
A765,01/12/2017,19,24.5,25.4,24.2,81,82,75,21.0,21.3,20.4,1010.2,1010.6,1010.2,2.6,158,5.6,979.6,0.0
A765,01/12/2017,14,24.8,25.2,23.9,80,85,79,21.1,22.4,20.6,1011.5,1011.8,1011.5,1.4,172,4.7,1666.,0.0
A765,01/12/2017,07,21.6,21.7,21.5,89,91,89,19.8,20.0,19.8,1009.4,1009.4,1009.2,0.9,245,1.8,-1.03,0.0
A765,01/12/2017,08,21.8,21.9,21.6,90,90,89,20.1,20.2,19.7,1009.9,1009.9,1009.4,1.1,307,1.8,-0.20,0.0
A765,01/12/2017,13,24.5,24.5,22.2,85,94,85,21.7,21.7,21.0,1011.7,1011.9,1011.6,1.0,165,2.9,1059.,0.2
A765,01/12/2017,12,22.2,22.3,21.5,93,95,93,21.0,21.2,20.6,1011.6,1011.6,1011.3,1.2,223,2.3,355.9,0.0
A765,01/12/2017,18,25.4,26.3,24.9,75,80,74,20.8,22.2,20.4,1010.6,1010.6,1010.5,2.6,118,6.1,1756.,0.0
A765,01/12/2017,16,26.0,26.7,24.8,77,81,75,21.6,22.3,20.8,1010.9,1011.2,1010.8,2.1,141,6.1,2498.,0.0
A765,01/12/2017,17,25.4,26.4,24.9,77,80,73,21.0,21.7,20.6,1010.6,1010.9,1010.6,3.4,156,6.2,2879.,0.0
A765,02/12/2017,00,22.4,22.6,22.4,84,87,83,19.5,20.3,19.3,1012.5,1012.5,1012.0,4.5,121,10.3,-0.39,0.0
A765,02/12/2017,23,22.2,23.2,22.2,90,91,87,20.5,21.4,20.4,1012.9,1012.9,1012.0,4.0,111,8.4,-2.52,1.4
A765,02/12/2017,03,22.0,22.0,21.9,90,90,88,20.3,20.3,19.8,1012.5,1013.0,1012.5,4.7,121,9.4,-3.02,0.0
A765,02/12/2017,01,22.5,22.6,22.3,84,85,84,19.7,19.8,19.5,1012.9,1012.9,1012.5,3.7,129,9.5,-0.07,0.0
A765,02/12/2017,11,23.4,24.0,21.9,85,93,85,20.8,21.7,20.7,1013.0,1013.0,1012.6,0.6,318,2.0,721.3,0.0
A765,02/12/2017,02,21.9,22.5,21.9,88,89,84,19.8,20.3,19.8,1013.0,1013.0,1012.9,4.8,124,9.9,-3.38,0.2
A765,02/12/2017,09,21.4,21.8,21.3,95,95,93,20.5,20.7,20.3,1011.9,1011.9,1011.4,0.8,320,3.2,18.62,0.0
A765,02/12/2017,18,24.1,24.9,24.0,81,81,79,20.6,21.1,20.5,1011.8,1012.2,1011.8,4.0,136,8.2,838.8,0.0
A765,02/12/2017,17,24.6,24.9,24.4,80,82,80,21.0,21.5,20.8,1012.2,1012.7,1012.2,4.0,140,7.5,1425.,0.0
A765,02/12/2017,05,21.6,22.1,21.5,94,94,90,20.5,20.5,20.1,1011.5,1011.9,1011.5,2.1,83,8.0,-2.23,0.8
A765,02/12/2017,10,21.9,21.9,21.4,93,95,93,20.8,20.9,20.5,1012.6,1012.6,1011.9,1.1,336,2.0,192.1,0.0
A765,02/12/2017,04,22.1,22.1,21.7,90,92,90,20.4,20.5,20.2,1011.9,1012.5,1011.9,3.6,118,8.6,-2.52,0.4
A765,02/12/2017,13,25.8,25.8,24.3,79,83,77,21.8,22.1,20.7,1013.3,1013.5,1013.3,2.8,119,6.0,2031.,0.0
A765,02/12/2017,07,21.9,22.2,21.9,92,93,90,20.6,20.9,20.3,1011.1,1011.2,1011.1,3.0,144,8.3,-1.88,0.0
A765,02/12/2017,12,24.8,24.8,23.3,80,85,80,21.2,21.5,20.2,1013.5,1013.5,1013.0,1.9,95,4.5,1189.,0.0
A765,02/12/2017,06,22.0,22.0,21.4,93,95,93,20.9,20.9,20.5,1011.2,1011.5,1011.2,1.5,134,5.0,-0.14,1.4
A765,02/12/2017,08,21.7,22.3,21.6,94,94,91,20.6,20.8,20.5,1011.4,1011.4,1011.1,1.5,355,7.2,-1.47,0.2
A765,02/12/2017,21,23.5,23.8,23.4,85,86,82,20.8,20.9,20.5,1011.8,1011.8,1011.4,3.0,130,8.0,92.43,0.2
A765,02/12/2017,19,23.9,24.2,23.9,83,83,81,20.7,20.8,20.5,1011.6,1011.8,1011.6,3.7,134,8.5,369.2,0.0
A765,02/12/2017,14,24.7,26.0,24.7,80,80,75,21.0,21.8,20.9,1013.3,1013.4,1013.3,3.7,117,7.8,2219.,0.0
A765,02/12/2017,20,23.4,23.9,23.4,85,86,82,20.8,20.9,20.5,1011.4,1011.6,1011.4,2.5,144,7.8,225.2,0.0
A765,02/12/2017,16,24.5,24.8,23.7,81,88,80,21.0,21.8,20.8,1012.7,1013.1,1012.7,3.4,129,7.6,1321.,0.0
A765,02/12/2017,15,23.7,24.9,23.2,88,90,80,21.6,21.6,20.8,1013.1,1013.3,1013.1,3.7,117,9.4,837.3,1.0
A765,02/12/2017,22,23.2,23.6,23.2,87,87,84,21.0,21.1,20.8,1012.0,1012.0,1011.8,4.3,120,8.1,21.12,0.4
A765,03/12/2017,16,24.4,25.0,24.4,84,84,80,21.5,21.7,21.2,1010.3,1011.0,1010.3,3.0,123,6.9,747.6,0.0
A765,03/12/2017,00,23.0,23.1,22.2,84,92,84,20.2,21.1,20.2,1013.0,1013.0,1012.9,4.0,115,7.8,-2.62,0.8
A765,03/12/2017,05,22.1,23.1,22.0,92,93,87,20.7,21.0,20.4,1011.1,1011.5,1011.1,2.6,88,8.5,-2.75,0.6
A765,03/12/2017,01,22.8,23.2,22.8,89,89,82,21.0,21.2,19.9,1013.3,1013.3,1013.0,3.1,99,8.3,-2.74,0.0
A765,03/12/2017,09,21.9,21.9,21.7,95,95,94,21.0,21.0,20.8,1011.2,1011.2,1010.9,0.3,202,1.9,41.34,0.0
A765,03/12/2017,04,23.1,23.1,22.6,88,90,87,20.9,21.2,20.8,1011.5,1012.5,1011.5,2.7,114,6.5,-3.29,0.0
A765,03/12/2017,06,21.8,22.3,21.7,94,95,91,20.8,20.9,20.7,1010.7,1011.1,1010.6,1.1,40,4.8,-1.11,0.4
A765,03/12/2017,02,23.0,23.0,21.9,91,94,89,21.5,21.5,20.6,1013.3,1013.4,1013.2,2.3,96,7.4,-1.57,0.0
A765,03/12/2017,03,22.9,23.3,22.4,89,91,87,21.1,21.5,20.4,1012.5,1013.3,1012.5,2.1,104,7.6,-2.76,0.2
A765,03/12/2017,08,21.9,21.9,21.8,94,94,94,20.9,20.9,20.7,1010.9,1010.9,1010.5,0.9,321,2.1,-1.60,0.0
A765,03/12/2017,21,24.1,24.5,24.1,86,86,84,21.7,21.8,21.6,1008.8,1009.1,1008.8,3.3,115,6.5,346.5,0.0
A765,03/12/2017,10,22.7,22.8,21.9,91,95,91,21.3,21.6,21.0,1011.5,1011.5,1011.2,0.9,311,1.6,502.8,0.0
A765,03/12/2017,23,24.1,24.1,24.0,86,87,86,21.7,21.7,21.5,1009.6,1009.6,1009.2,2.7,114,5.6,0.316,0.0
A765,03/12/2017,12,25.1,25.3,23.1,79,88,78,21.3,21.6,20.6,1011.6,1011.8,1011.6,1.5,117,4.1,1386.,0.0
A765,03/12/2017,22,24.0,24.1,23.9,87,87,86,21.6,21.7,21.5,1009.3,1009.3,1008.8,2.5,130,7.2,47.58,0.0
A765,03/12/2017,07,21.9,22.1,21.8,94,94,94,20.8,21.0,20.7,1010.5,1010.7,1010.3,0.8,34,3.8,-1.00,0.2
A765,03/12/2017,11,23.2,23.2,22.7,88,92,88,21.0,21.4,20.9,1011.8,1011.9,1011.5,0.8,308,1.6,370.7,0.0
A765,03/12/2017,18,25.0,25.3,24.6,82,84,81,21.7,22.1,21.6,1009.4,1009.9,1009.4,3.3,125,7.0,981.3,0.0
A765,03/12/2017,15,24.9,25.8,24.8,81,81,78,21.5,21.9,21.0,1011.0,1011.5,1011.0,3.1,115,5.4,1276.,0.0
A765,03/12/2017,13,25.6,25.9,24.7,80,80,76,21.8,21.8,20.8,1011.4,1011.6,1011.4,2.6,122,5.9,2705.,0.0
A765,03/12/2017,14,25.1,26.6,24.9,78,82,76,21.0,22.9,21.0,1011.5,1011.6,1011.3,2.5,128,5.1,2438.,0.2
A765,03/12/2017,20,24.4,24.8,24.4,84,85,83,21.6,21.9,21.4,1009.0,1009.3,1009.0,2.4,123,6.8,438.6,0.0
A765,03/12/2017,19,24.6,25.1,24.4,83,85,81,21.5,21.8,21.4,1009.2,1009.4,1009.2,3.3,120,6.6,604.7,0.0
A765,03/12/2017,17,24.6,24.8,24.4,84,85,82,21.7,21.7,21.4,1009.9,1010.3,1009.9,3.4,122,6.3,649.6,0.0
A765,04/12/2017,03,22.2,22.5,22.2,95,95,93,21.3,21.4,21.3,1010.9,1011.0,1010.7,0.9,279,1.7,-2.25,0.0
A765,04/12/2017,19,25.2,26.5,25.2,84,84,77,22.3,22.5,21.8,1008.9,1009.1,1008.9,2.1,142,4.9,771.0,0.0
A765,04/12/2017,23,23.6,24.4,23.5,92,92,88,22.2,22.3,22.1,1010.3,1010.3,1009.4,0.6,181,2.0,-3.12,0.0
A765,04/12/2017,01,23.3,24.2,23.3,91,91,84,21.6,21.7,21.2,1010.5,1010.5,1010.1,0.8,285,3.0,-0.62,0.0
A765,04/12/2017,00,24.1,24.2,24.1,85,86,84,21.5,21.8,21.4,1010.1,1010.1,1009.6,1.3,120,4.8,-0.02,0.0
A765,04/12/2017,08,21.1,21.8,21.0,96,96,95,20.4,21.1,20.3,1008.9,1008.9,1008.7,0.7,269,2.0,-2.95,0.0
A765,04/12/2017,07,21.8,21.9,21.6,96,96,95,21.1,21.2,20.9,1008.9,1009.0,1008.7,1.3,307,2.0,-3.38,0.0
A765,04/12/2017,02,22.5,23.3,22.5,93,93,91,21.4,21.7,21.4,1010.8,1010.8,1010.4,0.7,298,1.8,-3.43,0.0
A765,04/12/2017,17,26.1,26.4,25.3,78,83,77,21.9,22.7,21.9,1009.8,1010.1,1009.8,2.2,125,5.0,1283.,0.0
A765,04/12/2017,11,23.6,23.8,22.9,88,94,87,21.4,22.1,21.3,1009.8,1009.8,1009.4,1.8,198,3.4,545.9,0.0
A765,04/12/2017,04,22.3,22.4,22.2,95,95,95,21.4,21.5,21.2,1010.1,1010.9,1010.1,1.0,272,1.7,-2.19,0.0
A765,04/12/2017,09,21.7,21.9,21.1,96,96,96,21.0,21.2,20.4,1009.3,1009.3,1008.9,1.2,283,2.3,16.68,0.0
A765,04/12/2017,18,26.3,26.5,26.1,79,80,76,22.5,22.6,21.8,1009.1,1009.9,1009.1,2.4,123,4.8,1365.,0.0
A765,04/12/2017,05,21.8,22.3,21.8,95,95,95,21.0,21.4,21.0,1009.3,1010.1,1009.2,0.2,325,1.7,-2.76,0.0
A765,04/12/2017,06,21.8,22.0,21.8,95,95,95,21.1,21.2,20.9,1008.8,1009.3,1008.8,1.0,249,2.1,-2.19,0.0
A765,04/12/2017,10,22.9,22.9,21.7,94,96,94,21.9,22.0,21.1,1009.4,1009.4,1009.3,0.7,228,2.1,355.2,0.0
A765,04/12/2017,15,25.5,26.7,25.4,81,81,77,22.0,22.4,21.7,1010.2,1010.4,1010.1,2.9,154,5.2,1372.,0.0
A765,04/12/2017,12,24.9,24.9,23.6,82,88,82,21.7,22.1,21.4,1010.1,1010.2,1009.8,1.1,196,3.4,826.1,0.0
A765,04/12/2017,16,25.4,25.9,25.4,82,82,79,22.2,22.3,21.8,1010.1,1010.3,1010.1,3.3,156,5.0,1050.,0.0
A765,04/12/2017,20,25.0,25.7,25.0,85,85,83,22.4,22.7,22.2,1008.8,1008.9,1008.6,1.9,136,4.3,554.5,0.0
A765,04/12/2017,22,24.4,24.7,24.4,88,89,87,22.3,22.5,22.3,1009.4,1009.4,1008.8,0.8,221,2.5,40.24,0.0
A765,04/12/2017,13,26.0,26.1,24.8,78,82,77,21.9,22.3,21.1,1010.2,1010.2,1010.0,1.0,144,2.8,1269.,0.0
A765,04/12/2017,14,26.4,26.9,25.6,78,79,75,22.3,22.6,21.4,1010.4,1010.5,1010.2,2.5,151,5.2,2055.,0.0
A765,04/12/2017,21,24.7,25.0,24.7,87,87,85,22.4,22.5,22.2,1008.9,1009.0,1008.7,1.1,187,3.6,179.6,0.0
A765,05/12/2017,11,24.5,24.6,23.6,88,93,88,22.5,22.8,22.3,1013.5,1013.5,1012.7,1.5,197,3.2,512.0,0.0
A765,05/12/2017,23,24.6,24.8,24.6,89,89,87,22.7,22.8,22.5,1013.6,1013.6,1013.0,1.1,274,3.3,-0.48,0.0
A765,05/12/2017,04,22.8,22.9,22.6,95,95,95,22.0,22.1,21.8,1011.0,1011.7,1011.0,0.7,276,1.9,-2.02,0.0
A765,05/12/2017,22,24.8,25.1,24.8,87,87,85,22.6,22.6,22.4,1013.1,1013.1,1012.8,1.3,175,3.4,51.97,0.0
A765,05/12/2017,00,23.0,23.6,23.0,94,94,92,21.9,22.2,21.9,1011.3,1011.4,1010.3,0.9,272,1.7,-2.74,0.0
A765,05/12/2017,03,22.7,23.0,22.7,95,95,94,21.8,22.1,21.8,1011.7,1012.1,1011.6,0.6,246,1.7,-2.00,0.0
A765,05/12/2017,01,23.1,23.1,22.9,94,94,94,22.2,22.2,21.8,1011.8,1011.9,1011.3,0.3,155,1.5,-1.30,0.0
A765,05/12/2017,02,22.7,23.3,22.7,94,94,94,21.8,22.3,21.7,1011.9,1012.0,1011.7,0.6,258,1.8,-1.49,0.0
A765,05/12/2017,05,23.0,23.1,22.6,95,96,95,22.2,22.3,21.8,1010.7,1011.0,1010.7,0.9,225,2.5,-1.14,0.0
A765,05/12/2017,12,24.8,24.8,24.4,89,89,87,22.8,22.8,22.3,1014.0,1014.0,1013.5,0.6,227,3.2,486.0,0.0
A765,05/12/2017,21,25.1,25.8,25.0,85,86,82,22.4,22.6,22.2,1012.8,1012.8,1012.6,1.5,166,4.4,240.6,0.0
A765,05/12/2017,06,22.9,23.2,22.9,95,95,95,22.1,22.4,22.0,1010.7,1010.9,1010.7,0.8,3,2.1,-1.10,0.0
A765,05/12/2017,13,25.7,25.7,24.6,81,89,81,22.3,23.0,22.1,1013.9,1014.1,1013.9,1.6,296,3.0,1692.,0.0
A765,05/12/2017,10,23.6,23.7,22.9,93,94,93,22.4,22.5,21.9,1012.7,1012.7,1011.9,1.3,275,2.3,289.2,0.0
A765,05/12/2017,07,23.2,23.2,22.9,95,95,95,22.2,22.3,22.0,1011.2,1011.2,1010.7,1.2,223,2.5,-0.85,0.0
A765,05/12/2017,09,22.9,23.3,22.9,94,94,93,21.9,22.3,21.8,1011.9,1011.9,1011.6,0.6,212,1.7,25.95,0.0
A765,05/12/2017,15,26.8,27.7,26.4,78,79,74,22.6,23.2,22.3,1013.7,1013.8,1013.7,2.3,130,6.0,2308.,0.0
A765,05/12/2017,08,23.3,23.4,23.2,94,95,94,22.2,22.5,22.2,1011.6,1011.6,1011.2,0.6,265,2.6,-1.26,0.0
A765,05/12/2017,14,27.0,27.9,25.7,78,82,75,22.9,23.8,21.9,1013.7,1013.9,1013.7,3.1,166,5.0,2366.,0.0
A765,05/12/2017,16,27.2,27.3,26.4,78,81,77,23.1,23.2,22.5,1013.7,1013.9,1013.7,2.0,114,4.8,1729.,0.0
A765,05/12/2017,19,25.6,26.7,25.5,83,84,79,22.5,23.1,22.3,1013.0,1013.5,1013.0,1.7,176,5.1,1219.,0.0
A765,05/12/2017,20,25.7,26.0,25.5,83,84,82,22.6,22.9,22.4,1012.6,1013.0,1012.5,1.8,144,4.2,628.4,0.0
A765,05/12/2017,17,28.3,28.5,26.9,73,79,73,23.1,23.9,22.8,1013.6,1013.8,1013.6,2.9,116,6.5,3018.,0.0
A765,05/12/2017,18,26.6,28.6,26.6,79,80,73,22.7,23.8,22.7,1013.5,1013.6,1013.4,2.9,134,6.5,2220.,0.0
A765,06/12/2017,09,22.1,22.6,22.0,92,92,89,20.7,20.9,20.5,1012.7,1012.7,1012.2,0.5,342,2.1,36.30,0.0
A765,06/12/2017,10,24.0,24.0,22.1,81,92,81,20.6,21.2,20.6,1013.2,1013.2,1012.7,0.3,312,1.9,465.0,0.0
A765,06/12/2017,21,25.1,25.9,25.1,73,73,69,20.0,20.2,19.5,1010.9,1010.9,1010.8,3.0,124,6.4,309.2,0.0
A765,06/12/2017,22,24.8,25.2,24.8,73,75,71,19.7,20.1,19.5,1011.4,1011.4,1010.8,2.8,101,6.8,65.80,0.0
A765,06/12/2017,23,24.5,24.8,24.5,75,75,72,19.7,19.8,19.4,1012.0,1012.0,1011.4,3.0,95,5.3,-0.32,0.0
A765,06/12/2017,01,24.4,24.4,24.1,88,91,88,22.2,22.7,22.2,1014.5,1014.5,1013.9,1.9,112,5.4,-1.62,0.0
A765,06/12/2017,05,24.1,24.4,24.1,80,80,79,20.4,20.7,20.4,1013.0,1013.8,1013.0,1.4,68,8.1,1.572,0.0
A765,06/12/2017,02,24.6,24.7,24.4,85,88,82,21.8,22.2,21.3,1014.2,1014.6,1014.2,2.0,118,5.0,0.742,0.0
A765,06/12/2017,00,24.1,24.6,24.0,90,93,89,22.4,22.9,22.2,1013.9,1013.9,1013.6,1.4,130,3.9,-1.63,1.8
A765,06/12/2017,06,23.3,24.1,23.3,87,87,79,21.1,21.1,20.2,1012.5,1013.0,1012.5,1.0,351,3.6,0.563,0.0
A765,06/12/2017,03,24.3,24.7,24.3,81,85,79,20.8,21.8,20.5,1014.2,1014.3,1014.2,2.9,100,7.7,1.765,0.0
A765,06/12/2017,04,24.2,24.3,23.7,80,84,79,20.5,20.9,20.3,1013.8,1014.2,1013.8,3.4,102,6.9,-0.56,0.0
A765,06/12/2017,08,22.6,23.1,22.6,89,90,89,20.8,21.2,20.8,1012.2,1012.6,1012.2,0.6,272,1.8,-2.55,0.0
A765,06/12/2017,11,25.7,25.9,24.0,72,81,72,20.2,20.8,19.7,1013.8,1013.8,1013.2,1.5,108,3.6,1553.,0.0
A765,06/12/2017,13,25.8,26.2,25.6,74,76,71,20.7,21.2,20.2,1013.9,1014.1,1013.9,3.0,117,6.3,1198.,0.0
A765,06/12/2017,20,25.9,26.4,25.6,69,74,67,19.7,20.7,19.5,1010.9,1011.2,1010.8,3.0,122,6.4,854.6,0.0
A765,06/12/2017,12,26.1,26.7,25.4,71,75,69,20.4,20.9,20.1,1014.0,1014.0,1013.8,3.0,117,5.9,1805.,0.2
A765,06/12/2017,07,23.1,23.3,23.0,89,90,87,21.2,21.3,21.0,1012.6,1012.6,1012.5,0.5,326,2.3,-0.09,0.0
A765,06/12/2017,15,25.7,25.7,25.3,75,78,72,21.0,21.2,20.2,1013.8,1014.2,1013.8,2.8,117,8.0,942.1,0.0
A765,06/12/2017,14,25.3,25.8,25.3,74,75,72,20.5,20.8,20.1,1014.2,1014.2,1013.8,3.0,127,6.6,784.4,0.0
A765,06/12/2017,16,26.0,26.0,25.4,72,77,72,20.6,21.2,20.3,1013.3,1013.8,1013.3,2.8,114,6.5,1056.,0.0
A765,06/12/2017,19,26.0,26.4,25.7,72,73,67,20.5,20.8,19.7,1011.2,1012.2,1011.2,3.1,125,6.2,1340.,0.0
A765,06/12/2017,18,25.9,26.8,25.9,69,72,67,19.8,20.8,19.8,1012.2,1012.7,1012.2,3.0,119,6.8,1484.,0.0
A765,06/12/2017,17,26.1,26.4,25.5,71,74,70,20.4,20.8,19.9,1012.7,1013.3,1012.7,2.9,113,6.9,1061.,0.0
A765,07/12/2017,15,27.1,27.5,25.9,71,74,69,21.4,22.0,20.7,1008.6,1009.0,1008.5,2.2,140,6.0,2633.,0.0
A765,07/12/2017,14,26.1,26.9,25.7,73,74,67,20.8,21.0,19.6,1008.9,1009.1,1008.6,3.2,155,5.9,1969.,0.0
A765,07/12/2017,16,26.2,27.2,26.1,72,75,70,20.9,21.7,20.8,1008.0,1008.6,1008.0,2.3,140,6.2,2159.,0.0
A765,07/12/2017,02,24.0,24.0,23.4,76,83,76,19.4,20.3,19.4,1012.6,1012.9,1012.6,1.5,113,4.9,-0.82,0.0
A765,07/12/2017,00,23.8,24.5,23.7,80,82,75,20.2,20.4,19.7,1012.5,1012.5,1012.0,0.7,25,5.4,-0.74,0.0
A765,07/12/2017,13,26.6,26.9,24.4,69,79,68,20.6,21.0,20.1,1008.6,1009.0,1008.5,1.6,156,3.6,2321.,0.0
A765,07/12/2017,23,22.9,23.3,22.9,94,94,92,21.9,22.0,21.7,1006.4,1006.4,1005.9,1.3,191,2.5,-2.21,0.4
A765,07/12/2017,12,24.4,24.5,22.9,77,87,77,20.1,20.8,20.1,1009.0,1009.8,1009.0,1.2,290,2.5,979.9,0.0
A765,07/12/2017,01,23.8,24.1,23.8,80,80,77,20.0,20.1,19.8,1012.8,1012.9,1012.5,0.7,15,3.1,-0.48,0.0
A765,07/12/2017,18,24.5,24.7,24.3,75,82,75,19.8,21.1,19.8,1006.8,1007.5,1006.8,1.4,181,6.5,209.2,0.0
A765,07/12/2017,21,24.2,24.5,24.2,82,83,79,20.9,21.2,20.6,1005.8,1005.9,1005.6,0.6,196,2.2,105.6,0.0
A765,07/12/2017,09,21.7,21.8,21.6,93,93,92,20.4,20.5,20.3,1009.9,1009.9,1009.3,1.1,239,2.4,19.64,0.0
A765,07/12/2017,04,23.4,23.9,23.4,81,82,77,19.9,20.0,19.5,1011.1,1012.4,1011.1,0.6,247,5.8,-0.68,0.0
A765,07/12/2017,17,24.7,26.2,24.6,79,79,72,20.8,21.3,20.4,1007.5,1008.0,1007.4,2.8,166,7.0,714.8,0.0
A765,07/12/2017,03,23.9,24.0,23.3,77,83,75,19.6,20.2,19.4,1012.4,1012.8,1012.4,2.1,90,5.1,-0.71,0.0
A765,07/12/2017,06,22.4,22.7,22.3,87,89,85,20.2,20.4,20.0,1009.9,1010.5,1009.9,0.6,24,1.8,-0.53,0.0
A765,07/12/2017,05,22.5,23.3,22.5,85,86,81,19.9,20.2,19.8,1010.5,1011.1,1010.5,0.8,237,3.1,-1.44,0.0
A765,07/12/2017,19,23.8,24.6,23.7,85,85,75,21.1,21.2,19.8,1006.5,1006.8,1006.5,1.2,336,2.7,136.9,0.0
A765,07/12/2017,08,21.7,22.0,21.7,92,92,90,20.4,20.5,20.2,1009.4,1009.9,1009.4,0.8,278,1.8,-2.71,0.0
A765,07/12/2017,20,24.4,24.5,23.7,80,86,80,20.8,21.4,20.7,1005.9,1006.5,1005.9,1.2,175,2.5,221.7,0.0
A765,07/12/2017,07,22.0,22.5,22.0,90,90,87,20.3,20.4,20.1,1009.8,1010.0,1009.7,0.9,270,1.7,-1.62,0.0
A765,07/12/2017,22,23.3,24.2,23.3,92,92,82,21.9,22.0,20.8,1006.1,1006.1,1005.7,1.1,325,2.1,28.13,0.0
A765,07/12/2017,11,22.8,23.2,22.6,87,89,85,20.5,21.0,20.3,1009.7,1010.0,1009.7,1.0,319,2.3,450.2,0.0
A765,07/12/2017,10,22.6,22.6,21.7,89,93,89,20.7,20.7,20.4,1009.8,1010.3,1009.8,0.6,188,2.4,190.2,0.0
A765,08/12/2017,08,22.1,22.2,22.0,96,96,96,21.5,21.5,21.4,1005.2,1005.2,1005.0,0.2,196,2.1,0.069,0.0
A765,08/12/2017,07,22.1,22.3,22.0,96,96,96,21.4,21.7,21.4,1005.1,1005.2,1004.9,1.7,282,2.1,0.032,0.8
A765,08/12/2017,06,22.1,22.3,22.1,96,96,96,21.4,21.6,21.4,1004.9,1005.0,1004.6,0.8,305,3.9,-0.29,0.2
A765,08/12/2017,00,22.8,23.0,22.7,94,94,94,21.8,22.0,21.7,1007.3,1007.3,1006.4,1.1,306,2.5,-1.03,0.0
A765,08/12/2017,13,25.8,25.9,23.6,81,93,81,22.2,23.0,21.8,1005.9,1006.1,1005.9,0.7,237,2.4,1792.,0.0
A765,08/12/2017,23,23.7,24.3,23.7,90,90,87,22.0,22.1,22.0,1007.2,1007.2,1006.8,0.7,325,3.3,-0.31,0.0
A765,08/12/2017,22,24.3,24.4,24.2,87,91,87,22.1,22.6,22.0,1006.8,1006.8,1006.2,1.2,230,3.3,36.76,0.0
A765,08/12/2017,21,24.2,24.3,23.8,91,91,87,22.6,22.6,21.9,1006.2,1006.2,1006.0,0.8,262,2.4,149.9,0.0
A765,08/12/2017,01,22.8,22.8,22.7,94,94,94,21.7,21.8,21.6,1007.2,1007.5,1007.2,0.3,258,1.7,-1.32,0.0
A765,08/12/2017,12,23.7,23.7,22.9,93,96,93,22.5,22.5,22.1,1006.1,1006.4,1006.1,0.3,353,1.9,468.2,0.0
A765,08/12/2017,02,22.6,22.9,22.5,95,95,94,21.7,21.8,21.5,1007.0,1007.2,1006.9,1.1,276,2.1,-1.18,0.0
A765,08/12/2017,10,22.6,22.6,22.2,96,96,96,21.9,22.0,21.6,1005.8,1005.9,1005.7,0.4,357,1.4,179.1,0.0
A765,08/12/2017,09,22.3,22.3,22.0,96,96,96,21.7,21.7,21.4,1005.7,1005.7,1005.2,0.4,45,1.5,14.02,0.8
A765,08/12/2017,03,22.4,22.6,22.3,95,95,95,21.6,21.8,21.5,1006.2,1007.1,1006.2,0.9,2,2.0,-0.50,1.0
A765,08/12/2017,11,23.0,23.0,22.5,96,96,95,22.2,22.3,21.9,1006.4,1006.4,1005.8,1.1,298,1.9,244.9,0.0
A765,08/12/2017,05,22.2,22.3,22.1,96,96,96,21.6,21.6,21.4,1005.0,1005.5,1005.0,1.6,197,3.9,-0.37,1.2
A765,08/12/2017,04,22.2,22.4,22.2,96,96,95,21.5,21.7,21.4,1005.5,1006.3,1005.5,0.4,211,2.1,-0.61,0.2
A765,08/12/2017,14,25.5,26.5,25.2,82,82,78,22.1,22.6,21.7,1006.0,1006.0,1005.8,2.2,144,5.5,2141.,0.0
A765,08/12/2017,20,24.3,24.7,24.3,87,87,84,22.0,22.2,21.8,1006.0,1006.0,1005.9,0.8,319,2.0,104.7,0.0
A765,08/12/2017,15,24.6,25.7,24.6,84,87,82,21.8,22.6,21.8,1006.1,1006.1,1005.8,2.9,157,4.8,520.9,0.0
A765,08/12/2017,19,24.6,24.8,24.6,85,85,81,21.9,21.9,21.4,1006.0,1006.0,1005.9,0.9,165,3.1,150.5,0.0
A765,08/12/2017,16,24.8,25.1,24.6,82,84,81,21.6,22.0,21.4,1006.1,1006.2,1006.0,1.8,213,4.9,481.3,0.0
A765,08/12/2017,18,24.8,25.0,24.7,81,82,80,21.3,21.4,21.0,1005.9,1006.1,1005.8,1.2,244,4.4,336.0,0.0
A765,08/12/2017,17,24.8,24.9,24.8,81,83,80,21.3,21.8,21.0,1006.1,1006.2,1006.0,1.8,228,4.4,323.8,0.0
A765,09/12/2017,03,22.9,23.1,22.9,94,94,93,21.9,22.1,21.8,1007.9,1008.1,1007.9,0.3,25,1.0,-0.42,0.0
A765,09/12/2017,14,27.1,27.2,25.3,77,82,76,22.8,23.0,21.6,1008.6,1009.0,1008.6,2.1,157,4.3,2151.,0.0
A765,09/12/2017,20,24.9,25.2,24.8,82,83,81,21.7,21.9,21.5,1006.9,1007.3,1006.9,2.0,161,5.6,525.6,0.0
A765,09/12/2017,21,24.7,25.0,24.6,82,83,82,21.5,21.8,21.5,1006.5,1006.9,1006.5,1.5,142,5.0,355.0,0.0
A765,09/12/2017,02,23.1,23.6,23.0,93,94,92,22.0,22.3,21.7,1008.1,1008.1,1008.0,0.7,302,2.5,0.243,0.0
A765,09/12/2017,22,24.1,24.7,24.1,84,84,82,21.3,21.5,21.1,1006.6,1006.7,1006.4,1.1,132,4.4,72.72,0.0
A765,09/12/2017,13,25.6,26.5,24.3,80,91,79,22.0,23.1,21.7,1009.0,1009.1,1008.9,2.2,129,4.2,1466.,0.0
A765,09/12/2017,06,22.4,22.9,22.3,96,96,95,21.7,22.2,21.6,1006.8,1007.0,1006.7,0.3,95,2.3,-0.44,0.0
A765,09/12/2017,01,23.5,23.7,23.3,92,93,92,22.2,22.3,22.1,1008.0,1008.0,1007.5,0.4,194,2.0,-1.93,0.0
A765,09/12/2017,00,23.6,23.7,23.6,92,92,90,22.3,22.3,22.0,1007.5,1007.5,1007.2,0.5,218,1.1,-1.40,0.0
A765,09/12/2017,23,23.8,24.1,23.8,87,87,84,21.5,21.5,21.2,1006.9,1006.9,1006.6,0.8,165,2.3,-2.37,0.0
A765,09/12/2017,04,22.9,23.1,22.8,94,94,94,21.9,22.1,21.8,1007.2,1007.9,1007.1,1.1,272,2.1,-0.28,0.0
A765,09/12/2017,07,22.4,22.5,22.3,96,96,96,21.7,21.8,21.6,1007.0,1007.0,1006.8,1.1,292,1.5,-0.66,0.0
A765,09/12/2017,05,22.8,23.1,22.7,95,95,94,22.0,22.2,21.8,1006.9,1007.2,1006.9,0.4,289,2.3,-0.49,1.6
A765,09/12/2017,08,22.2,22.4,22.2,96,96,96,21.6,21.8,21.6,1007.3,1007.3,1007.0,0.6,266,1.9,-0.37,0.0
A765,09/12/2017,09,22.7,22.7,22.2,96,96,96,22.1,22.1,21.6,1007.5,1007.5,1007.2,0.5,246,1.9,36.58,0.4
A765,09/12/2017,15,25.4,27.4,25.3,82,82,76,22.1,22.8,21.6,1008.2,1008.6,1008.1,2.2,141,6.9,909.3,0.0
A765,09/12/2017,10,22.8,22.9,22.3,96,96,96,22.1,22.2,21.6,1007.9,1007.9,1007.5,0.3,301,2.1,166.7,0.0
A765,09/12/2017,12,24.3,24.3,22.9,90,95,90,22.6,22.6,22.1,1008.9,1008.9,1008.5,0.8,246,2.0,665.3,0.0
A765,09/12/2017,19,25.2,25.7,25.1,82,83,78,21.8,22.1,21.5,1007.3,1007.7,1007.3,3.1,158,6.5,888.2,0.0
A765,09/12/2017,16,25.5,25.6,25.1,79,82,78,21.5,22.1,21.4,1008.3,1008.4,1008.2,2.8,190,6.8,711.9,0.0
A765,09/12/2017,11,23.0,23.0,22.8,95,96,95,22.1,22.2,22.0,1008.5,1008.5,1007.9,1.1,318,1.8,268.4,0.0
A765,09/12/2017,17,26.2,26.5,25.2,77,80,76,21.8,22.4,21.4,1008.0,1008.4,1008.0,2.6,154,5.9,1381.,0.2
A765,09/12/2017,18,25.3,26.8,25.3,80,80,74,21.7,22.4,21.4,1007.7,1008.0,1007.6,1.9,147,6.1,1296.,0.0
A765,10/12/2017,11,24.5,24.5,21.4,77,94,77,20.2,21.7,20.2,1006.7,1006.7,1006.0,1.6,171,3.0,1378.,0.0
A765,10/12/2017,12,25.9,26.4,24.3,72,77,71,20.4,21.0,19.7,1006.5,1006.8,1006.4,1.9,122,3.6,2306.,0.0
A765,10/12/2017,21,25.4,26.2,25.4,76,76,74,20.9,21.4,20.5,1003.2,1003.4,1003.0,2.1,113,3.8,485.2,0.0
A765,10/12/2017,06,20.6,21.1,20.5,95,95,93,19.8,20.2,19.7,1005.0,1005.6,1004.8,0.8,283,1.8,-3.48,0.0
A765,10/12/2017,13,27.1,27.1,25.6,73,74,70,21.7,21.7,20.2,1006.4,1006.6,1006.3,2.2,143,5.0,2630.,0.0
A765,10/12/2017,20,25.8,26.1,25.5,75,77,73,21.0,21.3,20.7,1003.4,1003.6,1003.2,1.5,112,3.4,564.1,0.0
A765,10/12/2017,10,21.4,21.4,20.2,94,96,94,20.5,20.5,19.4,1006.0,1006.0,1005.8,0.5,292,1.0,415.3,0.0
A765,10/12/2017,00,23.4,23.9,23.4,91,91,86,21.8,21.9,21.4,1007.1,1007.2,1006.6,1.0,286,2.2,-0.34,0.0
A765,10/12/2017,22,25.0,25.4,25.0,78,79,76,20.9,21.2,20.9,1003.9,1003.9,1003.2,1.5,94,3.8,108.5,0.0
A765,10/12/2017,01,23.2,23.5,23.1,92,92,90,21.8,21.9,21.6,1007.4,1007.4,1007.1,0.5,9,1.7,-1.25,0.0
A765,10/12/2017,23,23.4,25.0,23.4,89,89,78,21.6,21.6,20.9,1003.7,1004.1,1003.7,0.9,344,2.9,-2.20,0.0
A765,10/12/2017,18,27.3,27.9,26.9,69,71,66,21.1,21.7,20.5,1003.3,1003.7,1003.3,2.6,113,6.2,2319.,0.0
A765,10/12/2017,02,22.1,23.2,22.1,91,92,90,20.6,21.9,20.6,1007.1,1007.5,1007.1,0.6,359,2.1,-3.34,0.0
A765,10/12/2017,07,20.9,20.9,20.5,96,96,95,20.2,20.2,19.7,1004.8,1005.1,1004.8,1.1,228,2.8,-3.41,0.0
A765,10/12/2017,03,21.7,22.1,21.7,94,94,91,20.8,20.8,20.3,1007.0,1007.4,1007.0,1.0,317,1.6,-2.92,0.0
A765,10/12/2017,14,26.4,27.3,25.8,71,75,68,20.7,21.7,20.1,1006.0,1006.5,1006.0,2.4,127,6.6,1914.,0.0
A765,10/12/2017,09,20.3,20.3,19.8,96,96,95,19.5,19.6,19.1,1005.9,1006.0,1005.2,0.6,293,1.3,54.14,0.0
A765,10/12/2017,05,21.0,21.8,21.0,94,94,92,19.9,20.5,19.8,1005.5,1005.9,1005.4,0.1,315,1.7,-3.55,0.0
A765,10/12/2017,04,21.7,22.1,21.7,92,95,90,20.3,21.0,20.3,1005.9,1007.0,1005.9,0.9,356,1.9,-1.53,0.0
A765,10/12/2017,16,26.7,27.7,25.6,74,77,69,21.7,22.1,20.9,1004.8,1005.7,1004.8,2.9,110,5.1,3023.,0.0
A765,10/12/2017,15,25.9,26.4,25.4,75,78,69,21.0,21.6,19.9,1005.7,1006.1,1005.7,2.1,135,5.9,1089.,0.0
A765,10/12/2017,17,27.9,28.0,26.7,69,74,65,21.7,22.0,20.5,1003.7,1004.8,1003.7,3.3,120,5.8,3490.,0.0
A765,10/12/2017,19,25.7,27.3,25.5,76,76,69,21.3,21.4,20.7,1003.5,1003.6,1003.3,1.7,146,6.0,922.3,0.0
A765,10/12/2017,08,20.1,20.9,20.1,95,96,95,19.3,20.3,19.3,1005.3,1005.3,1004.8,0.7,261,2.8,-2.92,0.0
A765,11/12/2017,03,20.8,21.2,20.5,88,91,87,18.7,19.6,18.5,1003.9,1004.8,1003.9,1.3,338,2.8,-3.60,0.0
A765,11/12/2017,17,27.8,29.7,27.6,70,71,63,21.9,22.7,21.6,1007.0,1007.0,1006.4,2.6,236,9.1,2750.,0.0
A765,11/12/2017,04,19.8,20.8,19.6,94,94,87,18.7,18.7,18.3,1003.4,1003.9,1003.4,0.3,284,2.7,-3.59,0.0
A765,11/12/2017,05,19.3,20.1,19.3,94,95,94,18.3,19.2,18.2,1002.9,1003.5,1002.9,0.5,13,1.4,-3.55,0.0
A765,11/12/2017,16,29.7,31.2,29.5,63,64,51,22.0,22.0,19.2,1006.4,1006.4,1005.8,3.7,238,9.1,3868.,0.0
A765,11/12/2017,09,18.8,18.9,18.6,96,96,96,18.1,18.2,17.9,1002.8,1002.8,1002.5,0.8,289,1.6,35.26,0.0
A765,11/12/2017,21,23.6,25.4,23.6,93,93,80,22.4,22.5,21.7,1008.9,1008.9,1008.2,1.1,243,4.0,51.23,3.0
A765,11/12/2017,10,20.7,20.7,18.8,91,96,91,19.3,19.3,18.0,1003.0,1003.1,1002.8,0.7,265,1.6,372.5,0.0
A765,11/12/2017,12,28.8,28.8,24.6,60,75,55,20.1,20.1,17.4,1004.2,1004.4,1003.0,2.3,207,6.3,2375.,0.0
A765,11/12/2017,20,25.4,26.3,25.4,80,81,77,21.7,22.4,21.5,1008.3,1008.3,1007.9,1.3,218,4.5,386.8,0.0
A765,11/12/2017,11,24.5,24.5,20.7,75,91,75,19.9,20.0,18.9,1003.0,1003.0,1002.9,0.9,229,2.0,1566.,0.0
A765,11/12/2017,15,30.6,30.9,27.8,56,74,55,20.7,23.4,20.5,1005.8,1005.8,1005.6,3.6,185,8.0,3735.,0.0
A765,11/12/2017,14,27.9,29.2,27.2,74,75,65,22.8,23.2,21.7,1005.7,1005.7,1005.1,4.0,143,8.0,3483.,0.0
A765,11/12/2017,13,29.1,29.8,28.3,68,70,55,22.5,22.5,19.6,1005.1,1005.1,1004.2,2.4,128,7.0,3029.,0.0
A765,11/12/2017,22,22.3,23.8,21.9,92,94,92,21.0,22.6,20.7,1009.7,1009.7,1008.9,2.2,326,5.5,22.24,7.0
A765,11/12/2017,01,21.6,22.6,21.6,91,91,89,20.1,20.9,20.0,1005.2,1005.3,1004.6,1.2,310,2.4,-3.60,0.0
A765,11/12/2017,00,22.5,23.4,22.5,90,91,89,20.9,21.6,20.8,1004.6,1004.6,1003.7,1.1,337,2.7,-3.60,0.0
A765,11/12/2017,06,19.2,19.5,19.1,94,94,93,18.1,18.3,18.0,1002.5,1002.9,1002.4,0.7,273,2.0,-3.59,0.0
A765,11/12/2017,19,25.6,25.8,24.8,80,86,77,21.8,22.7,21.3,1008.0,1008.0,1007.5,2.0,222,8.3,420.0,1.0
A765,11/12/2017,08,18.7,19.2,18.6,96,96,95,18.0,18.5,17.9,1002.6,1002.6,1002.5,0.5,289,1.5,-3.59,0.0
A765,11/12/2017,23,21.9,22.4,21.9,95,95,92,21.0,21.3,20.8,1010.8,1010.8,1009.5,3.5,233,10.6,0.341,12.0
A765,11/12/2017,02,21.2,21.7,21.1,90,92,89,19.5,20.2,19.4,1004.8,1005.2,1004.8,0.9,342,1.8,-3.60,0.0
A765,11/12/2017,18,25.4,27.8,25.4,80,80,69,21.7,22.2,21.3,1007.5,1007.5,1006.9,4.4,193,8.6,427.7,0.2
A765,11/12/2017,07,18.9,19.5,18.9,95,95,94,18.1,18.7,18.1,1002.5,1002.5,1002.4,0.3,171,1.5,-3.59,0.0
A765,12/12/2017,01,23.0,23.2,22.5,80,96,80,19.5,22.2,19.5,1012.8,1012.8,1011.5,2.2,195,8.8,1.227,1.6
A765,12/12/2017,13,20.3,20.7,20.3,95,95,94,19.4,19.8,19.4,1017.4,1017.4,1016.9,0.7,66,3.1,333.2,2.8
A765,12/12/2017,17,21.8,21.8,20.4,84,92,84,18.9,19.5,18.4,1017.1,1017.3,1017.1,1.9,334,4.8,1051.,0.0
A765,12/12/2017,07,21.5,21.8,21.3,89,94,89,19.6,20.4,19.6,1013.1,1013.1,1012.8,0.8,29,2.9,0.802,0.2
A765,12/12/2017,03,21.1,22.4,21.1,93,93,84,20.0,20.1,19.7,1013.4,1013.6,1013.4,1.2,348,3.0,0.071,1.6
A765,12/12/2017,22,20.7,21.1,20.7,90,90,89,19.0,19.3,18.9,1017.0,1017.0,1016.7,0.9,340,2.3,31.90,0.0
A765,12/12/2017,23,20.7,20.7,20.5,90,92,90,19.0,19.2,18.9,1017.1,1017.1,1017.0,0.7,300,3.3,-0.35,0.0
A765,12/12/2017,04,21.1,21.3,21.1,94,94,93,20.0,20.1,20.0,1013.0,1013.4,1013.0,1.4,304,2.6,0.674,0.0
A765,12/12/2017,08,22.5,22.7,21.5,78,89,76,18.6,19.7,18.1,1013.8,1013.8,1013.1,2.1,175,6.1,3.295,0.0
A765,12/12/2017,10,20.2,20.6,20.2,94,94,91,19.2,19.4,18.9,1015.5,1015.5,1014.6,0.8,263,2.7,71.48,1.0
A765,12/12/2017,12,20.4,20.5,20.3,94,95,93,19.5,19.6,19.3,1016.9,1016.9,1016.2,1.3,273,5.5,344.2,1.0
A765,12/12/2017,05,21.3,21.3,21.0,95,95,94,20.4,20.4,20.0,1012.7,1013.0,1012.6,1.4,8,2.6,0.511,0.0
A765,12/12/2017,20,21.6,22.2,21.0,86,89,84,19.2,19.5,18.9,1016.5,1016.6,1016.4,0.5,4,3.2,293.1,0.2
A765,12/12/2017,21,21.1,21.7,21.1,89,91,85,19.2,19.6,19.0,1016.7,1016.7,1016.4,1.1,322,2.7,147.7,0.0
A765,12/12/2017,06,21.3,21.6,21.0,94,95,93,20.2,20.6,20.0,1012.9,1012.9,1012.7,0.7,301,3.4,-0.23,0.0
A765,12/12/2017,11,20.4,20.5,20.2,95,95,94,19.5,19.6,19.2,1016.2,1016.2,1015.5,1.3,324,2.6,210.9,0.8
A765,12/12/2017,16,21.0,21.6,20.9,90,92,89,19.3,20.1,19.0,1017.3,1017.3,1017.2,1.9,302,7.6,539.4,0.4
A765,12/12/2017,14,21.0,21.0,20.3,93,95,93,19.9,20.1,19.4,1017.6,1017.6,1017.4,0.7,250,2.7,404.1,1.4
A765,12/12/2017,15,21.3,21.3,20.8,92,94,92,20.0,20.0,19.5,1017.2,1017.6,1017.2,1.9,276,3.3,440.6,0.4
A765,12/12/2017,19,22.2,22.3,22.1,84,84,81,19.4,19.4,18.8,1016.5,1016.7,1016.5,0.9,22,2.8,348.8,0.0
A765,12/12/2017,00,22.6,22.7,21.3,96,97,94,21.9,22.2,20.4,1011.5,1011.7,1010.8,3.7,114,10.6,-0.15,53.6
A765,12/12/2017,18,22.2,22.3,21.8,81,84,79,18.8,19.0,18.4,1016.7,1017.1,1016.7,1.3,358,4.1,728.5,0.0
A765,12/12/2017,09,20.6,22.6,20.6,91,91,78,19.0,19.0,18.4,1014.6,1014.6,1013.8,0.9,345,7.3,4.201,1.4
A765,12/12/2017,02,22.4,23.3,22.4,84,85,78,19.7,19.9,19.2,1013.5,1013.5,1012.8,0.9,352,7.3,1.377,0.2
A765,13/12/2017,02,20.5,20.6,20.4,94,94,92,19.5,19.5,19.1,1017.6,1017.9,1017.6,0.3,8,1.3,-2.10,0.0
A765,13/12/2017,23,22.3,23.0,22.3,87,87,83,20.1,20.2,19.9,1016.7,1016.7,1016.3,0.7,336,1.7,-0.81,0.0
A765,13/12/2017,17,25.3,26.1,25.1,69,69,65,19.1,19.6,18.3,1017.1,1017.5,1017.1,2.4,121,5.3,1566.,0.0
A765,13/12/2017,01,20.4,20.5,20.3,92,93,92,19.1,19.3,19.0,1017.9,1017.9,1017.6,0.4,286,2.2,-2.64,0.0
A765,13/12/2017,08,20.2,20.3,20.1,94,94,93,19.1,19.3,19.0,1016.3,1016.3,1015.9,0.4,289,0.8,-2.22,0.0
A765,13/12/2017,09,20.0,20.2,20.0,95,95,94,19.1,19.3,19.1,1016.8,1016.8,1016.3,0.6,308,0.9,47.27,0.0
A765,13/12/2017,16,26.1,26.8,25.6,68,69,62,19.7,19.8,18.7,1017.5,1018.0,1017.5,2.8,123,5.4,2700.,0.0
A765,13/12/2017,10,21.0,21.0,20.0,93,95,93,19.9,19.9,19.1,1017.4,1017.4,1016.8,0.5,256,1.0,405.2,0.0
A765,13/12/2017,04,20.5,20.7,20.4,92,94,92,19.2,19.5,19.1,1016.7,1017.2,1016.7,0.8,345,1.9,-2.32,0.0
A765,13/12/2017,05,20.3,20.5,20.2,92,93,92,18.9,19.2,18.9,1016.2,1016.7,1016.2,0.6,330,1.7,-1.62,0.0
A765,13/12/2017,11,24.3,24.3,21.0,68,93,67,18.1,20.0,17.4,1017.9,1017.9,1017.4,1.4,59,3.8,1610.,0.0
A765,13/12/2017,07,20.2,20.4,20.2,93,93,91,19.1,19.2,18.8,1016.0,1016.0,1015.9,0.3,176,1.1,-2.13,0.0
A765,13/12/2017,06,20.2,20.4,20.2,91,92,91,18.7,19.0,18.7,1015.9,1016.2,1015.9,0.5,311,1.1,-1.44,0.0
A765,13/12/2017,21,24.6,24.8,24.6,71,72,69,19.1,19.4,18.6,1016.4,1016.4,1016.2,1.6,101,4.5,151.8,0.0
A765,13/12/2017,15,26.0,26.3,25.2,65,67,61,19.0,19.2,17.5,1018.0,1018.1,1018.0,2.2,129,4.7,2406.,0.0
A765,13/12/2017,13,25.5,25.5,24.7,68,69,63,19.1,19.1,17.6,1018.3,1018.3,1018.2,2.2,111,4.7,3321.,0.2
A765,13/12/2017,12,24.9,25.1,24.0,66,69,64,18.1,18.6,17.3,1018.3,1018.3,1017.9,2.4,104,4.4,2474.,0.0
A765,13/12/2017,20,24.7,24.9,24.5,71,75,71,19.2,19.9,19.1,1016.3,1016.6,1016.3,1.9,137,5.2,317.6,0.0
A765,13/12/2017,14,25.8,26.2,25.0,62,67,61,18.0,19.1,17.9,1018.1,1018.3,1018.1,2.5,124,4.6,3349.,0.0
A765,13/12/2017,22,23.0,24.6,23.0,83,83,70,20.0,20.0,18.8,1016.3,1016.4,1016.3,0.8,344,4.3,38.04,0.0
A765,13/12/2017,18,24.9,25.5,24.9,71,72,67,19.4,19.5,18.7,1017.0,1017.1,1017.0,2.6,117,6.1,800.9,0.0
A765,13/12/2017,19,24.8,25.2,24.8,71,72,68,19.3,19.7,18.8,1016.6,1017.0,1016.6,2.5,131,5.3,637.2,0.0
A765,13/12/2017,03,20.5,20.6,20.4,94,94,93,19.5,19.6,19.3,1017.2,1017.6,1017.2,0.3,324,1.5,-1.52,0.0
A765,13/12/2017,00,20.3,20.7,20.3,92,92,90,19.0,19.0,18.9,1017.6,1017.6,1017.1,0.8,311,1.9,-3.16,0.0
A765,14/12/2017,09,20.2,20.3,20.0,94,95,94,19.3,19.3,19.0,1016.2,1016.2,1015.6,0.5,265,1.6,18.94,0.0
A765,14/12/2017,23,23.7,25.0,23.7,85,85,73,21.1,21.1,19.7,1013.2,1013.2,1013.0,0.8,358,2.9,-1.10,0.0
A765,14/12/2017,03,20.0,20.4,20.0,95,95,94,19.1,19.4,19.1,1017.3,1017.8,1017.3,0.7,252,2.3,-3.58,0.0
A765,14/12/2017,04,19.9,20.1,19.7,95,95,95,19.1,19.3,18.9,1016.6,1017.3,1016.6,0.8,283,2.1,-3.57,0.0
A765,14/12/2017,19,26.0,26.7,25.9,68,69,64,19.7,19.7,19.2,1013.2,1014.1,1013.2,2.3,120,4.3,1049.,0.0
A765,14/12/2017,01,21.3,22.2,21.2,92,92,88,20.0,20.1,19.8,1017.6,1017.6,1017.1,1.3,272,2.2,-3.55,0.0
A765,14/12/2017,08,20.1,20.4,20.0,94,95,94,19.2,19.4,19.1,1015.6,1015.6,1015.3,0.6,336,2.1,-1.84,0.0
A765,14/12/2017,00,22.2,22.3,22.1,88,89,87,20.0,20.2,20.0,1017.1,1017.1,1016.7,1.2,319,1.7,-1.83,0.0
A765,14/12/2017,11,21.9,21.9,21.0,91,93,91,20.4,20.4,19.9,1016.9,1017.0,1016.6,0.5,309,1.1,417.1,0.0
A765,14/12/2017,02,20.4,21.3,20.4,94,94,92,19.4,19.9,19.3,1017.8,1017.8,1017.6,0.4,303,2.2,-3.60,0.0
A765,14/12/2017,14,26.3,26.8,24.7,65,72,63,19.2,19.9,18.9,1016.7,1017.0,1016.7,2.0,118,4.0,2642.,0.0
A765,14/12/2017,06,19.7,19.9,19.3,95,95,95,18.9,19.1,18.4,1015.5,1016.0,1015.5,0.7,310,1.5,-1.93,0.0
A765,14/12/2017,10,21.0,21.0,20.2,93,94,93,19.9,19.9,19.3,1016.6,1016.6,1016.2,0.4,289,1.0,199.7,0.0
A765,14/12/2017,05,19.3,19.9,19.3,95,95,95,18.5,19.1,18.5,1016.0,1016.6,1016.0,0.5,354,1.5,-3.57,0.0
A765,14/12/2017,07,19.9,20.0,19.6,94,96,94,19.0,19.2,18.8,1015.5,1015.6,1015.5,0.4,242,1.6,-1.24,0.0
A765,14/12/2017,15,26.1,26.4,25.5,69,71,65,20.0,20.3,18.9,1016.4,1016.7,1016.3,2.4,121,4.3,2155.,0.0
A765,14/12/2017,16,26.3,26.4,25.5,71,73,68,20.7,21.0,19.7,1015.6,1016.4,1015.6,2.0,118,4.7,1993.,0.0
A765,14/12/2017,12,23.3,23.3,21.9,80,91,78,19.7,20.6,19.4,1017.1,1017.1,1016.9,1.2,282,1.4,762.2,0.0
A765,14/12/2017,18,26.3,26.9,26.0,69,70,65,20.1,20.8,19.2,1014.1,1014.8,1014.1,2.5,101,5.1,1830.,0.0
A765,14/12/2017,17,26.8,26.9,25.8,68,73,67,20.3,21.1,20.0,1014.8,1015.6,1014.8,2.5,111,4.4,2293.,0.0
A765,14/12/2017,13,25.0,25.1,23.3,69,82,69,18.9,20.3,18.7,1017.0,1017.2,1017.0,0.8,302,1.5,1316.,0.0
A765,14/12/2017,21,25.2,25.9,25.1,73,73,70,20.0,20.4,19.7,1012.8,1012.8,1012.7,2.2,96,3.9,465.6,0.0
A765,14/12/2017,20,25.8,26.2,25.7,71,72,68,20.2,20.3,19.6,1012.7,1013.2,1012.7,1.9,114,4.2,696.4,0.0
A765,14/12/2017,22,25.0,25.3,24.9,74,74,72,19.9,20.2,19.7,1013.2,1013.2,1012.8,1.7,88,3.3,110.9,0.0
A765,15/12/2017,08,18.9,19.0,18.7,96,96,96,18.3,18.3,18.0,1010.0,1010.1,1009.9,1.0,208,2.9,-3.56,0.0
A765,15/12/2017,00,22.2,23.8,22.2,91,91,85,20.6,21.1,20.5,1013.8,1013.8,1013.2,0.6,270,1.9,-3.60,0.0
A765,15/12/2017,01,21.1,22.2,21.1,94,94,91,20.1,20.6,20.0,1014.4,1014.4,1013.8,0.9,290,1.5,-3.60,0.0
A765,15/12/2017,04,19.7,20.1,19.7,95,95,94,18.9,19.1,18.9,1012.1,1013.2,1012.1,0.7,211,1.7,-3.59,0.0
A765,15/12/2017,09,20.9,20.9,18.9,94,96,94,20.0,20.0,18.2,1011.3,1011.3,1010.0,3.4,200,7.6,30.48,0.0
A765,15/12/2017,02,20.8,21.1,20.7,93,94,93,19.6,20.1,19.6,1014.3,1014.5,1014.3,0.7,334,2.2,-3.59,0.0
A765,15/12/2017,07,18.8,19.6,18.7,96,96,96,18.1,18.9,18.0,1009.9,1010.4,1009.8,0.7,286,2.0,-3.50,0.0
A765,15/12/2017,16,25.3,27.1,25.2,78,79,74,21.2,22.1,21.2,1013.3,1013.6,1013.2,3.2,152,6.8,1461.,0.0
A765,15/12/2017,11,24.6,24.7,22.7,78,89,78,20.5,21.2,20.4,1013.2,1013.2,1012.9,1.7,273,5.1,1452.,0.0
A765,15/12/2017,03,20.1,20.8,20.1,94,94,93,19.1,19.7,19.1,1013.2,1014.4,1013.2,0.6,262,1.1,-3.60,0.0
A765,15/12/2017,10,22.7,22.7,20.9,89,94,89,20.8,20.8,19.9,1012.9,1012.9,1011.3,1.9,235,7.9,378.4,0.0
A765,15/12/2017,06,19.6,19.7,19.2,96,96,96,19.0,19.1,18.5,1010.3,1011.0,1010.2,0.9,306,2.0,-3.60,0.0
A765,15/12/2017,12,27.0,27.2,24.6,71,79,70,21.3,21.6,20.2,1013.3,1013.3,1012.9,1.6,133,4.3,2292.,0.0
A765,15/12/2017,05,19.7,20.0,19.5,96,96,95,19.0,19.3,18.8,1011.0,1012.1,1011.0,0.7,295,1.5,-3.60,0.0
A765,15/12/2017,13,26.2,27.6,25.4,76,77,69,21.5,22.0,20.8,1013.7,1013.7,1013.3,1.6,246,5.1,1756.,0.0
A765,15/12/2017,14,25.8,26.6,25.7,78,78,73,21.6,22.2,20.9,1013.6,1013.7,1013.6,2.3,132,5.1,1379.,0.0
A765,15/12/2017,15,27.0,27.0,25.2,75,80,75,22.2,22.2,21.3,1013.5,1013.7,1013.5,1.6,135,6.0,1298.,0.0
A765,15/12/2017,18,25.3,26.9,25.1,79,79,73,21.4,21.7,20.9,1012.1,1012.6,1012.0,1.8,151,6.7,924.3,0.0
A765,15/12/2017,21,25.4,26.7,25.4,79,79,74,21.4,22.0,21.3,1011.0,1011.1,1010.8,1.7,148,3.9,596.8,0.0
A765,15/12/2017,17,26.9,27.1,25.1,73,79,73,21.7,22.4,21.0,1012.6,1013.3,1012.5,3.2,150,6.0,1750.,0.0
A765,15/12/2017,19,25.9,26.1,25.2,77,80,76,21.5,22.0,21.2,1011.3,1012.1,1011.1,1.6,142,3.7,967.9,0.0
A765,15/12/2017,22,24.6,25.4,24.6,83,83,79,21.4,21.7,21.4,1011.5,1011.6,1011.0,1.0,159,3.5,134.6,0.0
A765,15/12/2017,20,26.7,27.2,25.9,74,77,72,21.8,22.2,21.2,1010.9,1011.3,1010.9,1.4,133,3.8,1531.,0.0
A765,15/12/2017,23,23.1,24.6,23.1,91,91,83,21.6,21.7,21.3,1011.2,1011.5,1011.0,0.4,305,2.0,-3.08,0.0
A765,16/12/2017,09,22.3,22.6,22.2,94,95,94,21.3,21.6,21.2,1012.9,1012.9,1011.9,0.9,316,1.9,18.40,0.0
A765,16/12/2017,02,21.7,22.3,21.6,95,95,93,20.8,21.2,20.7,1012.2,1012.2,1011.9,0.5,275,1.6,-3.58,0.0
A765,16/12/2017,03,21.6,21.8,21.5,95,95,95,20.8,21.0,20.7,1011.8,1012.2,1011.8,0.6,296,1.6,-3.41,0.0
A765,16/12/2017,00,22.5,23.1,22.5,94,94,91,21.4,21.7,21.4,1011.7,1011.7,1011.2,0.2,5,2.1,-3.55,0.0
A765,16/12/2017,04,21.1,21.6,21.1,95,95,95,20.3,20.8,20.3,1011.5,1011.8,1011.5,0.7,251,1.5,-3.36,0.0
A765,16/12/2017,05,21.6,21.6,21.1,95,96,95,20.8,20.8,20.2,1011.6,1011.6,1011.5,0.6,235,1.9,-1.28,0.0
A765,16/12/2017,23,25.7,26.1,25.7,79,79,76,21.7,21.7,21.4,1011.2,1011.2,1010.7,2.4,91,4.3,-0.68,0.0
A765,16/12/2017,01,22.3,22.7,22.3,93,94,93,21.2,21.6,21.2,1012.1,1012.1,1011.7,0.3,17,1.5,-2.37,0.0
A765,16/12/2017,07,22.1,22.1,21.6,94,94,92,21.1,21.1,20.3,1011.3,1011.4,1011.2,1.0,286,1.7,-1.61,0.0
A765,16/12/2017,06,21.6,21.8,21.4,93,96,93,20.4,21.1,20.4,1011.4,1011.6,1011.2,0.6,290,1.4,-1.38,0.0
A765,16/12/2017,08,22.3,22.3,21.8,95,95,94,21.3,21.4,20.8,1011.9,1011.9,1011.2,0.7,256,1.9,-1.18,0.0
A765,16/12/2017,14,26.2,26.6,25.7,76,78,73,21.5,22.1,21.1,1013.9,1014.0,1013.9,1.9,115,5.3,1068.,0.0
A765,16/12/2017,10,22.9,22.9,22.2,90,94,90,21.2,21.3,21.0,1013.3,1013.3,1012.9,0.5,308,1.6,228.5,0.0
A765,16/12/2017,11,24.6,24.6,22.9,82,90,82,21.3,21.9,21.1,1013.5,1013.6,1013.3,0.4,322,1.0,738.5,0.0
A765,16/12/2017,12,26.6,27.6,24.6,71,82,68,20.8,22.1,20.8,1013.8,1013.8,1013.5,2.0,158,3.5,2358.,0.0
A765,16/12/2017,17,28.7,29.1,27.1,67,71,64,22.1,22.4,20.7,1012.1,1013.0,1012.1,2.9,120,5.8,2952.,0.0
A765,16/12/2017,13,26.5,27.0,26.0,74,76,70,21.5,21.7,20.9,1014.0,1014.0,1013.8,1.7,145,5.3,1410.,0.0
A765,16/12/2017,16,27.5,27.6,26.8,70,73,68,21.5,21.7,20.7,1013.0,1013.5,1013.0,2.1,112,4.2,1689.,0.0
A765,16/12/2017,15,27.3,27.3,26.2,70,76,70,21.4,22.3,21.1,1013.5,1013.9,1013.4,2.0,107,4.2,1890.,0.0
A765,16/12/2017,22,26.1,26.6,26.1,77,77,75,21.7,22.1,21.5,1010.7,1010.7,1010.3,2.4,97,3.8,114.6,0.0
A765,16/12/2017,21,26.6,27.3,26.4,75,76,72,21.8,22.0,21.5,1010.3,1010.7,1010.3,1.9,111,4.8,513.9,0.0
A765,16/12/2017,18,28.4,29.1,28.0,68,70,65,22.0,22.6,21.5,1011.5,1012.1,1011.5,3.0,119,5.9,3145.,0.0
A765,16/12/2017,19,27.9,28.6,27.5,70,72,66,22.0,22.4,21.5,1010.9,1011.5,1010.9,2.3,122,5.7,2408.,0.0
A765,16/12/2017,20,27.2,28.0,27.2,73,73,69,21.9,22.3,21.6,1010.7,1010.9,1010.5,2.2,128,5.0,1495.,0.0
A765,17/12/2017,22,27.2,29.1,27.2,77,77,63,22.8,22.8,21.1,1010.0,1010.0,1009.6,0.7,323,3.1,93.59,0.0
A765,17/12/2017,00,23.9,25.7,23.9,89,89,78,22.0,22.1,21.6,1011.8,1011.8,1011.2,0.8,347,4.0,-3.51,0.0
A765,17/12/2017,23,25.4,27.2,25.4,88,88,77,23.3,23.3,22.7,1010.7,1010.7,1010.0,0.9,266,2.0,-3.31,0.0
A765,17/12/2017,02,23.4,23.9,23.4,92,92,91,21.9,22.3,21.9,1011.8,1012.2,1011.8,0.7,289,1.8,-2.81,0.0
A765,17/12/2017,01,23.8,24.0,23.8,91,91,89,22.2,22.3,22.0,1012.1,1012.1,1011.7,0.7,338,1.5,-1.66,0.0
A765,17/12/2017,09,21.8,21.8,21.3,95,96,95,21.0,21.0,20.5,1009.7,1009.7,1009.0,0.6,286,2.3,31.99,0.0
A765,17/12/2017,15,30.4,30.7,28.8,64,76,64,22.7,24.8,22.7,1012.2,1012.4,1012.1,2.4,121,5.8,3806.,0.0
A765,17/12/2017,03,22.7,23.4,22.7,92,92,91,21.3,22.0,21.3,1011.2,1011.8,1011.2,0.5,290,1.9,-3.60,0.0
A765,17/12/2017,10,24.2,24.2,21.6,92,95,92,22.8,22.9,20.8,1010.6,1010.6,1009.7,0.9,219,2.9,345.5,0.0
A765,17/12/2017,04,22.5,22.7,22.4,94,94,92,21.5,21.6,21.3,1010.5,1011.2,1010.4,0.9,307,1.4,-3.47,0.0
A765,17/12/2017,06,21.8,22.1,21.7,94,94,93,20.8,21.0,20.6,1009.3,1009.7,1009.3,1.1,333,2.1,-3.51,0.0
A765,17/12/2017,08,21.6,21.8,21.4,95,95,94,20.7,21.0,20.5,1009.0,1009.1,1008.7,1.0,228,2.3,-3.44,0.0
A765,17/12/2017,05,22.0,22.5,21.9,94,94,93,20.9,21.5,20.8,1009.7,1010.5,1009.7,1.0,352,2.0,-3.50,0.0
A765,17/12/2017,14,29.1,30.2,28.7,74,76,67,24.0,24.6,23.0,1012.4,1012.4,1012.0,2.9,102,6.1,3514.,0.0
A765,17/12/2017,20,29.3,30.2,28.5,67,74,62,22.4,23.7,22.0,1010.0,1010.6,1010.0,2.1,93,4.5,1714.,0.0
A765,17/12/2017,07,21.5,21.8,21.3,94,95,94,20.6,20.8,20.3,1008.7,1009.3,1008.7,0.7,325,1.7,-3.55,0.0
A765,17/12/2017,18,30.3,30.7,29.5,70,71,67,24.3,24.7,23.0,1011.0,1011.3,1011.0,2.6,121,5.8,3121.,0.0
A765,17/12/2017,17,30.2,31.4,29.1,67,74,61,23.4,25.2,22.3,1011.3,1011.6,1011.2,3.0,124,5.8,2862.,0.0
A765,17/12/2017,11,27.2,27.3,24.2,79,92,79,23.2,23.6,22.5,1011.5,1011.5,1010.6,1.4,148,3.1,1444.,0.0
A765,17/12/2017,19,28.6,30.7,28.6,74,74,67,23.4,24.6,23.4,1010.6,1011.0,1010.6,2.1,127,5.3,1890.,0.0
A765,17/12/2017,13,29.1,29.6,27.9,71,76,68,23.3,23.7,22.8,1012.1,1012.1,1011.9,2.3,153,4.8,3002.,0.0
A765,17/12/2017,12,28.4,28.6,27.2,72,79,71,22.8,23.4,22.3,1011.9,1011.9,1011.4,1.6,180,3.1,2269.,0.0
A765,17/12/2017,16,30.3,31.5,30.2,64,65,54,22.8,23.3,21.0,1011.4,1012.3,1011.4,2.7,114,5.4,3243.,0.0
A765,17/12/2017,21,28.9,30.0,28.8,66,70,64,21.9,22.9,21.9,1009.7,1010.0,1009.7,1.3,89,4.3,500.5,0.0
A765,18/12/2017,03,24.2,24.3,23.8,87,90,87,21.9,22.2,21.7,1012.0,1012.5,1012.0,1.4,353,4.3,-2.43,0.0
A765,18/12/2017,00,25.3,25.4,24.9,85,90,84,22.6,23.2,22.5,1012.2,1012.3,1010.7,1.0,230,2.4,-3.22,0.0
A765,18/12/2017,23,25.5,25.7,25.5,85,85,83,22.7,22.8,22.6,1016.8,1016.8,1016.3,2.0,168,5.7,-0.96,0.0
A765,18/12/2017,01,24.9,25.3,24.6,80,87,80,21.2,22.5,21.2,1012.6,1012.7,1012.2,1.3,316,2.4,-3.12,0.0
A765,18/12/2017,02,24.0,24.9,24.0,87,87,80,21.7,21.9,21.2,1012.5,1012.8,1012.5,0.7,250,2.4,-3.08,0.0
A765,18/12/2017,04,30.0,30.0,24.1,51,87,51,18.9,22.5,18.9,1010.9,1012.0,1010.9,2.9,294,9.4,-3.34,0.0
A765,18/12/2017,08,25.9,26.8,25.9,80,80,73,22.2,22.3,21.5,1012.0,1012.0,1011.0,1.3,229,6.6,-3.35,0.0
A765,18/12/2017,10,25.7,25.7,24.7,79,87,79,21.8,22.5,21.5,1014.2,1014.2,1013.1,0.9,305,2.3,364.4,0.0
A765,18/12/2017,05,30.3,30.3,29.2,48,53,48,17.9,19.3,17.9,1009.8,1011.0,1009.8,1.7,204,9.4,-3.42,0.0
A765,18/12/2017,06,26.9,30.7,26.8,69,69,45,20.8,20.8,17.6,1009.7,1009.9,1009.6,1.6,204,5.5,-2.84,0.0
A765,18/12/2017,09,24.9,26.0,24.9,86,86,79,22.4,22.5,21.5,1013.3,1013.3,1012.0,0.5,278,2.6,26.55,0.0
A765,18/12/2017,17,28.5,30.0,28.5,70,71,66,22.5,23.5,22.4,1015.3,1015.6,1015.3,2.6,235,7.5,2965.,0.0
A765,18/12/2017,16,28.9,30.0,28.9,69,70,65,22.6,23.3,22.1,1015.6,1015.9,1015.5,2.5,222,8.5,2735.,0.0
A765,18/12/2017,14,29.3,30.1,28.3,68,75,66,22.7,24.1,22.7,1015.9,1015.9,1015.4,2.5,201,8.0,2063.,0.0
A765,18/12/2017,07,26.7,27.1,26.5,73,73,68,21.4,21.4,20.6,1011.0,1011.0,1009.6,2.3,226,6.5,-3.12,0.0
A765,18/12/2017,18,29.8,30.3,28.4,66,71,65,22.6,23.5,22.3,1014.9,1015.4,1014.8,2.5,232,7.2,3053.,0.0
A765,18/12/2017,21,26.0,26.7,26.0,82,82,78,22.7,23.0,22.5,1015.8,1015.8,1015.3,3.1,160,5.7,252.5,0.0
A765,18/12/2017,11,26.9,26.9,25.7,77,79,76,22.6,22.6,21.6,1015.2,1015.2,1014.2,0.7,220,2.3,641.1,0.0
A765,18/12/2017,13,28.6,30.1,28.6,74,74,65,23.4,24.0,22.5,1015.4,1015.4,1015.1,4.2,153,7.3,2672.,0.0
A765,18/12/2017,20,26.6,27.7,26.4,78,81,77,22.5,23.2,22.5,1015.4,1015.4,1015.0,1.9,195,7.3,529.2,0.0
A765,18/12/2017,19,27.7,29.8,27.4,77,78,66,23.3,23.5,22.2,1015.0,1015.0,1014.8,2.1,204,7.4,1277.,0.0
A765,18/12/2017,12,29.2,29.2,26.7,73,81,72,23.9,23.9,22.2,1015.3,1015.4,1015.2,1.4,180,4.0,1581.,0.0
A765,18/12/2017,15,29.5,29.8,28.6,67,71,66,22.7,23.4,22.4,1015.9,1016.0,1015.7,3.0,239,7.3,2586.,0.0
A765,18/12/2017,22,25.7,26.0,25.7,84,84,81,22.7,22.8,22.6,1016.3,1016.3,1015.8,2.6,153,6.2,48.30,0.0
A765,19/12/2017,00,25.4,25.6,25.4,84,85,83,22.5,22.8,22.4,1017.4,1017.4,1016.8,2.1,171,5.7,-0.21,0.0
A765,19/12/2017,03,24.2,25.1,24.2,92,92,86,22.8,22.9,22.6,1017.5,1017.8,1017.5,1.1,258,2.2,-0.32,0.4
A765,19/12/2017,01,25.2,25.5,25.2,85,85,83,22.6,22.6,22.3,1017.9,1018.0,1017.4,1.4,171,5.6,-1.72,0.0
A765,19/12/2017,04,24.3,24.5,24.1,93,93,92,23.1,23.2,22.8,1016.9,1017.5,1016.9,0.7,302,3.9,-1.75,0.6
A765,19/12/2017,08,23.9,24.0,23.8,95,95,95,23.0,23.1,22.9,1016.7,1016.7,1016.4,0.6,261,1.3,-1.47,0.0
A765,19/12/2017,16,27.2,29.1,27.2,78,79,72,23.0,24.0,22.5,1017.0,1017.3,1017.0,2.8,109,6.4,2692.,0.0
A765,19/12/2017,02,24.7,25.3,24.6,89,90,85,22.8,22.9,22.5,1017.8,1018.0,1017.8,0.6,266,3.1,-2.48,0.0
A765,19/12/2017,07,24.0,24.2,23.9,95,95,94,23.1,23.3,23.0,1016.4,1016.4,1016.2,0.6,242,1.5,-1.43,0.0
A765,19/12/2017,09,23.4,23.9,23.4,95,95,95,22.6,23.0,22.5,1017.0,1017.0,1016.6,0.9,328,1.9,37.33,0.0
A765,19/12/2017,06,24.2,24.2,23.9,95,95,94,23.3,23.3,22.9,1016.3,1016.6,1016.2,0.8,273,2.2,-1.46,0.0
A765,19/12/2017,17,27.5,27.5,26.8,77,81,77,23.1,23.5,22.8,1016.5,1017.0,1016.5,1.9,123,6.4,1156.,0.0
A765,19/12/2017,19,27.1,27.6,27.0,77,78,75,22.7,23.3,22.5,1014.8,1015.6,1014.8,1.7,134,4.6,1084.,0.0
A765,19/12/2017,10,24.5,24.5,23.4,93,95,93,23.3,23.3,22.4,1017.6,1017.6,1017.0,0.5,282,1.5,374.4,0.0
A765,19/12/2017,05,24.2,24.3,24.0,94,94,93,23.2,23.2,22.9,1016.6,1016.9,1016.5,0.9,302,1.9,-0.84,0.0
A765,19/12/2017,18,27.4,27.7,26.9,77,79,76,23.1,23.5,22.8,1015.6,1016.5,1015.6,2.1,113,4.4,1345.,0.0
A765,19/12/2017,11,26.0,26.4,24.5,82,93,81,22.6,23.4,22.6,1017.7,1017.7,1017.5,0.8,246,1.6,1189.,0.0
A765,19/12/2017,12,25.9,26.9,25.9,81,84,77,22.4,23.5,22.2,1018.1,1018.1,1017.7,1.2,143,3.1,893.7,0.0
A765,19/12/2017,13,26.8,26.8,25.9,78,83,78,22.7,23.0,22.4,1018.1,1018.1,1018.0,1.2,117,2.6,880.6,0.0
A765,19/12/2017,20,26.6,27.3,26.4,78,80,76,22.4,22.9,22.3,1014.7,1014.8,1014.4,1.9,116,4.7,572.9,0.0
A765,19/12/2017,15,28.3,28.6,27.0,75,79,73,23.4,23.9,22.5,1017.3,1017.8,1017.3,2.6,118,4.5,2643.,0.0
A765,19/12/2017,21,26.1,26.7,26.1,81,82,78,22.7,22.8,22.4,1014.4,1014.7,1014.4,2.0,121,4.3,230.5,0.0
A765,19/12/2017,14,27.0,27.4,26.5,77,80,75,22.8,23.4,22.2,1017.8,1018.1,1017.8,2.2,120,4.1,1622.,0.2
A765,19/12/2017,22,24.3,26.2,24.3,91,91,81,22.7,22.8,22.4,1015.1,1015.1,1014.4,1.0,36,6.0,37.40,0.6
A765,19/12/2017,23,24.2,24.3,23.9,93,93,91,22.9,22.9,22.5,1015.8,1015.8,1015.1,1.6,288,2.5,-1.74,0.0
A765,20/12/2017,02,23.7,23.7,23.5,93,94,93,22.5,22.7,22.4,1016.6,1016.8,1016.6,0.8,263,3.1,-1.05,0.0
A765,20/12/2017,05,23.3,23.5,23.3,94,94,93,22.3,22.4,22.2,1014.1,1014.9,1014.1,0.6,246,1.7,-1.21,0.0
A765,20/12/2017,00,23.9,24.2,23.9,93,93,91,22.7,22.8,22.5,1016.3,1016.3,1015.8,1.6,287,2.4,-1.64,0.0
A765,20/12/2017,04,23.5,23.7,23.4,93,93,90,22.3,22.3,21.8,1014.9,1015.9,1014.9,0.5,265,2.1,-0.79,0.0
A765,20/12/2017,06,23.2,23.4,23.2,94,94,94,22.1,22.4,22.1,1013.5,1014.1,1013.5,0.4,216,1.7,-1.23,0.0
A765,20/12/2017,21,25.7,26.7,25.6,89,90,84,23.8,24.1,23.6,1010.4,1010.4,1010.0,1.2,145,4.0,121.4,0.4
A765,20/12/2017,08,23.2,23.2,22.9,94,95,94,22.2,22.2,22.0,1013.3,1013.3,1013.2,0.8,271,1.8,-1.28,0.0
A765,20/12/2017,09,23.1,23.3,23.0,94,94,93,22.0,22.3,21.9,1013.7,1013.7,1013.1,0.6,253,1.7,22.89,0.0
A765,20/12/2017,23,23.0,25.4,22.6,96,96,91,22.3,24.0,21.8,1012.1,1012.1,1010.9,0.7,50,7.3,1.609,21.2
A765,20/12/2017,13,27.5,27.5,25.7,79,82,79,23.7,23.7,22.1,1013.8,1014.0,1013.8,1.0,95,2.3,1019.,0.0
A765,20/12/2017,07,23.1,23.3,23.0,94,95,93,22.1,22.3,22.0,1013.3,1013.5,1013.3,0.6,263,1.9,-2.20,0.0
A765,20/12/2017,20,26.7,27.7,26.7,84,84,75,23.7,23.9,22.7,1010.1,1010.3,1009.9,2.0,133,5.1,544.8,0.0
A765,20/12/2017,14,28.7,28.8,27.4,72,80,72,23.2,24.0,22.7,1013.3,1013.8,1013.3,2.5,109,4.3,3052.,0.0
A765,20/12/2017,11,25.1,25.1,23.8,85,92,84,22.3,22.5,22.1,1013.8,1013.9,1013.7,0.6,253,1.9,605.8,0.0
A765,20/12/2017,10,23.9,23.9,23.1,92,94,92,22.5,22.5,22.0,1013.7,1013.8,1013.7,1.0,260,1.9,253.5,0.0
A765,20/12/2017,19,27.7,28.3,27.6,75,77,74,22.9,23.7,22.7,1010.2,1010.7,1010.2,2.5,124,5.1,1360.,0.0
A765,20/12/2017,15,27.7,29.0,27.6,76,77,68,23.1,23.5,22.0,1012.8,1013.3,1012.7,2.5,119,4.6,2470.,0.2
A765,20/12/2017,18,28.1,28.9,28.0,76,76,70,23.4,23.5,22.5,1010.8,1011.4,1010.8,2.5,121,4.4,1719.,0.0
A765,20/12/2017,16,27.6,27.8,26.9,75,79,74,22.7,23.3,22.5,1012.2,1012.8,1012.2,1.6,119,4.6,965.8,0.0
A765,20/12/2017,12,25.8,25.9,25.1,81,85,79,22.2,22.7,21.9,1013.8,1013.9,1013.7,0.5,305,1.7,772.3,0.0
A765,20/12/2017,17,28.1,28.6,27.5,72,76,69,22.7,23.4,22.1,1011.4,1012.2,1011.4,1.5,100,4.0,1986.,0.0
A765,20/12/2017,22,25.3,25.8,25.3,91,91,88,23.7,23.7,23.4,1011.4,1011.4,1010.2,0.9,242,2.7,14.27,0.0
A765,20/12/2017,03,23.7,23.8,23.5,90,93,90,22.0,22.6,21.9,1015.8,1016.6,1015.8,1.0,342,2.4,-1.15,0.0
A765,20/12/2017,01,23.7,24.0,23.6,94,94,93,22.7,22.9,22.4,1016.7,1016.7,1016.3,0.8,234,3.0,-1.28,0.0
A765,21/12/2017,00,22.6,23.9,22.6,95,96,95,21.8,23.3,21.8,1012.9,1012.9,1011.9,0.9,358,3.0,1.202,4.2
A765,21/12/2017,23,23.6,24.0,23.6,94,95,93,22.7,22.8,22.6,1010.7,1010.8,1010.4,0.7,314,1.8,-0.18,0.0
A765,21/12/2017,01,23.1,23.3,22.5,95,96,95,22.3,22.5,21.8,1012.4,1013.1,1012.2,2.2,270,4.5,0.331,2.8
A765,21/12/2017,18,24.7,24.8,24.4,87,89,86,22.4,22.7,22.0,1011.0,1011.7,1011.0,1.3,109,2.9,638.6,0.0
A765,21/12/2017,02,23.0,23.1,22.9,95,95,95,22.2,22.2,22.0,1012.7,1012.7,1012.2,0.3,332,3.9,-0.64,0.0
A765,21/12/2017,19,24.3,25.1,24.3,87,88,85,22.1,22.9,21.9,1010.3,1011.0,1010.3,1.4,102,2.9,609.4,0.0
A765,21/12/2017,07,23.1,23.3,23.0,95,95,95,22.3,22.5,22.1,1010.4,1010.4,1009.8,0.7,266,1.8,-0.72,0.0
A765,21/12/2017,20,24.2,24.4,24.1,90,90,87,22.4,22.4,21.9,1010.1,1010.3,1010.0,0.9,70,2.8,310.1,0.0
A765,21/12/2017,17,24.5,24.8,23.8,87,93,86,22.1,23.1,22.1,1011.7,1012.3,1011.7,1.1,142,3.0,857.0,0.6
A765,21/12/2017,14,24.8,24.8,24.0,89,92,88,22.8,22.9,22.4,1013.1,1013.1,1013.0,0.3,351,1.7,651.8,0.2
A765,21/12/2017,05,23.2,23.9,23.0,95,95,94,22.3,22.9,22.1,1010.6,1011.6,1010.5,1.2,342,3.1,1.022,0.0
A765,21/12/2017,21,24.0,24.3,24.0,92,92,90,22.6,22.8,22.4,1009.9,1010.1,1009.9,0.9,13,2.1,171.0,0.0
A765,21/12/2017,09,23.1,23.3,22.9,95,96,95,22.3,22.5,22.1,1010.9,1011.0,1010.5,0.5,281,2.3,13.87,0.0
A765,21/12/2017,11,23.8,23.9,23.1,95,95,94,22.9,22.9,22.3,1012.5,1012.5,1011.9,1.0,219,2.6,187.9,0.0
A765,21/12/2017,22,23.9,24.1,23.9,93,93,92,22.7,22.8,22.6,1010.4,1010.4,1009.9,0.8,342,2.0,88.43,0.0
A765,21/12/2017,03,22.9,23.4,22.9,96,96,95,22.2,22.7,22.2,1012.2,1013.0,1012.1,1.9,277,3.2,-0.04,0.0
A765,21/12/2017,10,23.1,23.4,22.9,95,96,95,22.2,22.6,22.1,1011.9,1011.9,1010.9,0.7,306,1.6,114.5,0.0
A765,21/12/2017,04,23.9,24.0,22.9,94,96,94,22.9,23.1,22.2,1011.3,1012.5,1011.3,1.0,190,4.3,0.010,0.0
A765,21/12/2017,06,23.1,23.4,23.1,95,95,94,22.2,22.5,22.2,1009.8,1010.6,1009.8,1.2,339,2.4,-0.11,0.0
A765,21/12/2017,08,23.2,23.5,23.0,96,96,95,22.4,22.8,22.2,1010.5,1010.6,1010.3,1.1,222,3.2,-0.79,0.0
A765,21/12/2017,15,24.5,24.8,24.3,87,91,87,22.3,22.9,22.3,1012.8,1013.1,1012.8,0.9,121,1.9,566.2,0.6
A765,21/12/2017,13,24.0,24.3,23.8,92,94,91,22.6,23.1,22.5,1013.1,1013.2,1013.0,1.0,318,2.4,579.6,0.8
A765,21/12/2017,16,23.8,24.5,23.7,92,92,87,22.4,22.4,21.8,1012.3,1012.8,1012.3,0.5,333,2.0,386.7,2.0
A765,21/12/2017,12,23.9,23.9,23.6,94,95,94,22.9,22.9,22.6,1013.1,1013.1,1012.5,1.1,258,3.3,280.0,0.4
A765,22/12/2017,09,22.8,22.9,22.6,96,97,96,22.2,22.3,22.0,1010.6,1010.6,1010.2,0.9,311,2.1,16.08,0.0
A765,22/12/2017,03,23.1,23.2,23.0,96,96,95,22.4,22.4,22.2,1011.7,1011.7,1011.6,0.9,294,1.6,-0.40,0.2
A765,22/12/2017,01,23.3,23.4,23.2,95,95,94,22.5,22.6,22.4,1011.8,1011.8,1011.2,0.7,265,1.8,-1.04,0.0
A765,22/12/2017,07,22.7,22.9,22.6,96,97,96,22.0,22.3,22.0,1010.0,1010.5,1010.0,0.9,312,1.8,-0.91,0.0
A765,22/12/2017,05,23.0,23.2,23.0,96,96,96,22.3,22.6,22.3,1010.5,1011.5,1010.5,0.4,304,1.5,-0.35,0.0
A765,22/12/2017,23,25.4,26.4,25.4,89,89,85,23.5,23.9,23.5,1009.5,1009.5,1009.2,0.9,225,2.1,-0.48,0.0
A765,22/12/2017,00,23.3,23.7,23.3,94,95,94,22.4,22.7,22.4,1011.2,1011.2,1010.7,0.6,220,2.0,-1.60,0.0
A765,22/12/2017,06,22.7,23.1,22.7,96,96,96,22.1,22.5,22.1,1010.4,1010.6,1010.4,0.6,327,2.2,-0.74,0.2
A765,22/12/2017,02,23.2,23.3,23.1,95,95,95,22.3,22.6,22.3,1011.6,1011.8,1011.6,0.6,214,1.9,-0.70,0.0
A765,22/12/2017,22,26.4,27.7,26.3,85,85,75,23.7,23.7,22.8,1009.2,1009.2,1009.0,1.2,266,2.8,147.9,0.0
A765,22/12/2017,11,23.8,23.8,23.0,95,96,95,23.0,23.0,22.4,1012.0,1012.1,1011.2,0.5,267,2.3,270.0,0.0
A765,22/12/2017,08,22.7,22.9,22.5,96,96,96,22.1,22.3,21.8,1010.2,1010.3,1010.0,0.8,263,1.7,-1.31,0.0
A765,22/12/2017,19,27.4,27.9,26.8,80,81,76,23.5,23.7,22.7,1009.9,1010.6,1009.9,3.0,161,5.7,1398.,0.2
A765,22/12/2017,04,23.1,23.2,23.0,96,96,96,22.4,22.5,22.3,1011.5,1011.8,1011.5,0.3,275,1.8,-0.14,0.2
A765,22/12/2017,18,26.9,26.9,26.1,81,85,80,23.2,23.7,23.1,1010.6,1011.0,1010.5,2.2,172,4.9,1386.,0.0
A765,22/12/2017,10,23.0,23.2,22.6,96,97,96,22.4,22.6,22.0,1011.2,1011.2,1010.6,1.3,295,2.3,193.7,0.0
A765,22/12/2017,13,26.2,26.2,25.5,85,88,84,23.4,23.6,23.0,1012.4,1012.5,1012.2,0.3,20,2.2,697.8,0.0
A765,22/12/2017,12,25.7,25.8,23.8,86,95,86,23.2,23.5,22.9,1012.2,1012.2,1011.9,0.6,227,2.6,821.0,0.0
A765,22/12/2017,20,27.6,27.8,27.2,77,81,77,23.1,23.7,23.1,1009.4,1009.9,1009.4,1.3,182,5.1,739.4,0.0
A765,22/12/2017,21,27.7,28.0,27.3,75,78,73,22.8,23.3,22.6,1009.2,1009.4,1009.1,1.4,198,2.7,554.4,0.0
A765,22/12/2017,17,26.2,27.7,26.2,84,85,74,23.3,23.6,22.3,1011.0,1011.4,1011.0,2.6,150,5.5,975.8,0.0
A765,22/12/2017,15,27.7,28.3,27.0,76,80,75,23.1,24.2,22.8,1011.7,1011.9,1011.6,2.0,121,5.2,1976.,0.0
A765,22/12/2017,14,27.5,27.7,25.9,78,85,75,23.3,23.6,22.8,1011.9,1012.4,1011.9,1.0,84,2.6,1385.,0.0
A765,22/12/2017,16,27.3,27.9,26.9,76,81,74,22.8,23.8,22.6,1011.3,1011.7,1011.2,3.0,123,5.2,1297.,0.0
A765,23/12/2017,09,23.5,23.7,23.5,88,89,86,21.5,21.6,21.2,1010.2,1010.3,1009.5,0.7,38,2.6,7.388,0.0
A765,23/12/2017,10,24.1,24.1,23.5,87,89,87,21.8,21.9,21.4,1010.9,1010.9,1010.2,0.8,290,2.4,98.21,0.0
A765,23/12/2017,23,29.6,29.9,27.4,67,78,60,22.7,23.7,21.2,1007.4,1007.4,1006.7,1.1,232,4.6,-1.80,0.0
A765,23/12/2017,01,24.7,25.0,24.4,89,90,87,22.7,23.0,22.5,1010.3,1010.3,1009.6,0.5,292,3.0,-2.78,0.0
A765,23/12/2017,22,28.1,29.5,28.0,74,77,64,23.1,23.6,21.8,1006.8,1006.8,1006.5,1.0,236,4.2,25.51,0.0
A765,23/12/2017,00,25.0,25.4,24.7,89,91,88,23.0,23.5,22.9,1009.7,1009.7,1009.4,1.0,296,3.4,-3.06,0.0
A765,23/12/2017,02,24.3,24.7,24.2,86,89,84,21.8,22.8,21.5,1010.3,1010.5,1010.3,0.6,229,3.4,-2.88,0.0
A765,23/12/2017,21,29.5,30.6,29.5,66,66,54,22.4,22.4,20.2,1006.6,1006.9,1006.6,1.0,239,4.4,262.4,0.0
A765,23/12/2017,03,23.3,24.3,23.3,90,91,86,21.7,22.0,21.7,1009.9,1010.3,1009.8,0.8,232,2.5,-3.10,0.0
A765,23/12/2017,08,23.7,24.2,23.7,86,87,84,21.2,21.6,21.0,1009.6,1009.6,1009.2,1.0,281,2.5,-0.88,0.0
A765,23/12/2017,04,23.2,23.4,23.0,91,92,90,21.7,21.9,21.5,1009.6,1009.9,1009.6,0.8,267,2.3,-3.46,0.0
A765,23/12/2017,05,23.1,23.5,23.0,91,92,90,21.5,21.9,21.4,1009.4,1009.7,1009.4,1.1,262,2.5,-3.04,0.0
A765,23/12/2017,11,25.9,25.9,24.1,82,87,82,22.5,22.6,21.6,1010.9,1011.1,1010.7,1.1,27,2.4,497.0,0.0
A765,23/12/2017,06,23.5,23.8,22.9,89,91,87,21.6,21.7,21.2,1009.4,1009.4,1009.3,0.7,206,3.2,-0.83,0.0
A765,23/12/2017,07,23.9,24.2,23.2,86,90,83,21.4,21.6,21.1,1009.2,1009.4,1009.2,1.0,281,2.9,-0.59,0.0
A765,23/12/2017,15,33.5,33.8,31.7,////,////,////,////,////,////,1009.1,1009.6,1009.0,2.9,131,7.5,4141.,0.0
A765,23/12/2017,17,32.0,33.6,31.3,////,////,////,////,////,////,1008.1,1008.3,1008.0,3.2,132,7.4,2666.,0.0
A765,23/12/2017,16,33.2,35.5,32.4,////,////,////,////,////,////,1008.2,1009.2,1008.0,3.1,123,9.4,4065.,0.0
A765,23/12/2017,14,32.3,32.7,31.6,////,////,////,////,////,////,1009.6,1010.1,1009.6,3.1,123,7.2,3605.,0.0
A765,23/12/2017,12,27.8,27.9,25.7,70,83,66,21.9,22.9,20.9,1010.6,1010.9,1010.6,1.1,326,2.1,1164.,0.0
A765,23/12/2017,13,31.6,31.6,27.8,////,70,55,////,22.4,21.2,1010.1,1010.6,1010.1,2.0,111,4.3,2535.,0.0
A765,23/12/2017,18,32.1,33.1,31.7,////,////,////,////,////,////,1007.8,1008.1,1007.6,2.1,133,7.5,2586.,0.0
A765,23/12/2017,20,30.6,31.6,30.2,58,64,54,21.4,23.0,21.0,1006.6,1007.3,1006.6,2.2,111,4.7,1510.,0.0
A765,23/12/2017,19,30.2,32.5,29.9,62,////,////,22.1,////,////,1007.3,1007.8,1007.3,2.7,91,5.2,2121.,0.0
A765,24/12/2017,02,26.6,27.3,26.5,83,83,79,23.5,23.6,22.8,1009.5,1009.6,1009.1,1.4,3,3.9,-1.48,0.0
A765,24/12/2017,23,27.8,29.2,27.7,83,83,68,24.7,24.7,22.7,1007.4,1007.5,1007.1,0.3,294,3.1,-2.22,0.0
A765,24/12/2017,01,26.5,27.8,26.5,79,80,72,22.6,22.9,22.2,1009.1,1009.1,1008.1,0.8,345,3.1,-2.15,0.0
A765,24/12/2017,00,27.6,29.7,27.6,76,76,61,22.9,23.1,21.3,1008.1,1008.1,1007.2,1.2,249,4.0,-1.35,0.0
A765,24/12/2017,16,34.8,35.6,32.5,////,////,////,////,////,////,1006.9,1007.2,1006.7,3.1,76,11.5,3442.,0.0
A765,24/12/2017,03,25.5,26.6,25.5,87,87,83,23.2,23.5,23.1,1008.8,1009.5,1008.8,1.0,332,3.0,-1.64,0.0
A765,24/12/2017,08,24.7,25.0,24.6,85,89,85,22.1,22.8,22.1,1006.5,1006.7,1006.4,1.2,313,3.2,-1.03,0.0
A765,24/12/2017,07,24.6,25.2,24.6,88,89,85,22.6,22.9,22.4,1006.6,1006.9,1006.6,1.2,271,3.3,-0.98,0.0
A765,24/12/2017,15,32.9,33.2,32.0,////,////,////,////,////,////,1007.2,1007.4,1007.2,3.4,156,7.1,2951.,0.0
A765,24/12/2017,04,25.4,25.6,25.4,87,87,86,23.1,23.2,22.9,1007.6,1008.8,1007.6,0.4,214,2.8,-1.62,0.0
A765,24/12/2017,06,25.1,25.5,24.8,85,88,81,22.4,22.8,22.0,1006.9,1007.4,1006.8,1.2,336,3.3,-1.24,0.0
A765,24/12/2017,05,25.1,25.4,24.9,86,90,86,22.6,23.2,22.6,1007.4,1007.6,1007.3,1.2,307,3.2,-1.90,0.0
A765,24/12/2017,14,32.9,33.6,31.0,////,////,////,////,////,////,1007.3,1007.5,1007.0,2.6,126,8.1,2771.,0.0
A765,24/12/2017,10,28.8,29.0,28.0,61,68,58,20.5,21.7,19.9,1006.9,1007.0,1006.6,1.2,83,5.4,192.6,0.0
A765,24/12/2017,11,31.1,31.1,28.8,50,61,48,19.3,20.6,18.7,1007.3,1007.3,1006.8,2.7,248,7.4,647.4,0.0
A765,24/12/2017,09,28.3,29.3,24.7,63,85,57,20.6,22.3,19.8,1006.6,1006.6,1006.3,1.4,42,4.9,12.17,0.0
A765,24/12/2017,17,33.3,34.8,32.2,////,////,////,////,////,////,1006.5,1007.0,1006.3,2.4,239,8.8,2100.,0.0
A765,24/12/2017,19,30.6,31.3,30.4,61,64,59,22.3,23.1,22.1,1006.4,1006.7,1006.4,2.0,101,5.3,972.1,0.0
A765,24/12/2017,21,30.2,30.6,30.1,63,63,59,22.4,22.4,21.7,1006.5,1006.5,1006.0,1.0,40,3.8,408.2,0.0
A765,24/12/2017,18,30.6,34.3,30.3,64,////,////,23.0,////,////,1006.7,1006.7,1006.4,2.8,78,7.0,1598.,0.0
A765,24/12/2017,20,30.2,30.9,29.9,63,66,60,22.3,22.9,22.0,1006.2,1006.4,1006.2,2.2,95,3.9,541.4,0.0
A765,24/12/2017,22,29.1,30.2,29.1,70,70,63,23.0,23.2,22.4,1007.1,1007.1,1006.5,1.3,81,3.1,91.92,0.0
A765,24/12/2017,13,31.8,32.5,30.4,////,////,////,////,////,////,1007.0,1007.3,1007.0,2.6,134,6.4,1570.,0.0
A765,24/12/2017,12,30.7,31.6,30.2,55,57,47,20.7,20.8,18.7,1007.3,1007.5,1007.1,2.3,141,7.4,699.6,0.0
A765,25/12/2017,14,27.6,27.6,26.8,74,79,74,22.6,22.9,22.2,1010.7,1011.2,1010.7,2.6,211,6.6,1769.,0.0
A765,25/12/2017,05,25.0,25.2,25.0,91,91,89,23.4,23.6,23.1,1007.7,1008.0,1007.7,0.6,299,1.6,-1.91,0.0
A765,25/12/2017,07,25.8,25.8,25.2,86,89,86,23.3,23.5,23.1,1007.6,1007.7,1007.6,2.3,213,6.2,-2.68,0.0
A765,25/12/2017,00,26.3,27.8,26.3,89,89,83,24.4,24.9,24.2,1008.0,1008.0,1007.4,1.0,277,2.0,-3.39,0.0
A765,25/12/2017,23,23.7,23.9,23.5,93,95,92,22.4,22.9,22.4,1012.5,1012.5,1011.8,2.3,177,6.3,3.196,0.6
A765,25/12/2017,04,25.2,25.9,25.2,89,89,85,23.2,23.4,23.0,1007.9,1008.4,1007.9,0.6,313,2.8,-2.15,0.0
A765,25/12/2017,09,25.4,25.5,24.7,89,90,87,23.4,23.5,22.7,1009.2,1009.2,1008.5,1.4,306,4.4,20.08,0.0
A765,25/12/2017,13,26.8,27.3,26.2,79,81,76,22.8,23.1,22.3,1011.1,1011.1,1010.7,2.5,230,6.3,1092.,0.0
A765,25/12/2017,11,26.5,26.5,25.9,81,84,81,23.0,23.2,22.7,1010.5,1010.5,1009.8,1.5,226,4.4,599.2,0.0
A765,25/12/2017,08,24.7,25.8,24.7,89,89,86,22.9,23.5,22.7,1008.5,1008.5,1007.6,1.4,291,5.0,-2.14,0.0
A765,25/12/2017,01,25.9,26.4,25.8,87,89,85,23.5,24.3,23.4,1008.7,1008.7,1008.0,0.9,322,2.4,-3.19,0.0
A765,25/12/2017,02,25.8,26.0,25.8,88,88,86,23.7,23.7,23.3,1008.9,1008.9,1008.7,1.1,275,2.2,-1.34,0.0
A765,25/12/2017,03,25.7,25.8,25.6,85,88,85,23.0,23.7,22.9,1008.4,1008.9,1008.4,1.0,231,2.8,-1.62,0.0
A765,25/12/2017,10,26.0,26.0,25.4,82,89,82,22.8,23.5,22.7,1009.8,1009.8,1009.2,1.6,241,4.4,254.6,0.0
A765,25/12/2017,15,29.0,29.3,27.5,70,75,68,22.9,23.5,22.3,1010.1,1010.7,1010.1,2.7,189,6.5,2675.,0.0
A765,25/12/2017,12,27.2,27.3,26.4,77,82,77,22.8,23.2,22.8,1010.8,1010.8,1010.5,2.0,218,4.9,847.7,0.0
A765,25/12/2017,16,27.6,29.8,27.6,77,77,66,23.2,23.9,22.5,1009.6,1010.1,1009.6,2.6,153,6.7,1639.,0.0
A765,25/12/2017,18,27.1,27.7,27.0,77,77,73,22.6,22.9,22.2,1009.5,1009.7,1009.5,2.3,239,6.6,1101.,0.0
A765,25/12/2017,17,27.3,28.0,27.1,77,78,74,22.9,23.3,22.7,1009.7,1009.7,1009.6,1.8,230,6.1,767.8,0.0
A765,25/12/2017,19,25.7,27.1,25.7,85,85,76,23.0,23.0,22.5,1009.9,1009.9,1009.5,2.8,239,6.9,585.4,0.0
A765,25/12/2017,20,25.0,25.9,25.0,87,87,82,22.7,23.1,22.5,1010.1,1010.1,1009.9,2.7,248,8.2,623.6,0.0
A765,25/12/2017,21,24.2,25.3,24.2,91,91,85,22.7,23.2,22.4,1011.3,1011.3,1010.0,1.3,244,6.7,273.2,0.2
A765,25/12/2017,22,23.6,24.2,23.5,95,95,91,22.8,23.1,22.6,1011.8,1011.9,1011.3,1.4,219,4.7,32.98,10.4
A765,25/12/2017,06,25.4,25.4,24.9,87,91,87,23.1,23.4,22.9,1007.6,1007.7,1007.6,1.8,206,3.4,-2.56,0.0
A765,26/12/2017,02,23.4,23.6,23.2,95,95,94,22.5,22.6,22.3,1013.0,1013.0,1012.9,1.2,355,3.6,0.117,1.6
A765,26/12/2017,01,23.5,23.6,23.4,95,95,94,22.6,22.7,22.4,1013.0,1013.0,1012.7,1.6,310,3.1,-0.16,0.2
A765,26/12/2017,00,23.5,23.9,23.4,95,95,92,22.6,22.7,22.3,1013.0,1013.2,1012.5,1.3,341,6.3,-0.09,0.6
A765,26/12/2017,23,24.5,24.8,24.2,93,93,91,23.2,23.3,23.0,1013.1,1013.2,1013.1,2.0,96,5.0,-2.25,0.2
A765,26/12/2017,03,23.1,23.4,23.0,95,96,94,22.3,22.5,22.2,1012.6,1013.1,1012.6,0.8,335,2.4,0.523,0.2
A765,26/12/2017,05,23.2,23.4,23.2,96,96,95,22.5,22.7,22.4,1011.3,1011.9,1011.3,0.7,196,1.4,-0.43,0.0
A765,26/12/2017,06,23.2,23.5,23.1,95,96,95,22.4,22.7,22.3,1011.3,1011.4,1011.1,1.5,289,2.4,-0.13,0.0
A765,26/12/2017,07,23.1,23.2,22.9,96,96,95,22.3,22.4,22.1,1011.7,1011.7,1011.3,1.0,195,2.2,-0.09,0.2
A765,26/12/2017,04,23.3,23.3,23.0,96,96,95,22.6,22.6,22.3,1011.9,1012.6,1011.9,0.6,281,2.0,0.150,0.0
A765,26/12/2017,08,23.1,23.2,22.9,95,96,95,22.4,22.5,22.2,1012.1,1012.1,1011.6,1.2,277,2.3,0.061,0.4
A765,26/12/2017,11,24.1,24.1,23.3,93,96,93,23.0,23.1,22.6,1013.6,1013.6,1012.7,1.4,200,3.3,443.7,0.0
A765,26/12/2017,13,25.3,25.9,25.0,85,88,85,22.7,23.6,22.6,1014.0,1014.0,1013.7,1.9,164,3.6,1195.,0.0
A765,26/12/2017,15,25.9,26.0,25.5,87,89,85,23.6,23.9,22.9,1013.7,1014.0,1013.7,2.6,116,5.0,1698.,0.0
A765,26/12/2017,16,27.1,27.3,25.9,79,88,79,23.1,24.4,22.9,1013.4,1013.8,1013.4,2.8,129,5.2,3085.,0.0
A765,26/12/2017,12,25.4,25.5,24.1,86,94,86,23.0,23.2,22.7,1013.7,1013.7,1013.5,0.8,148,3.0,857.6,0.0
A765,26/12/2017,14,25.6,26.1,25.3,85,87,84,23.0,23.6,22.9,1014.0,1014.1,1013.9,1.9,120,3.7,1548.,0.0
A765,26/12/2017,22,24.4,24.6,24.2,93,95,93,23.2,23.6,23.2,1013.2,1013.2,1012.9,1.5,74,4.1,17.00,2.8
A765,26/12/2017,19,25.7,26.2,25.2,88,90,84,23.6,23.6,23.1,1012.5,1012.9,1012.4,2.6,112,5.5,581.7,0.0
A765,26/12/2017,21,24.3,24.3,23.9,94,94,93,23.3,23.3,22.7,1012.9,1012.9,1012.4,1.2,115,5.6,81.02,1.6
A765,26/12/2017,09,23.2,23.3,23.0,96,96,95,22.4,22.5,22.2,1012.8,1012.8,1012.1,0.8,298,2.3,9.548,0.0
A765,26/12/2017,17,26.0,27.6,25.4,87,87,79,23.6,24.1,22.8,1013.4,1013.5,1013.2,2.4,126,6.4,1860.,0.0
A765,26/12/2017,10,23.3,23.3,23.1,95,96,95,22.5,22.6,22.4,1012.7,1012.8,1012.7,0.7,243,2.0,157.2,0.0
A765,26/12/2017,18,26.1,26.7,25.7,83,87,82,23.1,23.6,23.0,1012.7,1013.4,1012.6,2.1,120,5.5,1358.,0.0
A765,26/12/2017,20,23.9,25.9,23.9,93,93,85,22.7,23.7,22.5,1012.4,1012.5,1012.0,2.0,118,6.1,329.3,1.6
A765,27/12/2017,00,24.2,24.9,24.1,94,94,91,23.2,23.5,22.9,1013.9,1013.9,1013.1,0.5,322,4.8,-2.10,0.2
A765,27/12/2017,03,23.7,23.9,23.6,96,96,96,23.1,23.1,22.9,1013.7,1014.4,1013.7,0.9,217,2.5,-0.47,0.4
A765,27/12/2017,02,23.9,24.2,23.8,96,96,95,23.1,23.3,23.1,1014.4,1014.5,1014.4,1.0,200,2.1,-1.06,1.4
A765,27/12/2017,20,25.8,26.0,25.3,87,90,86,23.4,23.7,23.3,1012.0,1012.4,1011.9,1.9,126,4.6,324.6,0.0
A765,27/12/2017,01,24.2,24.4,24.1,95,95,94,23.4,23.4,23.2,1014.5,1014.5,1013.9,1.0,304,1.8,-1.66,0.6
A765,27/12/2017,05,23.7,23.8,23.7,96,96,96,23.1,23.1,23.0,1012.1,1012.7,1012.0,1.3,233,3.4,-0.56,0.2
A765,27/12/2017,07,23.8,23.9,23.7,96,96,96,23.2,23.3,23.0,1012.2,1012.2,1011.9,0.4,245,3.3,-0.61,1.2
A765,27/12/2017,12,26.0,26.0,24.6,93,96,92,24.7,24.8,23.9,1014.2,1014.2,1013.5,0.9,271,1.8,908.0,0.0
A765,27/12/2017,06,23.7,23.8,23.7,96,96,96,23.0,23.1,23.0,1012.1,1012.2,1011.9,1.5,222,3.3,-0.20,2.4
A765,27/12/2017,11,24.7,24.7,24.1,96,96,96,24.0,24.1,23.5,1013.6,1013.6,1013.4,1.0,337,2.9,244.8,0.0
A765,27/12/2017,08,23.7,23.9,23.7,96,96,96,23.1,23.2,23.1,1012.6,1012.6,1012.2,0.4,308,2.1,-0.85,0.8
A765,27/12/2017,21,25.7,25.7,25.5,88,88,87,23.5,23.5,23.3,1011.6,1012.0,1011.6,2.0,118,4.4,145.6,0.0
A765,27/12/2017,10,24.1,24.1,23.7,96,97,96,23.5,23.5,23.1,1013.6,1013.6,1012.7,1.4,226,3.1,75.14,0.2
A765,27/12/2017,09,23.8,23.9,23.7,96,96,96,23.2,23.2,23.1,1012.7,1012.7,1012.5,0.7,251,1.9,5.249,0.4
A765,27/12/2017,04,23.7,23.9,23.7,96,96,96,23.1,23.2,23.1,1012.7,1013.7,1012.7,1.4,211,3.0,-0.57,0.2
A765,27/12/2017,14,27.9,28.8,27.2,85,86,79,25.0,25.3,23.8,1013.6,1014.1,1013.6,2.4,117,5.7,2593.,0.0
A765,27/12/2017,13,27.9,28.4,26.0,81,93,79,24.4,25.1,24.0,1014.0,1014.2,1014.0,1.3,110,3.5,2188.,0.0
A765,27/12/2017,16,25.7,27.7,25.2,90,91,82,23.9,24.3,23.4,1014.0,1014.2,1014.0,2.4,145,8.4,795.4,0.0
A765,27/12/2017,17,26.1,26.7,25.7,87,90,84,23.6,24.3,23.5,1013.4,1014.0,1013.3,2.3,137,5.5,936.6,0.0
A765,27/12/2017,18,26.2,26.4,25.9,85,87,85,23.6,24.0,23.4,1013.0,1013.4,1012.7,2.3,120,5.0,632.9,0.0
A765,27/12/2017,15,27.8,28.8,26.7,82,86,80,24.3,25.5,23.9,1014.1,1014.3,1013.4,2.4,223,8.4,2437.,0.0
A765,27/12/2017,19,25.5,26.3,25.5,89,89,85,23.5,23.6,23.3,1012.4,1013.0,1012.3,2.1,138,4.6,493.6,0.0
A765,27/12/2017,23,25.4,25.4,25.4,89,89,88,23.4,23.4,23.2,1012.5,1012.5,1011.9,1.5,100,4.5,-1.48,0.0
A765,27/12/2017,22,25.4,25.7,25.4,88,88,87,23.2,23.5,23.2,1011.9,1011.9,1011.5,2.1,92,4.6,76.87,0.0
A765,28/12/2017,04,25.1,25.2,24.4,93,96,92,23.8,24.2,23.7,1012.2,1012.6,1012.2,1.8,97,6.8,-2.13,0.6
A765,28/12/2017,05,24.5,25.1,24.5,94,94,93,23.5,23.8,23.5,1011.4,1012.2,1011.4,3.2,122,6.6,-1.97,5.6
A765,28/12/2017,22,24.3,25.2,24.2,94,95,90,23.3,23.5,23.0,1011.5,1011.5,1011.0,0.7,293,3.2,51.47,2.4
A765,28/12/2017,07,23.8,24.3,23.7,95,96,95,23.0,23.5,22.9,1011.3,1011.3,1010.9,0.5,264,4.7,0.148,7.0
A765,28/12/2017,10,23.4,23.5,23.3,96,96,96,22.8,22.8,22.6,1012.5,1012.5,1011.9,1.0,316,2.8,54.64,0.8
A765,28/12/2017,08,23.4,24.0,23.4,95,96,95,22.6,23.2,22.5,1011.5,1011.6,1011.3,1.5,298,2.7,0.520,1.6
A765,28/12/2017,16,23.6,23.6,22.8,95,97,95,22.8,22.8,22.1,1013.3,1013.9,1013.3,1.6,172,2.9,636.4,7.6
A765,28/12/2017,18,25.8,25.8,24.1,83,93,82,22.8,23.6,22.3,1012.1,1012.9,1012.1,0.9,241,2.5,1835.,0.0
A765,28/12/2017,21,25.0,26.0,24.8,90,91,86,23.3,23.7,23.1,1011.0,1011.4,1010.9,1.6,76,4.5,375.7,0.0
A765,28/12/2017,23,24.2,24.4,24.0,95,95,94,23.3,23.6,23.2,1011.9,1011.9,1011.5,1.9,118,4.0,0.722,5.4
A765,28/12/2017,19,26.0,26.4,25.8,86,86,82,23.4,23.7,22.8,1011.7,1012.1,1011.7,1.4,164,3.6,1170.,0.0
A765,28/12/2017,01,24.9,24.9,24.7,94,94,93,23.8,23.8,23.5,1013.1,1013.2,1012.8,0.8,323,1.9,-1.51,0.0
A765,28/12/2017,06,24.3,24.5,24.2,96,96,94,23.5,23.7,23.4,1011.1,1011.4,1011.0,2.1,139,6.7,0.459,10.0
A765,28/12/2017,20,25.9,26.1,25.6,87,87,85,23.5,23.6,23.1,1011.3,1011.7,1011.3,1.8,112,4.2,703.1,0.0
A765,28/12/2017,12,24.1,24.1,23.5,97,97,96,23.5,23.5,22.9,1013.3,1013.3,1013.0,0.7,280,2.1,218.4,5.6
A765,28/12/2017,09,23.4,23.5,23.3,96,96,95,22.7,22.8,22.5,1011.9,1011.9,1011.4,0.7,339,2.7,4.204,1.6
A765,28/12/2017,13,24.3,24.4,24.1,96,97,96,23.7,23.8,23.5,1013.3,1013.3,1013.2,1.6,184,2.9,324.9,8.2
A765,28/12/2017,11,23.7,23.7,23.4,96,96,96,23.1,23.1,22.8,1013.0,1013.0,1012.5,0.3,277,1.6,149.1,2.2
A765,28/12/2017,15,22.8,23.8,22.8,96,97,96,22.2,23.1,22.2,1013.8,1014.0,1013.5,0.8,29,16.6,329.8,32.2
A765,28/12/2017,14,23.7,24.6,23.7,96,97,95,23.0,24.0,23.0,1013.5,1013.7,1013.3,2.4,127,5.1,365.2,11.2
A765,28/12/2017,17,24.1,24.5,23.6,93,96,93,23.0,23.4,22.8,1012.9,1013.5,1012.9,0.9,290,2.9,790.8,0.6
A765,28/12/2017,00,24.8,25.4,24.7,93,93,89,23.5,23.5,23.2,1012.9,1012.9,1012.5,0.5,249,3.5,-2.78,0.0
A765,28/12/2017,02,24.3,25.0,24.2,95,95,93,23.5,23.9,23.3,1013.1,1013.1,1013.0,0.9,301,2.7,-1.80,0.2
A765,28/12/2017,03,24.4,24.5,24.2,96,96,95,23.7,23.8,23.4,1012.5,1013.1,1012.5,0.6,63,1.6,-0.97,0.4
A765,29/12/2017,01,24.7,24.7,23.8,94,96,94,23.6,23.7,23.0,1012.9,1012.9,1012.4,2.5,98,5.2,0.002,0.4
A765,29/12/2017,23,24.1,24.6,24.1,94,94,94,23.0,23.5,23.0,1007.6,1007.6,1007.2,1.6,308,2.5,-0.13,0.0
A765,29/12/2017,20,25.3,25.5,25.3,92,92,90,24.0,24.1,23.7,1007.4,1007.8,1007.3,0.7,239,2.8,227.9,0.0
A765,29/12/2017,00,23.8,24.3,23.8,95,95,94,22.9,23.4,22.9,1012.4,1012.4,1011.9,0.7,36,4.0,0.077,9.0
A765,29/12/2017,04,23.9,24.1,23.8,96,96,95,23.2,23.4,23.1,1011.6,1012.5,1011.6,1.4,341,2.3,-0.15,0.0
A765,29/12/2017,22,24.6,24.9,24.6,94,94,93,23.5,23.8,23.5,1007.3,1007.4,1007.1,1.1,292,3.0,39.39,0.0
A765,29/12/2017,02,24.2,25.0,24.2,93,94,89,23.0,23.6,22.9,1013.0,1013.1,1012.9,1.1,356,5.2,1.174,0.0
A765,29/12/2017,21,24.9,25.4,24.9,94,94,92,23.8,24.1,23.8,1007.1,1007.4,1007.0,1.4,281,2.3,162.0,0.0
A765,29/12/2017,03,24.0,24.2,23.9,95,95,93,23.2,23.2,23.0,1012.5,1013.0,1012.5,0.4,207,2.1,0.478,0.8
A765,29/12/2017,08,23.5,23.5,23.3,96,96,96,22.9,22.9,22.7,1010.1,1010.1,1009.6,1.0,289,1.7,-0.56,0.0
A765,29/12/2017,13,24.1,24.2,23.7,96,96,96,23.4,23.5,23.1,1011.4,1011.6,1011.4,0.3,272,2.7,341.9,1.8
A765,29/12/2017,07,23.4,23.8,23.4,96,96,96,22.8,23.2,22.8,1009.6,1009.7,1009.6,1.1,319,1.6,-0.97,0.0
A765,29/12/2017,09,23.5,23.6,23.4,96,97,96,22.9,23.0,22.8,1010.4,1010.4,1010.0,0.4,286,1.7,5.898,0.0
A765,29/12/2017,14,24.6,24.7,24.1,94,96,94,23.5,23.7,23.3,1011.2,1011.4,1011.2,0.5,4,1.5,516.2,0.4
A765,29/12/2017,10,23.7,23.8,23.5,96,96,96,23.1,23.2,22.9,1010.8,1010.8,1010.4,0.6,266,1.6,91.22,0.0
A765,29/12/2017,05,23.8,23.9,23.7,96,96,96,23.1,23.2,23.0,1010.6,1011.6,1010.6,0.7,328,2.2,-0.06,0.4
A765,29/12/2017,11,23.8,23.9,23.7,96,96,96,23.2,23.3,23.1,1011.4,1011.4,1010.8,0.7,346,2.0,134.8,1.0
A765,29/12/2017,06,23.6,23.8,23.6,96,96,96,23.0,23.2,22.9,1009.7,1010.6,1009.7,0.1,203,1.4,-0.44,0.0
A765,29/12/2017,15,25.2,25.4,24.5,92,94,92,23.8,24.0,23.4,1010.7,1011.2,1010.7,2.1,100,4.7,789.7,0.2
A765,29/12/2017,18,26.0,26.0,25.3,89,92,89,24.1,24.3,23.8,1008.1,1009.1,1008.1,1.4,100,4.6,806.9,0.0
A765,29/12/2017,16,24.9,25.3,24.8,91,92,90,23.3,24.0,23.2,1010.2,1010.7,1010.2,2.1,69,4.5,460.7,0.2
A765,29/12/2017,17,25.3,25.4,24.9,92,92,91,24.0,24.0,23.4,1009.1,1010.2,1009.1,1.0,44,4.0,727.0,0.2
A765,29/12/2017,12,23.8,24.0,23.8,96,96,96,23.2,23.4,23.1,1011.4,1011.7,1011.4,0.6,60,2.2,183.5,5.4
A765,29/12/2017,19,25.5,26.1,25.5,90,90,87,23.7,24.1,23.6,1007.8,1008.1,1007.7,1.1,237,3.1,392.0,0.0
A765,30/12/2017,00,23.8,24.1,23.8,94,94,94,22.9,23.1,22.8,1007.8,1007.8,1007.6,0.4,174,2.5,-1.25,0.0
A765,30/12/2017,22,28.1,28.6,26.8,66,73,62,21.2,21.7,20.6,1004.3,1004.4,1003.7,2.4,180,7.4,109.3,0.0
A765,30/12/2017,02,24.1,24.1,23.8,96,96,95,23.3,23.3,23.0,1008.3,1008.5,1008.3,1.0,235,2.8,-0.93,0.0
A765,30/12/2017,19,25.8,26.6,25.7,90,90,85,24.1,24.1,23.6,1005.6,1005.9,1005.4,1.6,159,5.6,716.0,0.0
A765,30/12/2017,01,23.9,24.1,23.8,95,95,94,23.1,23.3,22.9,1008.3,1008.3,1007.8,0.7,238,2.6,-1.27,0.4
A765,30/12/2017,03,23.6,24.2,23.6,95,96,95,22.8,23.4,22.8,1007.7,1008.3,1007.7,1.2,276,3.2,-1.43,0.0
A765,30/12/2017,04,24.1,24.2,23.6,96,96,95,23.4,23.4,22.8,1007.8,1007.8,1007.6,1.4,264,2.8,-1.07,1.6
A765,30/12/2017,05,24.1,24.2,23.5,95,96,95,23.3,23.4,22.7,1007.1,1008.6,1007.1,1.9,133,4.7,0.117,5.2
A765,30/12/2017,10,24.5,24.6,24.2,93,93,91,23.3,23.3,22.9,1006.5,1006.5,1005.8,1.4,194,6.3,160.3,0.0
A765,30/12/2017,07,23.9,24.4,23.9,95,95,94,23.0,23.4,23.0,1006.6,1006.7,1006.3,1.5,185,3.9,-1.05,0.2
A765,30/12/2017,06,24.3,24.3,24.1,94,95,94,23.3,23.3,23.1,1006.5,1007.1,1006.5,1.3,191,4.9,-0.98,0.4
A765,30/12/2017,09,24.3,24.3,23.5,93,94,92,23.0,23.1,22.3,1005.9,1006.7,1005.9,3.2,162,5.6,9.666,0.2
A765,30/12/2017,13,25.5,25.6,25.2,88,89,87,23.4,23.5,23.2,1007.8,1007.8,1007.6,2.1,162,5.8,692.4,0.0
A765,30/12/2017,14,25.5,26.0,25.5,87,88,86,23.2,23.6,23.1,1008.1,1008.1,1007.8,2.5,158,5.1,840.6,0.0
A765,30/12/2017,08,24.0,24.1,23.6,92,95,91,22.6,23.2,22.3,1006.5,1006.9,1006.3,1.6,169,4.4,-0.97,0.8
A765,30/12/2017,20,25.2,25.8,25.2,93,93,90,24.0,24.2,23.8,1004.9,1005.7,1004.9,0.8,253,5.4,229.2,0.8
A765,30/12/2017,11,24.7,24.8,24.5,90,93,90,23.0,23.4,22.7,1007.4,1007.4,1006.5,2.3,204,4.6,342.3,0.0
A765,30/12/2017,21,28.0,28.0,25.0,68,94,68,21.5,24.3,21.5,1003.8,1004.9,1003.7,1.5,172,6.2,277.3,0.2
A765,30/12/2017,23,26.0,28.7,26.0,82,82,61,22.6,22.6,20.5,1004.9,1005.1,1004.1,1.1,109,7.4,0.541,0.0
A765,30/12/2017,17,26.5,26.7,25.8,84,88,83,23.6,24.0,23.2,1006.3,1007.2,1006.3,1.4,154,3.3,1244.,0.0
A765,30/12/2017,12,25.5,25.5,24.7,88,90,88,23.4,23.6,23.0,1007.6,1007.7,1007.2,1.4,162,4.5,489.1,0.0
A765,30/12/2017,16,25.9,25.9,25.3,87,91,86,23.5,24.1,23.2,1007.2,1008.2,1007.2,1.1,123,3.4,841.2,0.0
A765,30/12/2017,18,26.6,26.8,26.1,86,86,83,24.1,24.2,23.2,1005.8,1006.4,1005.8,2.1,108,3.9,1239.,0.0
A765,30/12/2017,15,25.5,25.6,25.2,90,91,87,23.9,24.0,23.1,1008.2,1008.3,1007.8,0.6,331,4.5,598.8,0.8
A765,31/12/2017,12,26.3,28.7,26.1,73,76,60,21.2,21.6,19.9,1007.7,1008.1,1007.3,1.8,247,8.0,288.2,0.8
A765,31/12/2017,06,25.8,26.9,23.6,72,89,66,20.4,22.1,19.9,1004.4,1005.3,1004.4,2.3,159,6.9,1.225,0.2
A765,31/12/2017,13,30.0,30.0,25.7,61,81,59,21.7,22.5,20.7,1007.7,1007.9,1007.5,1.3,139,5.2,1289.,0.0
A765,31/12/2017,01,28.9,28.9,25.3,62,86,62,21.0,23.0,21.0,1007.1,1007.2,1005.3,3.1,266,9.8,-1.99,0.0
A765,31/12/2017,22,25.7,26.2,25.7,88,88,85,23.5,23.7,23.4,1007.3,1007.3,1006.9,1.0,60,2.3,154.2,0.0
A765,31/12/2017,05,24.0,25.0,23.5,88,90,82,22.0,22.2,21.4,1005.3,1006.3,1005.3,1.0,190,4.8,-2.11,0.4
A765,31/12/2017,07,27.4,27.9,25.5,64,73,61,20.1,20.6,19.8,1004.4,1004.6,1003.9,3.5,54,9.0,0.261,0.0
A765,31/12/2017,11,28.5,29.2,28.3,61,62,56,20.3,20.3,19.4,1007.3,1007.3,1005.9,2.3,1,12.1,385.9,0.0
A765,31/12/2017,10,29.0,29.0,28.0,56,62,56,19.5,20.2,19.5,1006.0,1006.2,1005.0,3.2,169,12.4,316.7,0.0
A765,31/12/2017,00,25.9,26.3,25.7,83,84,80,22.8,22.9,22.4,1005.4,1005.4,1004.9,2.7,180,5.9,-1.19,0.0
A765,31/12/2017,03,24.8,27.1,24.7,81,82,70,21.3,21.7,21.1,1006.9,1007.5,1006.8,2.7,203,5.8,-0.60,0.0
A765,31/12/2017,04,24.0,25.0,23.7,86,86,76,21.5,21.5,20.6,1006.3,1006.9,1006.1,1.9,155,5.3,-2.96,1.2
A765,31/12/2017,02,27.2,29.0,27.2,70,72,61,21.1,21.6,20.7,1007.5,1007.5,1007.1,2.8,281,9.8,-1.76,0.0
A765,31/12/2017,08,28.1,28.4,27.3,62,66,61,20.1,20.3,19.7,1004.6,1004.8,1004.4,2.3,325,9.7,-0.01,0.0
A765,31/12/2017,14,28.3,30.1,27.7,70,73,59,22.3,23.0,21.1,1007.9,1008.1,1007.7,2.7,151,6.8,1330.,0.0
A765,31/12/2017,15,30.3,30.5,28.0,66,72,66,23.2,24.0,21.6,1007.9,1008.1,1007.8,2.6,125,7.2,2805.,0.0
A765,31/12/2017,09,28.4,28.6,27.7,60,64,59,19.8,20.3,19.8,1005.1,1005.3,1004.5,4.3,328,12.4,12.79,0.0
A765,31/12/2017,18,26.0,29.4,26.0,82,82,68,22.7,24.2,22.7,1007.8,1008.0,1006.9,3.2,194,7.9,1335.,0.0
A765,31/12/2017,20,27.0,27.3,25.6,81,88,80,23.5,24.7,23.2,1007.4,1007.9,1006.7,0.8,147,3.9,1538.,0.0
A765,31/12/2017,23,24.7,25.7,24.7,93,93,88,23.5,23.8,23.3,1007.5,1007.5,1007.2,1.6,223,2.9,-1.30,0.0
A765,31/12/2017,19,25.6,25.9,24.1,88,93,82,23.4,23.9,22.3,1007.9,1008.4,1007.6,1.1,90,7.1,891.9,5.6
A765,31/12/2017,21,26.1,27.4,26.0,86,87,81,23.6,24.1,23.3,1007.1,1007.5,1007.1,0.9,111,4.0,657.1,0.0
A765,31/12/2017,17,29.5,30.5,29.3,68,71,65,22.9,24.0,22.4,1006.9,1007.4,1006.8,4.0,122,7.9,3261.,0.0
A765,31/12/2017,16,29.7,31.5,29.1,69,69,58,23.4,23.6,21.8,1007.3,1007.9,1007.3,2.8,140,5.6,2863.,0.0
A765,01/01/2018,07,23.2,23.5,23.2,95,95,93,22.3,22.6,22.2,1008.0,1008.3,1008.0,0.7,214,1.8,-3.20,0.0
A765,01/01/2018,06,23.4,24.0,23.4,93,94,93,22.3,22.9,22.3,1008.3,1008.5,1008.2,0.4,192,2.7,-3.51,0.0
A765,01/01/2018,20,29.3,30.0,28.9,69,74,68,23.1,24.3,22.7,1005.8,1006.5,1005.8,2.8,98,5.8,2003.,0.0
A765,01/01/2018,11,27.1,27.1,24.7,83,91,83,23.9,24.3,22.9,1009.5,1009.5,1009.2,0.9,181,2.6,1315.,0.0
A765,01/01/2018,05,23.6,24.3,23.5,93,93,90,22.4,22.6,22.3,1008.5,1008.5,1008.2,1.0,322,2.6,-3.58,0.0
A765,01/01/2018,19,29.7,30.3,28.7,73,77,68,24.3,25.3,23.5,1006.5,1007.3,1006.5,2.7,102,5.8,2180.,0.0
A765,01/01/2018,08,23.1,23.4,23.0,95,95,95,22.2,22.5,22.1,1008.3,1008.3,1007.9,0.8,262,2.6,-2.94,0.0
A765,01/01/2018,12,28.6,28.7,27.0,76,84,76,24.0,24.9,23.6,1009.4,1009.6,1009.4,1.5,130,3.8,2205.,0.0
A765,01/01/2018,00,24.9,25.3,24.7,92,94,91,23.6,23.9,23.5,1008.4,1008.5,1007.5,1.6,238,4.2,-2.54,0.0
A765,01/01/2018,04,24.3,24.6,24.2,90,92,90,22.6,23.0,22.6,1008.4,1009.4,1008.4,1.7,153,4.2,-3.59,0.0
A765,01/01/2018,23,26.1,27.8,26.1,85,85,73,23.4,23.4,22.5,1006.8,1007.0,1006.6,1.3,323,3.6,-1.72,0.0
A765,01/01/2018,01,25.0,25.4,24.9,91,92,89,23.5,23.8,23.3,1008.9,1008.9,1008.0,0.9,145,4.6,-1.99,0.0
A765,01/01/2018,21,28.8,29.7,28.7,71,72,66,23.1,23.6,22.4,1005.8,1005.8,1005.6,2.6,103,6.2,1023.,0.0
A765,01/01/2018,03,24.3,25.1,24.3,92,92,89,22.9,23.3,22.8,1009.2,1009.2,1008.9,1.4,156,4.3,-3.36,0.0
A765,01/01/2018,02,24.8,25.0,24.7,91,93,91,23.3,23.6,23.3,1009.2,1009.2,1008.8,1.3,175,3.4,-3.08,0.0
A765,01/01/2018,22,27.8,28.8,27.8,74,75,71,22.7,23.3,22.7,1006.6,1006.6,1005.8,1.7,84,6.2,130.5,0.0
A765,01/01/2018,10,24.7,24.7,22.7,91,95,91,23.2,23.3,21.8,1009.3,1009.3,1008.9,0.6,267,2.9,263.0,0.0
A765,01/01/2018,09,23.0,23.1,22.9,94,95,94,22.0,22.2,22.0,1009.0,1009.0,1008.3,0.7,288,2.2,18.19,0.0
A765,01/01/2018,18,29.5,30.7,29.1,74,78,70,24.3,25.6,24.1,1007.2,1008.0,1007.2,2.7,114,5.7,3012.,0.0
A765,01/01/2018,14,29.9,30.1,28.7,71,78,71,24.0,25.2,23.7,1009.1,1009.4,1009.0,2.5,118,6.0,3327.,0.0
A765,01/01/2018,17,29.5,30.3,29.3,75,75,68,24.7,24.7,23.0,1008.0,1008.8,1008.0,3.1,96,6.0,2710.,0.0
A765,01/01/2018,15,29.2,30.7,29.0,73,74,69,24.0,25.2,23.6,1009.3,1009.4,1009.1,2.8,137,8.1,3114.,0.0
A765,01/01/2018,13,29.1,29.9,28.2,78,80,73,24.8,25.6,23.6,1009.3,1009.4,1009.2,2.6,113,4.7,3021.,0.0
A765,01/01/2018,16,29.7,30.7,28.4,74,76,65,24.5,24.5,22.4,1008.7,1009.3,1008.7,2.4,151,7.3,2743.,0.0
A765,02/01/2018,15,33.1,33.1,31.7,////,////,////,////,////,////,1003.1,1003.7,1003.1,2.3,88,9.0,1566.,0.0
A765,02/01/2018,11,31.2,31.4,29.2,56,64,55,21.5,22.1,20.9,1004.5,1004.6,1004.3,2.0,295,9.0,1318.,0.0
A765,02/01/2018,16,32.9,33.2,31.9,////,////,////,////,////,////,1003.4,1003.5,1003.1,2.8,142,6.9,1315.,0.0
A765,02/01/2018,05,24.4,24.4,24.1,93,94,93,23.2,23.3,23.0,1005.2,1006.3,1005.2,0.9,262,2.4,-3.19,0.0
A765,02/01/2018,04,24.3,24.6,24.3,93,93,92,23.2,23.4,23.1,1006.3,1006.9,1006.3,0.4,238,2.2,-3.36,0.0
A765,02/01/2018,14,32.4,32.5,31.6,////,////,////,////,////,////,1003.6,1004.2,1003.6,1.9,140,8.8,1114.,0.0
A765,02/01/2018,01,24.7,25.1,24.7,90,92,90,23.0,23.5,23.0,1006.9,1006.9,1006.8,0.7,342,2.5,-3.57,0.0
A765,02/01/2018,02,24.3,24.8,24.3,93,93,90,23.1,23.2,23.0,1007.3,1007.3,1006.9,0.4,280,1.6,-3.38,0.0
A765,02/01/2018,13,32.3,33.4,31.0,////,////,////,////,////,////,1004.0,1004.4,1003.8,2.3,22,8.9,1890.,0.0
A765,02/01/2018,12,31.3,32.1,30.9,54,////,////,21.0,////,////,1004.4,1004.5,1004.3,2.4,355,6.3,1753.,0.0
A765,02/01/2018,10,29.2,29.4,24.9,64,90,63,21.7,23.5,21.6,1004.6,1004.6,1004.4,2.4,336,6.8,343.4,0.0
A765,02/01/2018,00,25.1,26.1,25.1,90,90,85,23.4,23.6,23.2,1006.9,1006.9,1006.8,1.0,329,2.1,-3.58,0.0
A765,02/01/2018,09,24.9,25.3,24.2,90,93,89,23.2,23.5,22.9,1004.4,1004.4,1004.2,0.8,183,3.0,18.65,0.0
A765,02/01/2018,03,24.4,24.5,24.3,93,93,93,23.2,23.3,23.1,1006.9,1007.3,1006.9,0.6,309,1.9,-3.00,0.0
A765,02/01/2018,19,32.8,33.5,32.5,////,////,////,////,////,////,1001.1,1001.5,1001.0,1.7,242,7.2,1051.,0.0
A765,02/01/2018,18,33.4,36.1,33.1,////,////,////,////,////,////,1001.5,1002.1,1001.3,3.2,299,9.8,2627.,0.0
A765,02/01/2018,23,29.3,30.6,28.8,72,75,64,23.7,24.2,23.1,1002.8,1002.8,1001.8,1.5,231,3.3,-0.18,0.0
A765,02/01/2018,17,33.3,33.3,32.4,////,////,////,////,////,////,1002.1,1003.4,1002.1,2.4,11,7.6,1592.,0.0
A765,02/01/2018,06,24.4,24.5,24.1,93,94,93,23.3,23.5,23.0,1005.0,1005.2,1004.9,1.2,315,3.0,-3.03,0.0
A765,02/01/2018,07,24.6,24.6,24.3,93,94,92,23.3,23.5,22.9,1004.7,1005.1,1004.7,1.2,293,3.2,-2.72,0.0
A765,02/01/2018,20,33.5,33.9,32.4,////,////,////,////,////,////,1000.9,1001.1,1000.8,2.2,281,7.1,1532.,0.0
A765,02/01/2018,08,24.4,24.6,24.3,93,93,92,23.2,23.4,22.9,1004.3,1004.7,1004.3,0.7,155,2.8,-3.11,0.0
A765,02/01/2018,21,33.1,34.1,33.1,////,////,////,////,////,////,1001.0,1001.1,1000.9,1.5,137,7.6,821.9,0.0
A765,02/01/2018,22,30.4,33.1,30.4,65,////,////,23.0,////,////,1001.8,1001.8,1001.0,0.9,2,3.2,131.9,0.0
A765,03/01/2018,00,28.6,29.3,28.4,75,75,71,23.7,24.2,23.1,1002.9,1003.2,1002.8,1.5,1,4.8,-1.14,0.0
A765,03/01/2018,21,23.6,23.7,23.3,94,95,94,22.6,22.8,22.4,1007.3,1007.3,1006.8,1.0,352,2.5,289.1,0.6
A765,03/01/2018,14,27.6,28.1,27.0,80,83,76,23.9,24.2,23.1,1005.9,1005.9,1005.5,2.3,211,6.7,1562.,0.0
A765,03/01/2018,22,23.5,23.8,23.4,95,95,94,22.6,22.9,22.4,1008.2,1008.2,1007.3,0.6,252,2.1,69.05,2.0
A765,03/01/2018,13,27.7,28.0,27.0,77,79,70,23.4,23.7,22.1,1005.5,1005.5,1005.2,2.5,203,6.4,1185.,0.0
A765,03/01/2018,12,28.0,28.0,27.4,70,73,70,22.1,22.3,21.7,1005.2,1005.3,1005.0,2.0,218,6.3,487.6,0.0
A765,03/01/2018,08,27.0,27.4,26.4,73,77,70,21.8,22.2,21.5,1002.6,1002.6,1001.3,1.7,250,5.5,-0.79,0.0
A765,03/01/2018,05,28.6,29.7,27.7,65,71,57,21.2,22.0,20.3,1001.2,1001.9,1001.2,2.2,309,8.1,-3.37,0.0
A765,03/01/2018,15,26.3,27.8,26.2,83,83,75,23.2,23.8,22.4,1006.0,1006.2,1005.9,1.8,228,7.1,1206.,0.0
A765,03/01/2018,07,27.3,28.5,27.2,72,72,64,21.8,21.8,20.9,1001.3,1001.4,1001.1,1.0,162,4.5,-2.82,0.0
A765,03/01/2018,06,28.1,29.0,27.8,65,68,61,21.0,21.6,20.6,1001.3,1001.3,1001.0,2.5,173,4.9,-2.98,0.0
A765,03/01/2018,11,27.4,28.5,27.0,72,76,64,21.9,22.5,21.1,1005.0,1005.0,1004.3,0.8,249,6.1,121.6,0.0
A765,03/01/2018,09,27.8,27.9,26.9,68,74,68,21.3,21.9,21.3,1003.3,1003.3,1002.5,1.0,209,4.9,3.573,0.0
A765,03/01/2018,02,29.1,30.0,27.8,63,80,60,21.3,24.1,21.0,1002.9,1003.3,1002.8,1.2,282,4.0,-2.51,0.0
A765,03/01/2018,18,24.3,24.4,23.9,93,94,93,23.0,23.2,22.7,1006.5,1006.5,1006.3,0.9,244,5.4,453.2,1.6
A765,03/01/2018,04,29.4,29.7,28.9,58,61,57,20.4,20.8,20.2,1001.8,1002.7,1001.8,2.8,66,5.3,-3.35,0.0
A765,03/01/2018,03,29.0,30.5,28.5,61,68,55,20.7,22.1,20.3,1002.6,1002.9,1002.5,1.6,153,7.3,-3.17,0.0
A765,03/01/2018,01,28.1,31.3,28.1,76,77,58,23.6,24.0,21.8,1003.2,1003.2,1002.9,0.8,260,5.3,-1.36,0.0
A765,03/01/2018,23,23.7,23.8,23.5,95,95,95,22.8,22.9,22.6,1008.8,1008.8,1008.2,0.7,274,2.4,11.67,0.0
A765,03/01/2018,10,27.3,27.8,27.2,72,73,68,21.9,22.0,21.2,1004.3,1004.3,1003.2,0.7,26,2.9,88.78,0.0
A765,03/01/2018,19,23.7,24.3,23.7,93,93,92,22.4,23.0,22.4,1006.7,1006.7,1006.5,0.7,274,3.4,317.9,2.6
A765,03/01/2018,16,26.0,26.3,25.4,85,89,83,23.3,24.1,22.9,1005.8,1006.1,1005.8,2.2,227,5.4,994.2,0.0
A765,03/01/2018,17,24.0,26.6,24.0,93,93,80,22.8,23.5,22.4,1006.4,1006.4,1005.8,2.1,206,7.2,606.2,2.8
A765,03/01/2018,20,23.4,23.8,23.3,94,94,93,22.4,22.7,22.2,1006.9,1007.0,1006.7,1.2,330,2.1,255.6,6.2
A765,04/01/2018,16,28.7,28.8,27.6,68,72,67,22.1,22.6,21.6,1013.2,1013.5,1013.2,3.5,116,6.7,3923.,0.0
A765,04/01/2018,19,27.6,28.9,27.2,71,72,66,21.9,22.7,21.3,1012.7,1012.8,1012.6,2.5,134,6.4,2323.,0.0
A765,04/01/2018,20,26.8,27.8,26.6,71,74,69,21.1,21.9,21.0,1012.4,1012.7,1012.4,2.9,118,6.4,1088.,0.0
A765,04/01/2018,21,26.3,26.9,26.2,72,73,70,20.9,21.3,20.7,1012.7,1012.7,1012.3,2.8,118,6.0,639.4,0.0
A765,04/01/2018,01,23.4,23.8,23.4,96,96,95,22.6,23.0,22.6,1010.5,1010.5,1009.8,1.0,302,1.8,-0.93,0.6
A765,04/01/2018,05,22.5,22.6,22.3,96,96,96,21.9,22.0,21.7,1010.7,1011.1,1010.7,1.1,310,2.0,-1.15,0.0
A765,04/01/2018,10,22.9,22.9,22.0,96,97,96,22.3,22.3,21.4,1012.3,1012.3,1011.8,1.0,234,1.9,252.6,0.0
A765,04/01/2018,15,28.5,28.9,27.7,70,72,68,22.4,23.1,21.6,1013.5,1013.8,1013.5,3.8,112,6.7,3819.,0.0
A765,04/01/2018,08,22.2,22.4,22.1,96,96,96,21.6,21.7,21.4,1011.1,1011.1,1010.7,0.7,285,1.4,-3.06,0.0
A765,04/01/2018,06,22.3,22.7,22.2,96,96,96,21.6,22.1,21.5,1010.8,1010.9,1010.7,0.6,349,2.1,-0.59,0.0
A765,04/01/2018,03,22.9,23.0,22.7,96,96,96,22.3,22.4,22.0,1011.3,1011.3,1011.1,1.2,279,1.9,-1.75,0.0
A765,04/01/2018,07,22.2,22.4,22.2,96,96,96,21.6,21.8,21.5,1010.7,1010.8,1010.6,1.0,298,1.5,-3.02,0.0
A765,04/01/2018,14,28.3,28.6,27.4,71,74,69,22.5,22.9,21.9,1013.7,1013.7,1013.5,3.0,113,5.6,3485.,0.0
A765,04/01/2018,12,27.4,27.4,25.4,73,88,71,22.1,23.3,20.9,1013.4,1013.4,1012.8,2.0,120,3.9,2125.,0.0
A765,04/01/2018,09,22.0,22.2,22.0,96,97,96,21.4,21.6,21.4,1011.8,1011.8,1011.1,0.7,258,1.8,14.24,0.0
A765,04/01/2018,13,27.9,28.0,26.9,72,76,71,22.4,22.8,21.5,1013.5,1013.6,1013.4,2.3,110,4.4,2919.,0.2
A765,04/01/2018,11,25.5,25.5,22.9,88,97,88,23.4,23.7,22.3,1012.8,1012.8,1012.3,0.4,295,2.4,1252.,0.0
A765,04/01/2018,23,25.6,25.7,25.5,77,78,75,21.2,21.4,21.0,1013.5,1013.5,1013.1,3.1,117,6.8,2.011,0.0
A765,04/01/2018,22,25.7,26.3,25.7,75,75,72,21.0,21.1,20.6,1013.1,1013.1,1012.7,3.2,120,6.3,128.0,0.0
A765,04/01/2018,04,22.5,22.9,22.4,96,96,96,21.8,22.2,21.7,1011.1,1011.3,1011.1,1.0,274,1.9,-2.56,0.0
A765,04/01/2018,02,22.9,23.4,22.9,96,96,95,22.2,22.7,22.2,1011.1,1011.1,1010.5,0.9,310,1.6,-2.39,0.0
A765,04/01/2018,00,23.8,23.9,23.7,95,95,95,23.0,23.1,22.8,1009.8,1009.8,1008.8,1.1,307,1.8,-0.74,0.0
A765,04/01/2018,18,28.0,28.9,27.9,69,71,66,21.7,22.8,21.3,1012.7,1013.0,1012.7,3.1,127,6.1,3393.,0.0
A765,04/01/2018,17,28.1,28.9,28.1,70,71,66,22.1,23.0,21.8,1013.0,1013.2,1013.0,3.4,128,6.6,3740.,0.0
A765,05/01/2018,10,22.8,22.9,21.7,86,92,86,20.3,20.7,20.3,1012.9,1013.0,1012.8,0.4,11,1.8,248.0,0.0
A765,05/01/2018,00,25.5,25.6,25.5,75,78,74,20.8,21.4,20.7,1013.9,1013.9,1013.5,3.2,120,7.7,-3.44,0.0
A765,05/01/2018,11,24.7,24.7,22.5,78,87,78,20.6,21.0,20.0,1013.2,1013.2,1012.9,0.9,291,1.7,1100.,0.0
A765,05/01/2018,13,27.8,28.3,27.2,61,65,58,19.7,20.4,18.7,1013.2,1013.3,1013.2,2.2,124,4.5,2896.,0.0
A765,05/01/2018,23,25.2,26.1,25.2,83,84,74,22.1,22.3,20.9,1012.3,1012.3,1011.9,1.6,285,3.5,5.017,0.0
A765,05/01/2018,05,22.2,22.6,22.2,91,91,89,20.7,20.9,20.6,1013.2,1013.6,1013.2,0.6,329,1.3,-3.59,0.0
A765,05/01/2018,06,22.0,22.2,21.9,92,92,91,20.6,20.7,20.5,1012.6,1013.2,1012.6,1.0,290,1.4,-3.60,0.0
A765,05/01/2018,07,21.6,22.0,21.6,92,93,91,20.2,20.7,20.1,1012.6,1012.6,1012.5,1.1,317,2.0,-3.59,0.0
A765,05/01/2018,12,27.5,27.5,24.7,59,79,59,18.8,20.8,18.5,1013.2,1013.2,1013.0,1.3,114,3.2,2101.,0.0
A765,05/01/2018,18,27.6,29.2,27.5,68,68,62,21.1,21.8,20.5,1012.1,1012.7,1012.1,2.4,168,5.6,2346.,0.0
A765,05/01/2018,21,26.5,27.3,26.5,71,72,69,20.9,21.4,20.6,1011.8,1011.8,1011.6,1.5,131,3.9,509.1,0.0
A765,05/01/2018,19,27.9,28.1,27.1,67,71,66,21.3,22.0,20.7,1011.8,1012.2,1011.7,3.2,123,5.9,1416.,0.0
A765,05/01/2018,20,27.1,28.6,27.0,69,70,64,20.9,22.2,20.6,1011.6,1011.8,1011.6,1.9,130,5.6,1554.,0.0
A765,05/01/2018,09,21.9,21.9,21.7,92,93,91,20.6,20.7,20.2,1012.9,1012.9,1012.4,1.3,306,1.8,13.45,0.0
A765,05/01/2018,22,26.1,26.5,26.1,75,76,71,21.4,21.5,20.7,1011.9,1012.0,1011.8,1.6,138,2.9,154.8,0.0
A765,05/01/2018,01,25.4,25.6,25.4,71,76,70,19.7,20.8,19.7,1014.5,1014.5,1013.9,3.3,96,7.5,-3.60,0.0
A765,05/01/2018,03,23.5,23.7,23.5,87,87,85,21.1,21.2,20.9,1014.2,1014.8,1014.2,0.7,323,1.7,-2.26,0.0
A765,05/01/2018,02,23.7,25.4,23.6,86,87,71,21.2,21.4,19.7,1014.8,1014.9,1014.5,0.6,347,5.8,-3.47,0.0
A765,05/01/2018,16,28.1,29.9,28.0,64,64,58,20.6,22.1,20.0,1012.8,1013.0,1012.8,3.3,117,6.1,3117.,0.0
A765,05/01/2018,08,21.8,22.0,21.6,91,92,91,20.3,20.6,20.2,1012.4,1012.6,1012.4,0.7,235,1.8,-2.88,0.0
A765,05/01/2018,15,28.6,29.2,28.2,60,63,59,20.1,20.9,19.8,1013.0,1013.0,1012.9,3.0,132,6.3,3774.,0.0
A765,05/01/2018,17,29.2,29.2,27.9,64,66,62,21.7,22.0,20.0,1012.6,1012.8,1012.6,2.4,128,6.1,2203.,0.0
A765,05/01/2018,14,28.1,28.7,27.6,62,65,58,20.3,20.8,19.4,1013.0,1013.2,1013.0,3.2,114,5.5,3407.,0.0
A765,05/01/2018,04,22.6,23.5,22.6,90,90,86,20.9,21.3,20.8,1013.6,1014.2,1013.6,0.3,274,1.5,-3.54,0.0
A765,06/01/2018,11,25.7,25.7,23.6,82,90,82,22.3,22.5,21.8,1011.9,1011.9,1011.6,1.3,210,3.9,770.6,0.0
A765,06/01/2018,13,28.1,28.5,26.8,72,75,71,22.6,23.1,21.5,1012.3,1012.5,1012.1,1.8,106,3.9,1664.,0.0
A765,06/01/2018,04,22.7,23.0,22.7,93,94,92,21.5,21.8,21.5,1011.7,1012.3,1011.7,0.9,287,2.3,-3.47,0.0
A765,06/01/2018,18,27.2,27.7,27.1,78,78,75,22.9,23.2,22.7,1010.2,1010.7,1010.2,1.5,137,3.9,684.0,0.0
A765,06/01/2018,12,27.3,27.5,25.7,73,82,72,22.1,22.7,22.0,1012.1,1012.2,1011.8,0.6,251,3.9,1579.,0.0
A765,06/01/2018,01,23.6,24.2,23.5,91,91,88,21.9,22.1,21.7,1013.2,1013.2,1012.8,0.9,320,2.1,-3.60,0.0
A765,06/01/2018,14,27.9,28.8,27.7,75,76,72,23.1,23.9,22.5,1012.2,1012.4,1012.2,2.0,133,3.7,1565.,0.0
A765,06/01/2018,22,25.6,26.5,25.6,90,90,83,23.9,23.9,23.4,1009.7,1009.7,1008.9,0.7,11,2.8,65.10,0.0
A765,06/01/2018,05,22.2,22.8,22.1,94,94,93,21.1,21.8,20.9,1010.9,1011.7,1010.8,0.6,228,2.3,-3.52,0.0
A765,06/01/2018,00,24.2,25.2,24.1,89,89,83,22.2,22.5,22.0,1012.8,1012.8,1012.3,1.4,292,2.3,-3.37,0.0
A765,06/01/2018,15,28.0,28.8,27.8,76,77,73,23.3,23.7,22.9,1011.8,1012.3,1011.8,2.2,110,4.3,1802.,0.0
A765,06/01/2018,07,22.3,22.7,22.0,94,94,92,21.3,21.4,21.1,1009.9,1010.2,1009.9,0.8,264,3.1,-3.53,0.0
A765,06/01/2018,16,28.2,29.2,27.8,75,78,71,23.3,24.0,23.0,1011.2,1011.9,1011.2,2.2,109,4.6,2044.,0.0
A765,06/01/2018,17,27.5,28.2,27.5,77,78,75,23.2,23.6,23.1,1010.6,1011.2,1010.6,1.9,125,4.7,977.1,0.0
A765,06/01/2018,06,22.0,22.4,21.9,94,94,94,21.0,21.4,20.9,1010.2,1010.9,1010.2,1.3,221,2.8,-3.36,0.0
A765,06/01/2018,02,23.0,23.6,23.0,93,93,91,21.8,22.1,21.8,1013.0,1013.2,1013.0,0.7,236,2.0,-3.59,0.0
A765,06/01/2018,08,22.6,22.7,22.1,93,94,93,21.5,21.7,21.0,1010.4,1010.4,1009.9,1.1,257,2.9,-3.27,0.0
A765,06/01/2018,23,24.8,25.6,24.8,91,92,90,23.2,24.1,23.1,1010.4,1010.4,1009.6,1.2,337,2.4,-2.42,0.0
A765,06/01/2018,03,22.9,23.3,22.8,93,93,92,21.7,22.0,21.5,1012.3,1013.0,1012.3,0.8,309,2.6,-3.58,0.0
A765,06/01/2018,20,27.0,27.4,26.8,81,81,79,23.4,23.7,23.2,1008.7,1009.4,1008.7,1.8,105,4.3,424.7,0.0
A765,06/01/2018,10,23.7,23.7,22.5,90,94,90,21.9,22.0,21.4,1011.6,1011.6,1010.7,1.0,166,3.5,224.7,0.0
A765,06/01/2018,19,27.1,27.2,26.9,80,81,77,23.4,23.4,22.8,1009.4,1010.2,1009.4,1.4,109,3.1,443.7,0.0
A765,06/01/2018,09,22.5,22.7,22.0,94,94,93,21.4,21.6,20.9,1010.7,1010.7,1010.3,1.1,274,2.6,13.72,0.0
A765,06/01/2018,21,26.4,27.0,26.4,83,84,81,23.4,23.6,23.3,1009.0,1009.0,1008.7,1.1,47,3.9,230.8,0.0
A765,07/01/2018,23,21.5,21.7,21.2,94,94,90,20.5,20.6,19.6,1015.5,1015.5,1015.0,1.1,312,2.1,2.779,0.0
A765,07/01/2018,12,22.7,24.1,22.7,89,90,80,20.8,22.0,20.2,1014.0,1014.0,1013.3,0.4,292,3.4,259.6,3.2
A765,07/01/2018,22,21.4,21.8,21.3,90,92,90,19.8,20.4,19.7,1015.0,1015.0,1014.5,1.2,327,2.5,84.96,0.0
A765,07/01/2018,11,23.9,23.9,23.3,90,92,89,22.1,22.2,21.7,1013.3,1013.3,1012.8,0.6,28,1.6,143.2,0.0
A765,07/01/2018,13,22.8,22.8,22.5,94,95,88,21.9,21.9,20.6,1014.5,1014.5,1014.0,1.9,294,3.0,345.6,3.2
A765,07/01/2018,04,22.7,23.5,22.7,90,92,90,21.0,22.2,21.0,1012.3,1012.9,1012.3,0.2,341,1.8,-2.08,0.0
A765,07/01/2018,14,22.0,23.0,21.9,91,94,90,20.5,21.9,20.4,1015.0,1015.0,1014.5,2.4,297,4.6,417.8,1.6
A765,07/01/2018,15,22.0,22.7,21.9,88,92,86,19.9,20.7,19.8,1014.8,1015.0,1014.5,2.0,340,6.2,535.6,1.2
A765,07/01/2018,01,25.0,25.1,23.8,92,93,91,23.7,23.8,22.3,1012.5,1012.5,1011.3,0.9,243,3.4,-2.59,0.0
A765,07/01/2018,05,23.1,23.1,22.7,93,93,90,21.9,21.9,21.1,1012.0,1012.4,1012.0,0.7,283,1.4,-1.95,0.0
A765,07/01/2018,06,23.6,23.6,22.9,94,94,92,22.6,22.6,21.5,1011.5,1012.0,1011.5,0.9,294,1.6,-2.09,0.0
A765,07/01/2018,08,23.2,23.3,22.9,94,94,92,22.2,22.2,21.6,1011.6,1011.6,1011.2,1.0,330,2.3,-1.86,0.0
A765,07/01/2018,02,24.1,25.1,24.1,93,93,92,22.8,23.9,22.8,1013.1,1013.1,1012.5,0.4,353,2.7,-2.79,0.0
A765,07/01/2018,07,23.2,23.9,23.2,93,95,93,22.0,23.0,22.0,1011.3,1011.5,1011.3,1.0,301,2.6,-0.80,0.0
A765,07/01/2018,00,24.0,24.8,24.0,92,93,91,22.5,23.3,22.5,1011.3,1011.3,1010.4,1.2,359,2.7,-2.92,0.0
A765,07/01/2018,18,20.6,20.8,20.5,90,92,87,18.9,19.3,18.5,1014.6,1014.8,1014.5,1.9,298,3.5,180.9,1.8
A765,07/01/2018,09,23.0,23.2,22.9,91,94,90,21.5,22.2,21.3,1012.3,1012.3,1011.6,0.6,323,1.9,4.581,0.0
A765,07/01/2018,10,23.5,23.6,23.0,92,92,91,22.1,22.3,21.4,1012.8,1012.8,1012.3,0.6,285,1.3,142.9,0.0
A765,07/01/2018,19,20.8,20.8,20.3,90,92,89,19.1,19.2,18.7,1014.3,1014.6,1014.3,2.1,341,3.9,232.8,2.8
A765,07/01/2018,17,20.7,21.1,20.4,88,89,82,18.6,18.7,17.7,1014.7,1015.0,1014.7,1.5,319,5.7,397.9,3.0
A765,07/01/2018,16,20.9,22.1,20.8,86,89,83,18.4,20.0,18.1,1014.9,1015.0,1014.8,3.0,353,5.7,428.9,3.0
A765,07/01/2018,21,21.7,21.9,21.6,90,91,86,20.1,20.2,19.4,1014.5,1014.5,1014.1,1.1,5,2.2,174.3,0.2
A765,07/01/2018,20,21.6,21.7,20.8,89,92,89,19.8,19.9,19.1,1014.1,1014.3,1014.1,1.1,10,3.2,449.2,1.8
A765,07/01/2018,03,23.5,24.1,23.5,92,93,91,22.1,22.8,22.1,1012.9,1013.1,1012.9,0.8,318,2.8,-2.47,0.2
A765,08/01/2018,13,24.7,24.9,24.1,78,85,78,20.7,21.7,20.7,1016.8,1016.8,1016.7,0.8,282,1.5,834.6,0.0
A765,08/01/2018,02,21.8,21.9,21.4,93,94,93,20.6,20.8,20.4,1016.7,1016.7,1016.5,0.5,96,1.9,0.244,0.0
A765,08/01/2018,08,21.8,22.0,21.6,94,94,94,20.9,20.9,20.5,1014.9,1014.9,1014.4,0.8,264,2.0,-1.25,0.0
A765,08/01/2018,22,22.9,23.4,22.8,95,95,93,22.0,22.2,21.8,1016.1,1016.1,1015.6,1.4,345,2.4,25.91,0.0
A765,08/01/2018,11,22.4,22.5,22.1,94,95,94,21.4,21.5,21.2,1016.3,1016.3,1016.1,1.2,310,1.8,325.9,0.2
A765,08/01/2018,21,23.4,24.0,23.3,93,93,89,22.2,22.3,21.9,1015.6,1015.6,1015.4,1.1,344,2.3,136.7,0.0
A765,08/01/2018,12,24.3,24.3,22.4,85,94,85,21.7,21.8,21.3,1016.7,1016.7,1016.3,0.7,274,1.8,910.0,0.0
A765,08/01/2018,01,21.5,21.6,21.3,94,94,93,20.4,20.5,20.2,1016.5,1016.5,1016.0,1.1,345,1.9,0.646,0.0
A765,08/01/2018,05,21.8,22.3,21.7,93,94,92,20.6,21.1,20.4,1014.6,1015.3,1014.6,1.1,252,2.6,0.063,0.0
A765,08/01/2018,06,22.0,22.0,21.7,95,95,93,21.1,21.1,20.7,1014.3,1014.6,1014.3,1.3,230,3.3,0.092,0.0
A765,08/01/2018,07,21.9,22.2,21.9,94,95,94,20.8,21.3,20.8,1014.4,1014.4,1014.2,1.1,281,2.6,-0.54,0.0
A765,08/01/2018,23,22.9,23.0,22.8,93,95,93,21.8,22.1,21.8,1016.5,1016.5,1016.1,1.1,293,2.4,-0.68,0.4
A765,08/01/2018,03,21.8,21.9,21.6,94,94,93,20.7,20.9,20.5,1016.3,1016.7,1016.3,1.1,354,2.4,-0.44,0.0
A765,08/01/2018,00,21.5,21.7,21.3,93,95,93,20.3,20.6,20.3,1016.0,1016.0,1015.5,0.8,335,2.8,0.813,0.0
A765,08/01/2018,14,25.7,25.7,24.6,76,79,75,21.1,21.3,20.6,1016.7,1016.9,1016.7,0.6,134,1.8,1122.,0.0
A765,08/01/2018,09,21.8,22.0,21.8,94,95,93,20.8,21.0,20.7,1015.6,1015.6,1014.9,0.9,251,1.7,3.140,0.0
A765,08/01/2018,15,25.8,26.1,25.4,78,80,75,21.8,22.2,20.8,1016.6,1016.8,1016.6,0.7,119,2.5,1139.,0.0
A765,08/01/2018,16,25.0,25.8,24.8,83,83,78,21.9,22.3,21.2,1016.4,1016.6,1016.4,1.9,101,3.4,1167.,0.0
A765,08/01/2018,10,22.1,22.1,21.7,94,95,94,21.2,21.2,20.7,1016.1,1016.1,1015.6,0.7,230,1.9,122.6,0.0
A765,08/01/2018,20,23.9,24.1,23.5,89,91,89,22.0,22.4,21.9,1015.5,1015.6,1015.5,0.3,325,1.4,476.4,0.0
A765,08/01/2018,17,23.6,25.2,23.6,89,89,81,21.6,22.0,21.0,1016.2,1016.4,1016.2,1.4,134,3.2,266.0,0.4
A765,08/01/2018,04,22.1,22.1,21.7,93,94,93,20.9,20.9,20.6,1015.3,1016.3,1015.3,0.9,306,1.8,-0.72,0.0
A765,08/01/2018,19,23.6,23.6,22.7,91,93,91,22.0,22.1,21.3,1015.6,1016.0,1015.6,0.7,322,1.8,694.7,1.0
A765,08/01/2018,18,22.8,23.9,22.8,91,92,86,21.3,21.6,21.2,1016.0,1016.2,1016.0,0.8,250,3.5,355.1,0.8
A765,09/01/2018,18,26.6,26.8,25.9,78,81,76,22.5,22.8,21.9,1018.4,1018.6,1018.4,0.9,156,2.9,896.9,0.2
A765,09/01/2018,12,23.6,23.6,22.8,94,95,94,22.5,22.5,21.9,1018.8,1018.8,1018.1,0.9,240,2.3,461.6,0.0
A765,09/01/2018,16,25.8,25.9,25.4,81,82,78,22.4,22.5,21.7,1018.9,1019.1,1018.9,0.7,290,1.5,792.8,0.0
A765,09/01/2018,02,22.5,22.8,22.5,95,96,95,21.7,22.0,21.7,1017.5,1017.7,1017.5,0.8,253,2.1,-0.86,0.6
A765,09/01/2018,21,25.7,26.1,25.7,83,83,80,22.6,22.7,22.2,1018.1,1018.2,1018.0,1.4,201,3.0,430.0,0.0
A765,09/01/2018,06,21.9,22.1,21.9,96,96,96,21.2,21.4,21.2,1015.7,1015.8,1015.6,0.9,260,2.0,-1.69,0.0
A765,09/01/2018,23,24.8,25.1,24.7,89,89,87,22.8,22.9,22.7,1018.5,1018.5,1018.2,0.9,191,2.3,-0.42,0.0
A765,09/01/2018,13,24.4,24.6,23.6,88,94,88,22.4,22.9,22.2,1019.3,1019.3,1018.8,0.7,216,2.3,729.2,0.0
A765,09/01/2018,00,22.8,23.0,22.7,94,95,93,21.8,22.1,21.7,1017.0,1017.0,1016.5,0.8,256,1.7,-0.95,0.4
A765,09/01/2018,03,22.5,22.8,22.5,96,96,95,21.8,22.0,21.7,1016.8,1017.5,1016.8,1.2,248,2.8,-0.88,0.2
A765,09/01/2018,15,25.8,25.9,25.0,78,82,78,21.7,22.2,21.2,1019.0,1019.3,1019.0,0.3,250,1.9,1051.,0.0
A765,09/01/2018,14,25.1,25.5,24.4,82,89,81,21.8,22.5,21.7,1019.3,1019.4,1019.3,0.9,274,1.9,851.5,0.0
A765,09/01/2018,22,25.1,25.7,25.1,87,87,83,22.8,22.8,22.5,1018.2,1018.2,1018.1,0.7,244,3.7,104.7,0.0
A765,09/01/2018,01,22.6,22.8,22.6,95,95,94,21.7,21.9,21.7,1017.6,1017.6,1017.0,0.8,229,2.6,-0.51,0.4
A765,09/01/2018,05,22.1,22.5,22.1,96,96,96,21.4,21.8,21.4,1015.8,1016.3,1015.8,0.8,250,2.5,-1.07,0.0
A765,09/01/2018,04,22.3,22.7,22.3,96,96,96,21.6,22.0,21.6,1016.3,1016.8,1016.3,0.9,242,2.8,-0.28,0.0
A765,09/01/2018,20,26.0,26.9,26.0,80,82,78,22.4,23.0,22.3,1018.0,1018.1,1017.9,1.7,192,3.9,578.3,0.0
A765,09/01/2018,07,21.9,22.0,21.8,96,96,96,21.2,21.3,21.1,1015.8,1015.8,1015.7,1.1,226,1.9,-1.02,0.0
A765,09/01/2018,19,26.8,27.0,26.4,78,81,77,22.7,23.0,22.2,1018.0,1018.4,1017.9,1.6,169,2.9,1015.,0.0
A765,09/01/2018,08,22.2,22.2,21.9,96,96,96,21.5,21.5,21.2,1016.4,1016.4,1015.8,0.7,280,2.1,-0.47,0.0
A765,09/01/2018,17,26.8,26.8,25.5,78,83,76,22.6,22.7,21.8,1018.6,1018.9,1018.6,0.7,229,2.3,1062.,0.0
A765,09/01/2018,11,22.9,22.9,22.2,95,96,95,22.0,22.0,21.4,1018.1,1018.1,1017.4,0.9,261,1.6,299.1,0.2
A765,09/01/2018,09,22.0,22.2,21.9,96,96,95,21.3,21.5,21.1,1016.9,1016.9,1016.4,1.0,309,2.2,7.963,0.0
A765,09/01/2018,10,22.2,22.2,21.9,96,96,96,21.5,21.5,21.2,1017.4,1017.4,1017.0,0.6,270,1.5,126.6,0.0
A765,10/01/2018,06,22.2,22.5,22.1,96,96,96,21.6,21.8,21.4,1017.1,1017.4,1017.1,0.7,248,1.3,-3.35,0.0
A765,10/01/2018,11,25.6,25.6,22.9,78,95,78,21.5,23.1,21.3,1018.3,1018.4,1018.2,0.7,15,1.9,1141.,0.0
A765,10/01/2018,15,29.3,29.7,28.4,71,74,68,23.4,24.1,22.8,1017.7,1018.3,1017.6,2.2,116,5.4,3661.,0.0
A765,10/01/2018,01,24.4,24.6,24.1,90,92,89,22.6,22.8,22.5,1019.1,1019.1,1018.8,0.6,6,2.3,-1.40,0.0
A765,10/01/2018,03,23.2,23.6,23.1,95,95,93,22.2,22.4,22.1,1018.5,1019.0,1018.5,0.4,303,1.3,-3.53,0.0
A765,10/01/2018,23,27.0,27.1,27.0,82,82,80,23.6,23.7,23.3,1016.7,1016.7,1016.4,2.1,136,5.3,-0.04,0.0
A765,10/01/2018,07,22.3,22.3,22.1,96,96,96,21.6,21.7,21.5,1017.2,1017.2,1017.1,0.8,267,1.7,-2.68,0.0
A765,10/01/2018,04,22.7,23.2,22.6,95,95,95,21.9,22.3,21.8,1018.1,1018.5,1018.1,0.5,302,1.5,-3.52,0.0
A765,10/01/2018,12,27.7,28.0,25.5,73,80,71,22.4,22.7,21.5,1018.3,1018.4,1018.3,1.6,112,3.3,1839.,0.0
A765,10/01/2018,21,27.7,28.5,27.6,80,81,77,24.0,24.3,23.5,1015.8,1016.1,1015.7,1.7,120,4.7,543.6,0.0
A765,10/01/2018,14,28.4,28.7,27.7,72,75,71,22.9,23.5,22.4,1018.3,1018.6,1018.3,2.2,127,5.5,2899.,0.0
A765,10/01/2018,13,27.9,28.5,27.5,73,76,71,22.6,23.1,22.2,1018.6,1018.6,1018.3,2.1,129,3.7,2643.,0.0
A765,10/01/2018,22,27.1,27.7,27.1,80,82,78,23.4,24.2,23.3,1016.5,1016.7,1015.8,2.5,121,5.2,87.68,0.0
A765,10/01/2018,16,30.6,30.8,29.2,70,73,66,24.5,24.5,22.8,1017.3,1017.7,1017.3,1.9,130,5.6,3985.,0.0
A765,10/01/2018,19,28.2,28.9,28.1,78,78,75,23.9,24.1,23.4,1016.4,1016.4,1016.2,1.4,137,4.8,701.5,0.0
A765,10/01/2018,17,29.8,30.6,29.4,72,73,68,24.3,24.6,23.4,1016.9,1017.2,1016.8,2.4,116,5.7,2732.,0.0
A765,10/01/2018,00,24.2,24.8,24.2,92,92,89,22.8,22.9,22.7,1018.8,1018.8,1018.5,1.2,305,2.5,-2.48,0.0
A765,10/01/2018,18,28.9,29.8,28.7,75,76,72,23.9,24.6,23.4,1016.3,1016.9,1016.3,2.4,120,5.7,1498.,0.0
A765,10/01/2018,05,22.5,22.8,22.4,96,96,95,21.7,22.0,21.6,1017.4,1018.1,1017.4,0.8,280,1.5,-3.41,0.0
A765,10/01/2018,10,22.9,23.0,21.9,95,96,95,22.1,22.3,21.3,1018.3,1018.4,1018.0,0.9,326,1.8,241.3,0.0
A765,10/01/2018,20,28.0,28.5,27.8,77,79,76,23.5,24.2,23.4,1016.0,1016.5,1015.8,1.8,130,4.0,801.4,0.0
A765,10/01/2018,09,21.9,22.3,21.9,96,96,96,21.3,21.6,21.2,1018.0,1018.0,1017.5,1.1,324,1.9,8.890,0.0
A765,10/01/2018,08,22.3,22.4,22.2,96,96,96,21.7,21.8,21.6,1017.5,1017.5,1017.2,0.5,314,1.4,-2.66,0.0
A765,10/01/2018,02,23.5,24.4,23.5,93,93,90,22.3,22.6,22.3,1019.0,1019.1,1019.0,0.5,270,2.7,-3.58,0.0
A765,11/01/2018,07,24.0,24.2,23.9,94,94,93,23.0,23.1,22.8,1015.0,1015.2,1015.0,0.6,276,2.9,-3.15,0.0
A765,11/01/2018,23,22.7,23.0,22.5,94,94,91,21.6,21.7,21.0,1014.8,1015.0,1014.8,0.8,229,2.7,0.969,0.2
A765,11/01/2018,08,23.7,24.0,23.7,94,94,94,22.7,23.0,22.7,1015.3,1015.3,1015.0,1.0,302,2.0,-2.94,0.0
A765,11/01/2018,18,27.2,27.9,27.1,81,82,77,23.7,23.8,23.3,1013.6,1013.6,1013.5,1.9,171,5.6,444.8,0.0
A765,11/01/2018,00,25.8,27.2,25.8,89,89,80,23.8,23.8,23.4,1017.3,1017.4,1016.7,1.5,273,4.5,-2.28,0.0
A765,11/01/2018,13,29.1,30.1,28.3,70,74,67,23.1,24.2,22.9,1015.7,1015.9,1015.7,2.1,151,4.8,2641.,0.0
A765,11/01/2018,10,24.2,24.3,23.5,94,95,94,23.3,23.3,22.7,1015.7,1015.7,1015.5,0.7,237,2.1,210.6,0.0
A765,11/01/2018,09,23.5,23.8,23.5,95,95,94,22.6,22.8,22.5,1015.5,1015.5,1015.3,0.7,258,1.7,4.027,0.0
A765,11/01/2018,21,25.4,25.4,25.1,92,92,89,24.0,24.0,23.4,1014.0,1014.0,1013.1,1.0,140,4.4,137.8,1.0
A765,11/01/2018,12,28.4,29.0,27.0,72,80,71,22.8,23.7,22.6,1015.9,1016.0,1015.9,1.5,168,4.1,1953.,0.0
A765,11/01/2018,19,26.7,27.3,26.7,83,83,81,23.6,23.9,23.6,1013.0,1013.9,1013.0,1.5,226,4.6,274.9,0.0
A765,11/01/2018,20,25.4,26.7,25.4,90,91,83,23.7,23.9,23.6,1013.5,1013.7,1012.8,1.5,236,4.6,126.2,1.0
A765,11/01/2018,22,23.0,25.5,22.5,91,92,84,21.4,24.1,20.6,1015.0,1015.0,1014.1,0.9,135,7.1,26.90,5.0
A765,11/01/2018,11,27.1,27.1,24.2,81,94,80,23.5,24.0,23.3,1015.9,1015.9,1015.7,1.4,202,3.5,1182.,0.0
A765,11/01/2018,17,27.8,29.2,27.7,78,78,73,23.5,24.3,23.3,1013.6,1014.1,1013.6,2.2,150,5.0,1083.,0.0
A765,11/01/2018,06,24.2,24.4,24.2,93,93,93,23.0,23.2,23.0,1015.2,1015.4,1015.2,0.7,258,2.7,-3.48,0.0
A765,11/01/2018,14,30.1,30.1,28.9,70,74,68,24.0,24.3,22.7,1015.4,1015.8,1015.3,3.2,117,6.3,3406.,0.0
A765,11/01/2018,01,26.8,26.8,25.5,79,90,79,22.9,23.8,22.8,1017.4,1017.4,1017.2,2.1,129,5.5,-2.18,0.0
A765,11/01/2018,16,28.9,30.1,28.6,75,76,71,24.0,25.0,23.5,1014.1,1014.8,1014.1,2.4,122,5.5,2885.,0.0
A765,11/01/2018,02,26.7,26.8,26.7,78,79,78,22.6,22.9,22.5,1017.5,1017.6,1017.4,1.9,118,5.7,-1.97,0.0
A765,11/01/2018,15,29.1,30.1,28.8,75,76,69,24.2,24.6,23.6,1014.8,1015.4,1014.8,2.9,118,6.2,3357.,0.0
A765,11/01/2018,05,24.3,24.8,24.2,93,93,90,23.0,23.2,22.9,1015.4,1015.9,1015.4,0.8,238,2.0,-3.29,0.0
A765,11/01/2018,03,25.7,26.7,25.6,86,86,78,23.1,23.1,22.4,1016.8,1017.5,1016.8,1.0,323,4.6,-2.44,0.0
A765,11/01/2018,04,24.8,25.7,24.6,90,90,86,23.0,23.2,22.8,1015.9,1016.8,1015.9,0.9,215,2.1,-3.42,0.0
A765,12/01/2018,13,26.4,26.6,25.3,76,82,73,21.8,22.1,21.2,1012.5,1012.9,1012.5,0.8,217,2.3,817.0,0.0
A765,12/01/2018,03,23.1,23.2,23.0,95,95,95,22.3,22.4,22.2,1013.2,1013.8,1013.2,0.8,196,3.0,-1.97,0.0
A765,12/01/2018,20,28.1,30.3,28.1,70,70,61,22.0,22.7,21.6,1008.3,1008.9,1008.3,1.9,157,4.3,1356.,0.0
A765,12/01/2018,09,22.6,22.7,22.1,92,94,92,21.2,21.4,21.0,1010.8,1010.8,1010.2,1.4,197,3.5,2.380,0.0
A765,12/01/2018,02,23.2,23.3,22.9,95,95,95,22.4,22.5,22.0,1013.8,1014.5,1013.8,0.6,235,2.5,-1.74,0.0
A765,12/01/2018,18,28.1,28.4,27.8,68,71,67,21.6,22.3,21.3,1010.1,1010.6,1010.1,2.9,151,7.2,1551.,0.0
A765,12/01/2018,19,29.8,30.2,27.9,63,68,61,22.0,22.6,21.0,1008.9,1010.1,1008.9,2.2,108,5.9,1931.,0.0
A765,12/01/2018,21,27.5,28.1,27.5,74,74,70,22.4,22.6,21.9,1008.7,1008.7,1008.3,1.5,234,3.6,270.6,0.0
A765,12/01/2018,12,25.5,25.5,24.8,80,83,79,21.7,22.3,21.4,1012.9,1013.0,1012.3,0.8,261,2.9,811.7,0.0
A765,12/01/2018,22,26.8,27.5,26.8,76,76,73,22.1,22.5,21.8,1009.0,1009.0,1008.7,1.7,201,5.2,84.39,0.0
A765,12/01/2018,10,23.2,23.3,22.5,87,92,87,20.9,21.2,20.7,1011.9,1012.0,1010.8,1.5,182,3.7,107.3,0.0
A765,12/01/2018,05,22.5,23.0,22.5,95,96,95,21.7,22.2,21.7,1011.6,1012.6,1011.6,0.9,28,2.5,-2.43,0.0
A765,12/01/2018,11,24.8,24.8,23.2,81,87,81,21.4,21.8,20.7,1012.3,1012.4,1011.9,0.8,216,3.5,470.2,0.0
A765,12/01/2018,04,23.0,23.2,22.9,95,96,95,22.2,22.4,22.2,1012.6,1013.2,1012.6,1.1,258,3.5,-1.67,0.0
A765,12/01/2018,15,27.5,27.9,26.6,72,75,69,21.9,22.3,21.2,1011.7,1012.4,1011.7,1.0,23,2.4,988.2,0.0
A765,12/01/2018,17,28.2,30.1,28.2,69,69,56,21.9,22.4,20.1,1010.6,1011.2,1010.6,2.9,159,5.6,1149.,0.0
A765,12/01/2018,14,26.9,27.1,26.4,73,77,69,21.6,22.2,21.0,1012.4,1012.7,1012.4,0.6,328,2.0,754.6,0.0
A765,12/01/2018,06,22.4,22.6,22.4,95,95,94,21.6,21.8,21.5,1010.6,1011.6,1010.6,0.7,231,1.9,-2.32,0.0
A765,12/01/2018,16,29.8,29.8,27.4,58,73,57,20.7,22.1,20.1,1011.2,1011.7,1011.1,1.5,127,3.5,1615.,0.0
A765,12/01/2018,08,22.1,22.6,22.0,93,95,92,21.0,21.8,20.8,1010.2,1010.2,1010.0,1.3,107,3.5,-2.82,0.0
A765,12/01/2018,07,22.5,22.7,22.4,95,96,95,21.6,21.9,21.5,1010.0,1010.6,1010.0,1.1,272,2.4,-2.36,0.0
A765,12/01/2018,23,25.8,26.8,25.8,82,82,76,22.6,22.6,22.1,1009.5,1009.5,1009.0,0.4,11,3.8,-1.15,0.0
A765,12/01/2018,00,22.9,22.9,22.6,95,95,94,22.0,22.0,21.6,1014.9,1015.1,1014.8,0.5,343,2.4,-1.54,0.0
A765,12/01/2018,01,22.9,23.1,22.9,95,95,95,22.1,22.3,22.0,1014.5,1014.9,1014.5,0.6,212,2.0,-1.63,0.0
A765,13/01/2018,00,25.1,25.8,25.1,89,89,82,23.0,23.2,22.5,1009.7,1009.7,1009.5,0.4,330,2.0,-3.38,0.0
A765,13/01/2018,23,25.8,26.9,25.8,88,88,81,23.6,23.7,23.2,1008.3,1008.3,1008.1,0.7,330,1.5,-1.27,0.0
A765,13/01/2018,20,27.8,28.7,27.6,71,71,65,22.0,22.1,21.1,1007.9,1008.0,1007.8,1.3,101,3.9,380.6,0.0
A765,13/01/2018,18,29.1,29.4,28.6,60,66,58,20.7,21.9,20.1,1008.5,1009.3,1008.5,1.4,113,2.8,1353.,0.0
A765,13/01/2018,09,25.9,26.1,24.0,64,76,62,18.5,19.5,18.1,1008.4,1008.5,1007.9,1.8,110,5.8,6.794,0.0
A765,13/01/2018,19,28.7,29.9,28.6,65,66,57,21.5,21.8,20.1,1008.0,1008.5,1008.0,1.5,112,3.9,1494.,0.0
A765,13/01/2018,22,26.9,28.2,26.9,81,81,72,23.3,23.3,22.4,1008.1,1008.2,1007.8,0.5,281,2.6,140.3,0.0
A765,13/01/2018,04,28.6,28.9,27.5,54,61,51,18.5,19.3,17.7,1008.1,1009.0,1008.1,4.9,278,9.7,-3.51,0.0
A765,13/01/2018,10,24.8,26.2,24.8,74,74,64,19.8,20.0,18.6,1009.2,1009.3,1008.4,2.6,172,5.0,218.3,0.0
A765,13/01/2018,11,26.0,26.9,24.8,71,74,63,20.4,20.6,19.4,1010.1,1010.1,1009.2,1.7,158,5.0,508.6,0.0
A765,13/01/2018,15,26.6,28.2,26.2,73,77,62,21.4,22.0,20.1,1011.0,1011.3,1011.0,1.2,266,6.3,1083.,0.0
A765,13/01/2018,21,28.2,28.2,27.7,73,74,70,23.0,23.0,21.9,1007.8,1008.0,1007.7,0.6,93,2.4,369.0,0.0
A765,13/01/2018,05,27.4,28.6,27.3,58,59,53,18.3,19.0,17.5,1007.5,1008.3,1007.5,1.5,3,9.4,-3.52,0.0
A765,13/01/2018,14,28.2,29.0,27.4,65,73,60,21.0,22.8,19.8,1011.3,1011.3,1010.7,2.4,182,5.7,1269.,0.0
A765,13/01/2018,13,28.2,28.5,28.0,60,68,60,19.7,21.6,19.7,1010.8,1010.8,1010.5,1.8,234,5.7,783.2,0.0
A765,13/01/2018,12,28.0,28.0,26.1,66,73,66,21.1,21.8,20.4,1010.7,1010.7,1010.1,2.5,147,5.0,796.1,0.0
A765,13/01/2018,01,24.5,25.1,24.5,91,91,88,22.9,23.2,22.9,1009.8,1009.8,1009.6,1.3,35,3.5,-3.31,0.0
A765,13/01/2018,02,26.5,27.0,24.5,79,91,77,22.4,23.1,22.4,1009.8,1010.0,1009.7,1.2,143,3.5,-2.59,0.0
A765,13/01/2018,06,26.0,27.6,25.9,63,63,55,18.3,18.9,17.4,1007.1,1007.7,1007.1,1.9,145,5.8,-3.33,0.0
A765,13/01/2018,08,24.8,25.6,24.5,70,77,66,19.0,20.3,18.9,1007.9,1007.9,1007.2,1.4,135,3.3,-3.55,0.0
A765,13/01/2018,16,27.8,27.8,26.5,71,75,66,22.0,22.1,20.7,1010.5,1011.0,1010.5,0.9,320,2.4,1061.,0.0
A765,13/01/2018,17,28.9,29.5,27.6,65,73,60,21.7,22.5,20.7,1009.3,1010.5,1009.3,1.3,133,3.4,1453.,0.0
A765,13/01/2018,07,24.6,26.6,24.6,71,71,60,19.0,19.1,18.1,1007.3,1007.4,1007.1,0.8,211,3.1,-3.25,0.0
A765,13/01/2018,03,28.1,28.7,26.3,58,79,56,19.1,22.6,19.1,1009.0,1009.8,1009.0,1.8,97,5.6,-1.68,0.0
A765,14/01/2018,18,32.0,33.8,31.5,////,////,////,////,////,////,1008.4,1009.1,1008.4,4.2,100,7.0,3238.,0.0
A765,14/01/2018,04,28.9,29.0,28.2,55,60,54,18.9,19.9,18.9,1010.1,1010.9,1010.1,2.2,8,6.6,-2.13,0.0
A765,14/01/2018,21,23.0,29.6,22.7,94,94,64,22.0,22.0,19.6,1009.7,1010.3,1009.6,1.0,67,16.7,15.45,12.6
A765,14/01/2018,07,25.4,25.4,24.7,77,83,77,21.1,21.9,20.9,1008.9,1009.0,1008.8,0.9,135,2.9,-1.91,0.0
A765,14/01/2018,09,25.1,26.7,25.1,78,78,64,21.0,21.0,19.3,1009.7,1009.7,1008.9,1.1,296,3.4,0.166,0.0
A765,14/01/2018,19,30.3,32.5,29.3,60,66,48,21.7,22.5,18.8,1008.1,1008.4,1008.0,0.8,275,7.0,1265.,0.0
A765,14/01/2018,20,29.6,32.3,29.6,65,66,50,22.2,22.7,19.6,1009.8,1009.8,1007.9,4.5,251,12.2,980.0,0.0
A765,14/01/2018,22,23.1,23.6,22.9,93,94,90,21.8,22.2,21.6,1010.2,1010.2,1009.6,1.5,353,3.7,15.53,0.4
A765,14/01/2018,14,27.8,28.2,26.8,74,77,68,22.7,22.8,21.6,1011.1,1011.4,1011.1,1.3,289,3.5,861.2,0.0
A765,14/01/2018,01,24.9,25.2,24.8,85,89,83,22.1,23.2,21.9,1010.6,1010.6,1009.3,0.7,234,1.9,-1.47,0.0
A765,14/01/2018,11,25.0,25.2,24.4,83,83,79,21.8,21.8,20.9,1010.9,1010.9,1010.3,1.4,257,3.6,198.0,0.0
A765,14/01/2018,10,24.6,25.1,24.4,82,84,77,21.3,21.8,20.6,1010.4,1010.5,1009.7,1.3,239,3.2,50.02,0.0
A765,14/01/2018,05,27.6,28.9,27.5,60,63,55,19.2,19.8,19.0,1009.2,1010.1,1009.2,1.9,40,6.9,-1.99,0.0
A765,14/01/2018,12,26.5,26.5,25.0,76,83,73,21.9,22.1,20.7,1011.3,1011.4,1010.8,1.0,199,3.6,407.3,0.0
A765,14/01/2018,13,26.8,28.1,26.5,75,77,64,21.9,22.5,20.5,1011.4,1011.6,1011.3,1.3,289,3.5,486.9,0.0
A765,14/01/2018,06,25.3,27.8,25.3,77,77,60,21.0,21.2,19.2,1008.9,1009.2,1008.7,1.2,207,4.7,-2.10,0.0
A765,14/01/2018,02,28.5,28.6,24.9,59,86,59,19.8,22.6,19.7,1011.1,1011.1,1010.6,2.7,348,7.5,-3.29,0.0
A765,14/01/2018,00,25.1,25.8,25.1,88,88,84,23.0,23.5,22.6,1009.3,1009.3,1008.3,0.5,319,1.9,-2.96,0.0
A765,14/01/2018,08,26.7,27.5,25.2,64,78,60,19.3,21.3,19.1,1008.9,1009.0,1008.8,1.7,96,4.4,-1.80,0.0
A765,14/01/2018,17,33.8,33.8,31.9,////,////,////,////,////,////,1009.1,1010.0,1009.1,2.5,122,4.3,3706.,0.0
A765,14/01/2018,16,31.8,32.0,29.6,////,////,////,////,////,////,1010.0,1010.7,1010.0,1.7,56,3.5,2241.,0.0
A765,14/01/2018,15,29.7,29.8,27.8,63,75,59,21.8,23.2,20.8,1010.7,1011.1,1010.7,0.8,297,2.8,1563.,0.0
A765,14/01/2018,23,23.5,23.6,23.0,90,93,90,21.8,22.3,21.7,1010.7,1010.8,1010.2,1.8,67,4.8,-0.76,1.0
A765,14/01/2018,03,28.8,29.1,27.6,55,64,55,19.0,20.2,19.0,1010.9,1011.1,1010.9,1.6,32,6.1,-2.14,0.0
A765,15/01/2018,15,30.0,30.3,29.7,64,64,60,22.3,22.3,21.4,1011.5,1011.6,1011.5,1.4,174,3.5,833.8,0.0
A765,15/01/2018,18,32.0,33.4,31.5,////,////,////,////,////,////,1009.8,1010.2,1009.8,3.0,123,6.7,3319.,0.0
A765,15/01/2018,21,29.9,30.9,29.7,66,70,63,22.7,23.7,22.3,1009.6,1009.6,1009.0,2.1,85,4.6,1053.,0.0
A765,15/01/2018,10,28.8,29.6,28.4,57,58,52,19.3,19.7,18.7,1009.8,1009.9,1009.3,2.0,177,6.6,129.3,0.0
A765,15/01/2018,23,27.4,29.7,27.4,83,83,62,24.1,24.1,21.5,1010.7,1010.7,1010.1,0.3,287,2.1,0.968,0.0
A765,15/01/2018,20,30.4,31.6,30.4,66,67,62,23.3,////,////,1009.0,1009.2,1009.0,2.3,125,4.6,1690.,0.0
A765,15/01/2018,09,28.4,28.4,24.5,57,80,57,19.0,21.1,19.0,1009.3,1009.3,1008.8,2.7,137,6.9,15.45,0.0
A765,15/01/2018,19,31.0,32.1,30.6,////,////,////,////,////,////,1009.2,1009.8,1009.2,1.8,105,6.7,2314.,0.0
A765,15/01/2018,04,29.5,29.5,27.7,55,64,55,19.6,20.2,19.3,1010.1,1011.1,1009.8,6.1,350,15.6,-2.90,0.0
A765,15/01/2018,01,24.4,24.4,23.3,85,93,85,21.7,22.2,21.4,1011.6,1011.7,1010.9,1.1,306,7.1,-0.81,0.0
A765,15/01/2018,06,28.9,29.3,28.3,55,58,52,19.0,19.5,18.5,1009.3,1009.6,1009.2,1.9,27,9.3,-3.26,0.0
A765,15/01/2018,12,30.0,31.5,29.7,59,60,46,21.2,21.3,18.4,1010.6,1010.6,1009.9,2.3,105,5.6,950.3,0.0
A765,15/01/2018,11,30.4,30.4,28.8,51,58,50,19.1,19.5,18.8,1010.1,1010.3,1009.7,1.8,220,10.3,418.3,0.0
A765,15/01/2018,14,29.8,30.4,29.3,62,65,57,21.7,22.1,20.8,1011.6,1011.6,1011.2,1.9,148,5.1,972.4,0.0
A765,15/01/2018,02,27.8,28.1,24.4,62,85,62,19.9,21.5,19.9,1011.5,1011.9,1011.5,6.1,349,11.0,0.918,0.0
A765,15/01/2018,13,29.9,30.0,28.9,61,68,58,21.7,22.4,20.5,1011.2,1011.2,1010.7,1.7,98,8.1,647.6,0.0
A765,15/01/2018,05,28.9,30.1,28.0,55,61,51,19.1,20.0,18.6,1009.5,1010.3,1009.3,4.7,298,15.6,-2.46,0.0
A765,15/01/2018,22,29.7,30.5,29.7,62,65,58,21.6,22.4,21.2,1010.1,1010.1,1009.6,1.3,93,3.9,171.8,0.0
A765,15/01/2018,17,32.8,33.0,31.1,////,////,////,////,////,////,1010.1,1010.9,1010.1,3.1,101,5.9,2570.,0.0
A765,15/01/2018,08,25.2,27.9,25.0,73,77,57,20.0,20.9,18.6,1009.0,1009.0,1008.6,1.7,172,4.7,-3.18,0.0
A765,15/01/2018,03,28.0,28.4,27.7,61,63,60,19.7,20.3,19.7,1011.0,1011.7,1011.0,4.2,17,12.5,-2.02,0.0
A765,15/01/2018,00,23.3,23.9,23.0,92,92,89,22.0,22.0,21.5,1010.9,1010.9,1010.6,1.1,143,5.1,-2.29,0.2
A765,15/01/2018,07,27.5,29.3,26.6,59,68,52,18.9,20.4,18.3,1008.6,1009.3,1008.6,1.3,70,5.5,-3.25,0.0
A765,15/01/2018,16,31.4,32.0,29.8,////,////,////,////,////,////,1010.9,1011.5,1010.9,2.0,134,3.8,1771.,0.0
A765,16/01/2018,13,28.9,30.2,28.8,77,78,70,24.3,25.0,23.7,1014.0,1014.0,1013.8,2.6,103,4.8,2252.,0.0
A765,16/01/2018,04,28.5,28.8,28.2,59,60,57,19.7,19.9,19.5,1012.6,1013.0,1012.5,2.1,216,8.3,-2.16,0.0
A765,16/01/2018,23,24.8,25.2,24.8,92,92,90,23.4,23.8,23.3,1013.1,1013.1,1012.4,0.9,267,2.8,-0.45,0.0
A765,16/01/2018,09,25.3,25.9,25.3,83,83,81,22.2,22.5,22.0,1013.0,1013.0,1012.2,1.7,314,3.0,3.044,0.0
A765,16/01/2018,16,31.2,31.6,29.8,////,72,61,////,24.6,22.9,1013.8,1013.8,1013.7,2.9,115,5.2,3195.,0.0
A765,16/01/2018,02,29.2,30.5,27.3,58,80,56,20.1,23.6,20.1,1012.6,1012.7,1012.1,2.4,28,9.2,-2.63,0.0
A765,16/01/2018,08,25.5,25.7,25.4,82,82,80,22.2,22.3,21.9,1012.2,1012.2,1011.2,0.8,168,3.6,-1.72,0.0
A765,16/01/2018,03,28.6,29.2,28.3,58,61,58,19.6,20.4,19.6,1012.8,1012.9,1012.6,2.8,257,7.4,-2.91,0.0
A765,16/01/2018,10,25.9,25.9,25.2,83,85,83,22.9,23.0,22.2,1013.3,1013.3,1013.0,0.9,201,3.0,158.9,0.0
A765,16/01/2018,06,26.7,29.3,26.7,69,69,55,20.4,20.7,19.1,1011.3,1011.6,1011.3,2.4,180,10.3,-3.29,0.0
A765,16/01/2018,05,28.7,29.2,28.4,57,59,55,19.4,19.8,19.3,1011.6,1012.6,1011.4,4.8,4,10.3,-2.88,0.0
A765,16/01/2018,01,27.6,27.6,26.7,77,85,77,23.1,24.0,23.0,1012.2,1012.2,1011.6,0.7,15,2.6,-2.04,0.0
A765,16/01/2018,12,29.0,29.0,27.6,76,80,73,24.3,24.5,23.2,1013.8,1013.8,1013.4,1.7,148,4.2,1647.,0.0
A765,16/01/2018,11,27.5,27.5,25.7,80,84,79,23.8,23.8,22.5,1013.4,1013.6,1013.3,0.7,230,2.9,652.5,0.0
A765,16/01/2018,22,25.2,25.5,24.8,90,91,86,23.4,23.8,22.9,1012.5,1012.8,1012.4,1.3,255,3.3,131.5,1.0
A765,16/01/2018,18,30.8,31.7,30.4,////,////,////,////,////,////,1013.3,1013.6,1013.2,3.4,108,7.2,3193.,0.0
A765,16/01/2018,14,29.9,30.1,28.8,68,78,68,23.3,25.0,23.3,1014.1,1014.1,1014.0,1.9,128,4.2,2098.,0.0
A765,16/01/2018,19,29.3,31.4,29.0,72,75,68,23.6,25.4,23.3,1012.8,1013.3,1012.8,3.0,104,7.2,1877.,0.0
A765,16/01/2018,17,31.2,32.2,30.4,////,////,////,////,////,////,1013.6,1013.8,1013.5,2.1,118,6.0,2689.,0.0
A765,16/01/2018,20,28.7,29.4,28.5,71,74,69,22.9,23.8,22.6,1012.7,1012.8,1012.5,1.3,110,5.6,545.2,0.0
A765,16/01/2018,21,25.2,28.8,25.2,86,87,68,22.8,23.0,21.9,1012.7,1013.0,1012.5,1.1,297,6.6,202.8,4.4
A765,16/01/2018,00,26.8,27.4,26.8,84,84,80,23.9,24.2,23.6,1011.6,1011.6,1010.7,0.4,318,1.7,-1.32,0.0
A765,16/01/2018,15,29.9,30.5,29.4,72,73,63,24.2,24.8,22.5,1013.8,1014.1,1013.8,2.5,121,4.5,2285.,0.0
A765,16/01/2018,07,25.7,26.7,25.7,80,80,69,22.0,22.0,20.4,1011.3,1011.3,1011.2,0.9,248,4.0,-3.45,0.0
A765,17/01/2018,04,23.8,24.4,23.8,94,94,92,22.7,23.1,22.6,1014.0,1014.6,1014.0,0.6,262,2.0,-3.48,0.0
A765,17/01/2018,22,27.3,27.9,27.3,84,84,81,24.4,24.6,24.3,1012.2,1012.3,1011.8,0.5,62,3.4,149.8,0.0
A765,17/01/2018,23,26.1,27.3,26.1,93,93,84,24.9,25.1,24.5,1012.3,1012.4,1012.1,0.8,272,2.1,-0.39,0.0
A765,17/01/2018,21,27.9,28.4,27.9,81,85,79,24.3,25.6,24.0,1011.8,1011.8,1011.2,1.8,100,3.6,665.2,0.0
A765,17/01/2018,03,24.2,24.3,24.1,92,93,91,22.9,23.0,22.7,1014.6,1014.6,1014.4,1.1,288,2.8,-3.03,0.0
A765,17/01/2018,11,26.5,26.6,24.1,84,94,83,23.6,23.8,23.1,1014.4,1014.4,1014.1,0.6,17,1.5,1145.,0.0
A765,17/01/2018,05,24.0,24.1,23.7,95,95,94,23.0,23.2,22.7,1013.4,1014.0,1013.4,1.2,297,1.7,-3.49,0.0
A765,17/01/2018,01,24.3,24.3,24.0,93,94,89,23.0,23.2,22.3,1014.3,1014.3,1013.6,1.5,199,2.8,-3.04,0.0
A765,17/01/2018,08,23.8,23.9,23.6,95,95,93,23.0,23.0,22.5,1013.0,1013.0,1012.6,0.6,290,1.2,-3.54,0.0
A765,17/01/2018,13,29.5,30.0,28.9,75,78,72,24.6,25.1,23.7,1014.6,1014.7,1014.6,2.4,108,5.2,2764.,0.0
A765,17/01/2018,06,24.0,24.4,23.9,94,95,94,23.0,23.4,23.0,1012.8,1013.4,1012.7,0.6,353,1.9,-3.51,0.0
A765,17/01/2018,10,24.1,24.1,23.4,94,94,93,23.1,23.1,22.2,1014.1,1014.1,1013.3,0.5,250,2.4,128.2,0.0
A765,17/01/2018,18,26.4,27.2,26.0,93,94,85,25.2,25.3,24.6,1013.2,1013.8,1013.2,1.0,298,4.0,295.2,3.8
A765,17/01/2018,07,23.6,24.0,23.6,93,94,93,22.5,23.0,22.5,1012.6,1012.8,1012.6,0.5,260,1.9,-3.59,0.0
A765,17/01/2018,09,23.6,24.1,23.6,93,95,93,22.4,23.2,22.4,1013.3,1013.3,1013.0,1.1,352,2.4,0.670,0.0
A765,17/01/2018,12,28.9,28.9,26.5,75,84,74,23.9,24.4,23.0,1014.6,1014.7,1014.4,1.0,142,2.8,1982.,0.0
A765,17/01/2018,15,29.6,31.0,29.6,75,76,71,24.8,25.4,24.4,1014.1,1014.4,1014.1,2.8,151,5.8,3671.,0.0
A765,17/01/2018,17,27.2,29.0,27.2,85,85,76,24.5,24.9,24.2,1013.6,1014.1,1013.5,1.0,244,5.4,511.1,0.0
A765,17/01/2018,14,30.3,30.4,29.4,74,77,73,25.3,25.3,24.4,1014.4,1014.6,1014.4,2.2,121,5.5,2997.,0.0
A765,17/01/2018,16,28.9,30.0,28.1,78,81,74,24.6,25.3,23.9,1014.1,1014.2,1013.9,2.8,162,5.9,1459.,0.0
A765,17/01/2018,19,26.4,26.7,26.4,93,94,93,25.2,25.6,25.2,1012.3,1013.2,1012.2,0.5,13,1.8,413.7,0.6
A765,17/01/2018,00,24.2,24.9,24.2,89,92,89,22.3,23.5,22.3,1013.6,1013.6,1013.1,1.1,298,3.1,-2.39,0.0
A765,17/01/2018,20,28.3,28.6,26.4,85,94,84,25.6,26.2,25.0,1011.8,1012.4,1011.8,0.6,68,2.1,1218.,0.0
A765,17/01/2018,02,24.3,25.0,24.2,92,93,90,22.9,23.3,22.7,1014.5,1014.5,1014.2,1.5,344,3.7,-1.77,0.0
A765,18/01/2018,21,29.5,29.8,29.2,81,82,79,25.8,26.1,25.5,1009.7,1009.8,1009.2,0.6,31,4.2,362.9,0.0
A765,18/01/2018,22,28.3,29.6,28.3,86,86,80,25.7,26.0,25.5,1010.5,1010.6,1009.6,1.5,342,4.5,153.8,0.0
A765,18/01/2018,03,24.7,25.2,24.6,95,95,94,23.9,24.2,23.8,1013.0,1013.3,1013.0,1.1,293,1.7,-3.48,0.0
A765,18/01/2018,23,27.7,28.3,27.7,86,88,78,25.0,25.7,24.1,1010.3,1010.7,1010.3,0.8,323,3.3,0.093,0.0
A765,18/01/2018,01,25.3,25.7,25.3,95,95,94,24.3,24.8,24.3,1013.0,1013.1,1012.7,0.6,248,2.2,-3.58,0.0
A765,18/01/2018,10,25.1,25.4,24.8,94,95,93,24.0,24.4,23.9,1012.1,1012.4,1012.1,1.0,360,3.0,141.3,0.0
A765,18/01/2018,02,25.0,25.3,25.0,94,95,94,24.1,24.3,24.1,1013.0,1013.2,1012.9,1.0,351,2.1,-3.59,0.0
A765,18/01/2018,18,31.3,31.3,30.2,////,80,75,////,26.6,26.0,1009.4,1009.7,1009.2,2.4,118,5.9,2247.,0.0
A765,18/01/2018,05,24.7,25.2,24.7,95,96,95,23.8,24.4,23.7,1012.1,1012.7,1012.1,0.4,320,1.9,-3.46,0.0
A765,18/01/2018,12,29.3,29.4,27.1,76,88,76,24.7,25.2,24.2,1011.8,1012.1,1011.7,0.4,291,1.5,1861.,0.0
A765,18/01/2018,11,27.3,27.3,25.0,88,94,87,25.1,25.1,23.8,1012.0,1012.4,1012.0,0.8,13,2.2,734.8,0.0
A765,18/01/2018,16,31.2,31.8,30.3,////,////,////,////,////,////,1010.3,1010.7,1010.2,2.8,139,6.9,3438.,0.0
A765,18/01/2018,15,31.6,32.6,30.9,////,////,////,////,////,////,1010.6,1011.3,1010.6,3.3,113,6.7,3443.,0.0
A765,18/01/2018,06,24.3,24.8,24.3,95,95,94,23.4,23.9,23.4,1011.5,1012.1,1011.5,0.6,234,2.2,-3.30,0.0
A765,18/01/2018,14,32.2,32.5,30.6,////,////,////,////,////,////,1011.3,1011.9,1011.3,2.1,140,4.1,2877.,0.0
A765,18/01/2018,08,24.9,25.3,24.9,95,96,95,24.1,24.5,24.1,1011.4,1011.5,1011.1,1.1,223,2.8,-1.86,0.0
A765,18/01/2018,13,30.6,31.3,29.2,71,78,68,24.7,25.4,24.4,1011.9,1012.1,1011.8,1.3,171,3.1,1410.,0.0
A765,18/01/2018,07,24.9,25.0,24.3,95,96,95,24.1,24.2,23.4,1011.3,1011.5,1011.2,0.9,270,2.1,-1.91,0.0
A765,18/01/2018,20,29.7,31.0,29.6,80,82,76,25.8,26.8,25.6,1009.2,1009.2,1008.9,2.1,118,4.8,1496.,0.0
A765,18/01/2018,17,30.4,32.4,29.6,79,////,////,26.4,////,////,1009.7,1010.3,1009.7,1.5,142,6.1,1316.,0.0
A765,18/01/2018,04,25.2,25.2,24.7,96,96,95,24.5,24.5,23.9,1012.7,1013.0,1012.7,0.8,280,3.2,-2.99,0.0
A765,18/01/2018,09,25.4,25.5,24.9,95,96,95,24.6,24.7,24.1,1012.2,1012.2,1011.4,0.9,291,2.7,9.418,0.0
A765,18/01/2018,19,29.6,31.5,29.5,82,82,76,26.2,26.6,25.7,1009.0,1009.6,1009.0,2.4,101,4.9,993.5,0.0
A765,18/01/2018,00,25.7,26.1,25.7,94,95,93,24.8,24.9,24.7,1012.9,1013.0,1012.3,0.6,245,1.7,-3.54,0.0
A765,19/01/2018,13,31.1,31.4,28.4,////,71,64,////,24.0,22.3,1013.0,1013.0,1012.7,1.6,176,4.5,2370.,0.0
A765,19/01/2018,14,29.8,31.4,29.5,75,75,65,24.9,////,////,1013.2,1013.2,1013.0,3.4,151,6.9,2776.,0.0
A765,19/01/2018,06,26.6,28.2,26.5,72,72,60,21.2,21.2,19.3,1011.8,1011.8,1011.1,1.1,200,3.2,-2.51,0.0
A765,19/01/2018,03,26.3,26.3,25.8,90,92,90,24.5,24.7,24.4,1012.0,1012.0,1011.5,1.7,326,5.8,-2.79,0.0
A765,19/01/2018,15,29.8,30.5,29.3,74,76,72,24.6,25.1,24.4,1013.5,1013.5,1013.2,3.2,160,7.9,2370.,0.0
A765,19/01/2018,16,29.3,29.8,28.9,73,75,72,23.9,24.7,23.6,1013.5,1013.6,1013.5,1.6,194,7.0,957.7,0.0
A765,19/01/2018,01,26.8,27.2,26.7,90,91,89,25.0,25.5,25.0,1011.3,1011.3,1010.5,1.3,354,1.9,-3.52,0.0
A765,19/01/2018,05,27.4,30.0,26.6,66,72,52,20.5,21.5,18.9,1011.1,1011.7,1010.6,1.2,47,9.6,-3.27,0.0
A765,19/01/2018,12,28.4,28.4,26.4,70,82,70,22.4,23.1,22.4,1012.7,1012.7,1012.3,1.7,203,4.8,909.4,0.0
A765,19/01/2018,02,26.3,26.8,26.1,91,91,89,24.6,25.1,24.5,1011.6,1011.7,1011.2,0.9,302,1.9,-3.53,0.0
A765,19/01/2018,04,29.0,29.3,26.4,58,90,58,19.9,24.6,19.9,1011.7,1012.1,1011.5,4.5,298,10.8,-3.59,0.0
A765,19/01/2018,10,25.2,25.2,24.6,86,89,86,22.8,22.9,22.2,1011.8,1011.9,1011.4,0.4,293,1.7,188.7,0.0
A765,19/01/2018,23,25.9,26.2,25.9,92,92,89,24.5,24.6,24.0,1013.9,1013.9,1013.5,1.0,315,1.9,1.162,0.0
A765,19/01/2018,00,27.1,27.7,27.1,90,91,86,25.4,25.8,25.0,1010.5,1010.6,1010.3,0.6,242,2.3,-3.24,0.0
A765,19/01/2018,19,27.7,28.5,27.7,79,79,74,23.8,24.0,23.2,1013.0,1013.3,1013.0,1.4,164,4.3,440.3,0.0
A765,19/01/2018,07,25.7,26.6,25.6,79,79,72,21.9,21.9,20.9,1011.9,1012.2,1011.7,0.6,311,4.1,-2.53,0.0
A765,19/01/2018,17,28.8,29.6,28.7,72,72,68,23.2,23.9,22.8,1013.5,1013.6,1013.4,1.0,248,4.1,787.3,0.0
A765,19/01/2018,09,24.8,25.0,24.6,87,87,82,22.4,22.4,21.6,1011.5,1011.8,1011.4,0.5,290,1.7,0.808,0.0
A765,19/01/2018,08,25.0,25.7,25.0,82,84,78,21.6,22.2,21.6,1011.8,1012.0,1011.7,0.6,230,2.3,-2.16,0.0
A765,19/01/2018,18,28.5,28.9,28.5,74,75,70,23.5,23.8,22.7,1013.1,1013.6,1013.1,1.9,201,4.3,1042.,0.0
A765,19/01/2018,20,26.9,27.8,26.9,83,83,79,23.8,24.1,23.4,1013.3,1013.3,1013.0,1.5,145,3.8,309.7,0.2
A765,19/01/2018,11,26.6,26.7,25.2,78,86,77,22.5,23.2,22.4,1012.3,1012.3,1011.8,1.2,232,2.7,662.0,0.0
A765,19/01/2018,21,26.5,26.9,26.4,88,89,83,24.4,24.5,23.7,1013.3,1013.4,1013.2,0.5,334,3.8,192.4,0.6
A765,19/01/2018,22,26.1,26.5,26.0,89,89,88,24.1,24.5,24.0,1013.6,1013.6,1013.3,0.6,230,1.8,71.43,0.0
A765,20/01/2018,05,24.1,24.4,23.9,96,96,95,23.4,23.7,23.1,1013.2,1013.7,1013.2,0.8,307,2.5,-1.84,0.0
A765,20/01/2018,15,28.6,29.7,28.4,75,77,70,23.8,24.8,23.1,1014.3,1014.5,1014.3,2.4,150,5.3,2703.,0.2
A765,20/01/2018,16,28.4,29.3,28.1,78,79,75,24.2,24.5,23.5,1014.3,1014.5,1014.3,2.5,169,7.3,2210.,0.0
A765,20/01/2018,12,26.4,26.4,24.6,86,94,86,23.9,24.1,23.6,1014.6,1014.7,1014.5,0.4,287,1.6,791.1,0.0
A765,20/01/2018,14,28.9,29.1,27.5,73,80,71,23.6,24.3,22.6,1014.5,1014.6,1014.5,1.5,133,3.1,2134.,0.0
A765,20/01/2018,13,27.6,27.6,26.2,78,86,78,23.5,23.8,22.8,1014.6,1014.6,1014.5,0.5,308,1.3,1288.,0.0
A765,20/01/2018,11,24.7,24.8,24.4,94,95,94,23.7,23.8,23.3,1014.7,1014.7,1014.2,0.7,234,2.0,226.2,0.0
A765,20/01/2018,00,25.6,25.9,25.5,93,93,91,24.3,24.5,24.1,1014.5,1014.6,1013.8,0.9,43,2.8,-1.79,0.4
A765,20/01/2018,06,24.3,24.5,24.1,95,96,95,23.5,23.7,23.4,1013.1,1013.2,1013.1,0.9,257,2.9,-1.90,0.0
A765,20/01/2018,23,23.8,23.8,23.2,94,95,93,22.8,22.8,22.0,1013.5,1013.8,1013.3,1.2,297,3.6,0.426,1.2
A765,20/01/2018,07,24.1,24.4,24.1,95,96,95,23.4,23.6,23.4,1013.1,1013.2,1013.0,0.8,254,2.7,-2.12,0.0
A765,20/01/2018,04,23.9,24.3,23.8,95,95,94,23.0,23.3,22.8,1013.7,1014.1,1013.7,0.8,309,1.5,-3.18,0.0
A765,20/01/2018,19,27.8,28.4,27.8,80,80,76,24.0,24.4,23.5,1013.5,1013.5,1012.9,2.2,133,5.9,933.5,0.0
A765,20/01/2018,01,24.6,25.7,24.6,94,95,93,23.5,24.5,23.5,1014.6,1014.6,1014.2,1.6,304,2.6,-2.38,1.2
A765,20/01/2018,02,24.0,24.6,24.0,93,94,92,22.9,23.4,22.8,1014.7,1014.7,1014.6,0.7,11,2.6,-2.56,0.6
A765,20/01/2018,17,28.4,28.8,27.8,78,80,76,24.3,24.5,23.7,1013.8,1014.3,1013.8,2.8,159,5.8,1806.,0.0
A765,20/01/2018,08,24.0,24.5,24.0,95,96,95,23.2,23.7,23.1,1013.3,1013.3,1013.1,0.7,255,2.3,-2.68,0.0
A765,20/01/2018,18,28.0,28.6,27.9,78,80,77,23.9,24.4,23.7,1013.3,1013.8,1013.3,2.4,160,5.8,1235.,0.0
A765,20/01/2018,22,23.3,27.3,23.1,93,93,81,22.1,24.3,21.8,1013.8,1013.9,1012.8,1.4,37,9.4,53.90,2.4
A765,20/01/2018,03,24.1,24.2,23.9,94,94,93,23.1,23.1,22.8,1014.1,1014.7,1014.1,0.6,304,1.7,-3.17,0.0
A765,20/01/2018,10,24.4,24.4,23.8,94,95,94,23.3,23.4,22.9,1014.2,1014.3,1013.9,0.6,238,1.8,95.27,0.0
A765,20/01/2018,20,27.3,27.8,27.2,83,83,80,24.0,24.3,23.8,1012.8,1013.5,1012.8,1.9,145,5.9,481.1,0.0
A765,20/01/2018,09,23.9,24.4,23.9,95,95,95,23.0,23.6,23.0,1013.9,1013.9,1013.3,0.8,241,2.1,1.045,0.0
A765,20/01/2018,21,27.2,27.3,27.0,83,84,82,24.0,24.3,24.0,1012.8,1012.9,1012.6,2.2,133,6.0,202.9,0.0
A765,21/01/2018,13,29.9,30.3,27.3,63,78,61,22.0,23.6,21.6,1013.2,1013.5,1013.2,2.0,124,3.8,2892.,0.0
A765,21/01/2018,05,23.4,23.7,23.4,93,95,93,22.3,22.8,22.3,1012.9,1013.3,1012.9,1.5,272,3.0,-2.08,0.0
A765,21/01/2018,01,23.8,23.9,23.6,95,95,95,23.0,23.1,22.8,1013.8,1013.8,1013.2,0.6,256,3.0,-2.22,0.0
A765,21/01/2018,16,29.2,30.2,28.7,75,77,72,24.3,24.7,24.0,1012.0,1012.4,1012.0,2.5,118,6.3,1524.,0.0
A765,21/01/2018,12,27.3,27.3,26.4,78,83,77,23.1,23.6,22.6,1013.5,1013.6,1013.4,2.0,195,3.8,1379.,0.0
A765,21/01/2018,15,30.2,30.5,29.0,72,75,67,24.5,24.7,23.6,1012.4,1012.8,1012.4,2.4,114,5.5,2683.,0.0
A765,21/01/2018,14,30.3,30.6,29.7,////,71,60,////,24.3,21.6,1012.8,1013.3,1012.8,2.9,115,4.6,3128.,0.2
A765,21/01/2018,23,26.4,27.3,26.4,88,88,83,24.2,24.4,24.1,1010.7,1010.7,1010.1,0.7,318,2.9,-0.32,0.0
A765,21/01/2018,06,23.5,23.6,23.2,95,95,93,22.7,22.7,22.2,1012.7,1012.9,1012.7,1.2,275,2.8,-2.27,0.0
A765,21/01/2018,07,23.7,23.7,23.3,95,96,95,22.9,23.0,22.5,1012.4,1012.7,1012.2,0.8,206,2.6,-1.26,0.0
A765,21/01/2018,02,24.0,24.2,23.8,95,96,95,23.1,23.4,22.9,1013.8,1013.9,1013.8,0.7,334,2.3,-1.87,0.0
A765,21/01/2018,03,23.7,24.1,23.6,94,95,93,22.6,23.1,22.5,1014.1,1014.1,1013.8,1.2,323,2.9,-1.80,0.0
A765,21/01/2018,11,26.4,26.5,24.5,83,92,83,23.3,23.8,23.1,1013.4,1013.4,1013.2,1.0,221,3.0,891.5,0.0
A765,21/01/2018,08,23.5,24.2,23.5,93,96,93,22.4,23.2,22.4,1012.6,1012.6,1012.4,0.9,248,3.6,-1.18,0.0
A765,21/01/2018,22,27.3,28.4,27.3,83,83,75,24.2,24.3,23.4,1010.1,1010.1,1009.5,1.2,290,2.6,84.08,0.0
A765,21/01/2018,04,23.5,23.9,23.5,95,95,94,22.7,23.1,22.6,1013.3,1014.1,1013.3,0.9,312,2.8,-1.92,0.0
A765,21/01/2018,09,23.5,23.8,23.3,94,94,93,22.5,22.6,22.1,1012.9,1012.9,1012.6,0.8,331,2.1,2.260,0.0
A765,21/01/2018,10,24.5,24.6,23.4,92,94,90,23.1,23.3,22.0,1013.2,1013.2,1012.9,0.5,242,2.4,253.7,0.0
A765,21/01/2018,00,23.8,24.0,23.5,95,95,94,22.9,23.1,22.6,1013.5,1013.6,1013.4,0.7,243,2.8,-2.31,0.0
A765,21/01/2018,17,29.0,29.3,28.8,75,77,74,24.1,24.7,23.9,1011.4,1012.0,1011.4,2.2,115,5.2,1364.,0.0
A765,21/01/2018,18,28.9,29.4,28.7,75,77,74,24.1,24.7,24.0,1011.0,1011.4,1011.0,2.3,145,4.9,1244.,0.0
A765,21/01/2018,21,28.3,29.0,28.3,75,76,74,23.5,24.2,23.5,1009.6,1010.1,1009.6,1.4,146,4.5,541.6,0.0
A765,21/01/2018,19,28.5,30.2,28.3,78,79,72,24.2,25.2,23.8,1010.5,1011.1,1010.4,1.7,133,4.3,875.8,0.0
A765,21/01/2018,20,28.7,28.7,28.3,76,79,76,23.9,24.4,23.9,1010.1,1010.5,1010.1,2.1,118,4.5,536.4,0.0
A765,22/01/2018,23,27.3,28.6,27.3,85,85,76,24.5,24.6,23.6,1008.2,1008.2,1007.5,0.5,352,4.1,0.308,0.0
A765,22/01/2018,22,28.6,29.4,28.6,77,79,64,24.1,24.7,21.9,1007.5,1007.5,1007.3,1.5,67,5.6,187.1,0.0
A765,22/01/2018,05,24.7,25.3,24.7,93,93,91,23.4,23.8,23.4,1010.3,1011.0,1010.3,0.6,330,2.1,-2.72,0.0
A765,22/01/2018,18,31.8,32.0,30.5,////,////,////,////,////,////,1007.0,1008.0,1007.0,2.8,120,5.9,3130.,0.0
A765,22/01/2018,06,24.5,24.7,24.5,94,94,93,23.5,23.6,23.4,1009.2,1010.3,1009.2,0.6,271,1.7,-2.18,0.0
A765,22/01/2018,15,30.3,31.8,30.3,////,////,////,////,////,////,1009.3,1010.0,1009.3,3.0,153,5.7,3658.,0.0
A765,22/01/2018,13,30.1,30.2,28.8,71,78,69,24.3,24.9,23.8,1010.6,1010.8,1010.6,1.0,201,3.8,2152.,0.0
A765,22/01/2018,12,29.2,29.2,27.1,76,87,76,24.5,25.0,23.7,1010.7,1010.7,1010.3,1.4,192,3.2,1579.,0.0
A765,22/01/2018,11,27.1,27.1,24.5,87,95,87,24.8,24.9,23.7,1010.3,1010.4,1010.1,0.6,268,1.3,1050.,0.0
A765,22/01/2018,14,31.0,31.5,30.2,////,////,////,////,////,////,1010.0,1010.6,1010.0,2.7,112,5.4,3312.,0.0
A765,22/01/2018,17,31.9,32.2,30.5,////,////,////,////,////,////,1008.0,1008.7,1008.0,2.5,118,5.8,3609.,0.0
A765,22/01/2018,01,25.7,26.0,25.7,92,92,90,24.3,24.5,24.2,1011.6,1011.6,1011.3,0.6,287,1.8,-2.92,0.0
A765,22/01/2018,16,31.5,31.7,30.3,////,////,////,////,////,////,1008.7,1009.3,1008.7,2.2,141,5.8,3713.,0.0
A765,22/01/2018,04,25.2,26.2,25.1,91,91,89,23.6,24.3,23.4,1011.0,1011.7,1011.0,0.8,158,2.5,-1.10,0.0
A765,22/01/2018,02,25.7,25.8,25.6,93,93,92,24.4,24.5,24.3,1012.0,1012.0,1011.6,1.0,263,2.0,-2.21,0.0
A765,22/01/2018,19,30.3,31.9,30.2,72,////,////,24.6,////,////,1007.2,1007.4,1006.9,2.6,136,5.9,1862.,0.0
A765,22/01/2018,03,26.2,26.2,25.7,90,93,90,24.3,24.5,24.3,1011.7,1012.1,1011.7,1.0,214,2.8,-0.94,0.0
A765,22/01/2018,10,24.5,24.7,24.2,95,96,95,23.7,24.0,23.5,1010.1,1010.2,1009.8,0.7,347,2.0,139.5,0.0
A765,22/01/2018,07,24.4,24.5,24.4,95,95,94,23.5,23.5,23.4,1008.8,1009.2,1008.8,0.6,295,1.4,-2.54,0.0
A765,22/01/2018,21,29.4,30.3,29.3,67,79,67,22.6,25.7,22.6,1007.3,1007.4,1006.6,2.6,68,5.7,728.0,0.0
A765,22/01/2018,08,24.3,24.4,24.2,95,95,95,23.5,23.5,23.4,1009.0,1009.0,1008.7,0.8,257,1.5,-2.90,0.0
A765,22/01/2018,00,26.0,26.4,26.0,90,91,88,24.3,24.5,24.3,1011.3,1011.3,1010.7,0.7,237,2.4,-2.95,0.0
A765,22/01/2018,09,24.4,24.6,24.3,96,96,95,23.6,23.9,23.5,1009.8,1009.8,1009.0,1.1,288,2.1,3.553,0.0
A765,22/01/2018,20,29.3,30.5,29.2,78,78,71,25.0,25.4,24.5,1007.4,1007.6,1007.0,0.9,90,5.5,650.3,0.0
A765,23/01/2018,22,29.8,30.3,29.5,75,78,74,24.9,25.5,24.8,1007.4,1007.4,1006.5,1.5,135,5.2,160.2,0.0
A765,23/01/2018,16,31.9,31.9,31.0,////,////,////,////,////,////,1008.9,1009.4,1008.9,3.2,119,5.9,3916.,0.0
A765,23/01/2018,12,30.9,30.9,29.3,63,67,58,23.1,23.1,21.0,1009.0,1009.2,1009.0,3.0,101,6.1,1718.,0.0
A765,23/01/2018,08,24.3,24.9,24.3,90,90,85,22.5,22.6,22.0,1009.1,1009.2,1009.1,1.5,312,2.8,-3.35,0.0
A765,23/01/2018,14,30.2,31.5,30.0,////,69,65,////,////,////,1009.5,1009.5,1009.1,2.1,121,5.3,2713.,0.0
A765,23/01/2018,07,24.9,24.9,24.6,86,86,83,22.3,22.3,21.8,1009.2,1010.0,1009.2,0.7,313,3.2,-3.03,0.0
A765,23/01/2018,13,30.7,31.1,29.9,67,68,61,23.8,23.8,22.3,1009.2,1009.3,1009.0,2.5,114,6.4,2481.,0.0
A765,23/01/2018,06,24.9,25.4,24.9,84,84,82,22.0,22.3,21.9,1010.0,1010.4,1010.0,1.5,345,3.1,-3.18,0.0
A765,23/01/2018,15,31.2,31.5,29.8,////,69,59,////,24.0,22.2,1009.3,1009.6,1009.3,3.0,110,5.8,2608.,0.0
A765,23/01/2018,09,24.6,24.7,24.2,85,90,85,22.0,22.5,21.8,1008.9,1009.0,1008.7,1.7,328,3.3,-1.11,0.0
A765,23/01/2018,21,30.1,31.1,30.0,75,76,71,25.1,25.7,25.0,1006.5,1007.3,1006.5,2.4,124,5.2,1114.,0.0
A765,23/01/2018,00,27.1,27.3,26.7,84,87,84,24.2,24.6,24.1,1008.6,1008.9,1008.2,0.7,134,2.5,-3.59,0.0
A765,23/01/2018,17,31.6,32.3,30.8,////,////,////,////,////,////,1008.2,1008.9,1008.2,3.2,121,6.8,3393.,0.0
A765,23/01/2018,19,31.2,31.5,30.6,////,////,////,////,////,////,1007.8,1008.1,1007.6,2.5,123,6.4,2732.,0.0
A765,23/01/2018,18,31.2,31.9,30.9,////,////,////,////,////,////,1007.7,1008.2,1007.7,3.3,123,6.6,3282.,0.0
A765,23/01/2018,20,31.0,31.3,30.2,////,74,70,////,////,////,1007.3,1007.9,1007.3,2.5,120,5.2,1526.,0.0
A765,23/01/2018,02,28.4,28.4,26.4,71,89,69,22.5,24.4,22.1,1009.5,1009.9,1009.4,1.0,93,6.0,-3.09,0.0
A765,23/01/2018,05,25.4,25.7,25.4,83,83,80,22.2,22.4,21.9,1010.4,1011.5,1010.4,1.4,291,5.7,-3.30,0.0
A765,23/01/2018,23,27.6,30.0,27.6,87,87,71,25.2,25.7,24.1,1008.1,1008.2,1007.4,1.1,350,3.1,-1.29,0.0
A765,23/01/2018,11,29.3,29.3,24.4,67,88,67,22.5,23.0,22.1,1009.2,1009.4,1009.2,1.1,136,2.8,952.7,0.0
A765,23/01/2018,03,27.0,28.8,26.7,78,85,67,22.8,24.0,22.0,1012.0,1012.0,1009.5,4.1,232,14.0,-2.48,0.0
A765,23/01/2018,01,26.4,27.1,26.3,89,90,84,24.3,24.6,24.2,1009.4,1009.4,1008.6,0.9,245,2.4,-3.27,0.0
A765,23/01/2018,10,24.4,24.8,24.3,87,88,83,22.2,22.3,21.5,1009.4,1009.5,1008.9,0.6,313,3.0,122.8,0.0
A765,23/01/2018,04,25.5,27.0,25.5,80,82,78,21.9,22.8,21.7,1011.4,1012.3,1011.4,1.9,254,14.0,-2.27,0.0
A765,24/01/2018,01,27.0,27.1,26.6,79,87,75,23.1,24.3,22.3,1009.3,1009.3,1008.9,0.4,313,1.9,-3.60,0.0
A765,24/01/2018,10,25.5,25.5,24.6,88,91,88,23.4,23.4,22.9,1008.5,1009.3,1008.5,0.9,239,2.0,164.3,0.0
A765,24/01/2018,03,27.0,27.3,26.2,82,87,79,23.7,23.9,23.2,1009.7,1009.7,1009.1,1.4,219,4.8,-3.59,0.0
A765,24/01/2018,12,29.0,29.0,27.0,75,81,75,24.2,24.2,22.8,1007.8,1007.9,1007.7,0.3,263,2.1,937.0,0.0
A765,24/01/2018,14,32.8,33.3,30.7,////,////,////,////,////,////,1009.0,1009.0,1008.6,2.7,114,5.6,2296.,0.0
A765,24/01/2018,05,27.2,27.3,26.6,78,81,77,23.0,23.3,22.7,1011.3,1011.3,1010.7,2.2,264,9.2,-3.57,0.0
A765,24/01/2018,08,24.6,25.4,24.6,86,86,80,22.2,22.4,21.7,1009.5,1009.9,1009.5,0.8,218,2.5,-3.60,0.0
A765,24/01/2018,06,26.3,27.2,26.0,77,79,77,21.9,22.8,21.7,1010.9,1011.4,1010.9,1.8,244,8.4,-3.58,0.0
A765,24/01/2018,02,26.3,27.2,26.3,86,86,74,23.8,24.0,21.9,1009.1,1009.3,1009.0,1.1,223,3.1,-3.58,0.0
A765,24/01/2018,13,31.4,31.8,29.0,////,////,////,////,////,////,1008.6,1008.6,1007.7,2.3,186,4.4,2024.,0.0
A765,24/01/2018,22,29.3,30.8,29.3,82,82,74,26.0,26.3,25.4,1008.1,1008.1,1007.5,2.0,105,4.4,286.6,0.0
A765,24/01/2018,07,25.4,26.3,25.4,80,80,76,21.7,21.8,21.4,1009.9,1010.9,1009.9,1.0,230,3.6,-3.59,0.0
A765,24/01/2018,09,24.7,25.0,24.6,90,90,86,22.9,23.1,22.2,1009.3,1009.5,1009.3,1.2,340,1.7,-2.04,0.0
A765,24/01/2018,21,30.4,31.1,29.8,77,79,72,26.0,26.3,24.9,1007.5,1007.6,1007.3,2.5,99,4.9,1171.,0.0
A765,24/01/2018,16,32.1,33.0,31.2,////,////,////,////,////,////,1009.0,1009.1,1008.9,3.1,134,6.6,3851.,0.0
A765,24/01/2018,15,32.7,33.1,32.0,////,////,////,////,////,////,1008.9,1009.0,1008.7,2.4,126,6.0,3772.,0.0
A765,24/01/2018,19,31.3,32.1,30.9,////,////,////,////,////,////,1007.6,1008.1,1007.6,3.5,119,5.8,2745.,0.0
A765,24/01/2018,17,32.4,33.1,31.4,////,////,////,////,////,////,1008.6,1009.0,1008.5,2.8,115,6.2,3698.,0.0
A765,24/01/2018,18,31.9,32.4,31.4,////,////,////,////,////,////,1008.0,1008.6,1008.0,2.5,121,5.9,3324.,0.0
A765,24/01/2018,20,30.9,31.6,30.1,75,////,////,25.9,////,////,1007.3,1007.6,1007.2,2.2,106,6.0,1890.,0.0
A765,24/01/2018,11,27.1,27.1,25.5,80,89,80,23.5,23.8,23.1,1007.9,1008.5,1007.9,0.7,287,3.4,627.2,0.0
A765,24/01/2018,00,26.8,27.7,26.8,86,87,82,24.3,25.1,23.9,1008.9,1008.9,1008.1,0.9,267,2.9,-3.60,0.0
A765,24/01/2018,04,27.0,27.9,26.5,78,85,74,22.9,24.1,22.6,1010.9,1011.0,1009.6,2.7,231,9.6,-3.21,0.0
A765,24/01/2018,23,28.9,29.4,28.8,84,84,82,25.9,26.1,25.9,1008.7,1008.7,1008.0,1.3,126,3.7,-0.73,0.0
A765,25/01/2018,19,27.2,28.0,27.2,84,84,79,24.1,24.4,23.8,1010.3,1010.5,1010.3,2.7,211,8.3,441.8,0.0
A765,25/01/2018,13,29.7,30.5,29.2,69,71,67,23.5,24.2,23.2,1011.6,1011.6,1010.8,3.1,188,6.4,2297.,0.0
A765,25/01/2018,07,26.8,27.1,26.8,86,86,84,24.3,24.4,24.1,1009.6,1010.1,1009.6,1.4,268,5.3,-3.55,0.0
A765,25/01/2018,05,27.3,27.6,27.3,84,86,84,24.5,24.9,24.5,1010.5,1010.6,1010.4,2.1,236,6.5,-3.60,0.0
A765,25/01/2018,22,26.9,27.0,26.2,82,88,80,23.6,24.1,23.3,1010.4,1010.5,1010.1,1.9,214,7.0,29.60,0.0
A765,25/01/2018,12,29.8,30.0,28.5,68,75,68,23.2,23.8,23.1,1010.8,1010.8,1010.5,2.1,195,5.2,1831.,0.0
A765,25/01/2018,00,26.9,28.9,26.9,90,90,84,25.0,26.0,24.8,1009.8,1009.8,1008.7,1.0,284,2.7,-3.60,0.0
A765,25/01/2018,02,25.4,26.1,25.3,88,89,86,23.2,24.1,22.8,1010.8,1010.9,1010.6,0.8,269,1.4,-3.60,0.0
A765,25/01/2018,06,27.0,27.4,27.0,85,85,84,24.2,24.5,24.1,1010.1,1010.5,1010.0,1.6,238,6.5,-3.60,0.0
A765,25/01/2018,03,26.4,26.4,25.4,90,92,88,24.6,24.7,23.3,1010.6,1010.9,1010.6,1.3,256,3.6,-3.59,0.0
A765,25/01/2018,08,25.2,26.8,25.2,88,89,84,23.1,24.2,23.1,1009.6,1009.6,1009.2,0.9,348,3.9,-3.58,0.0
A765,25/01/2018,14,31.2,31.4,29.7,////,69,65,////,////,////,1011.4,1011.8,1011.4,2.9,191,6.7,3593.,0.0
A765,25/01/2018,15,29.4,31.6,29.3,72,72,65,23.8,////,////,1011.3,1011.4,1011.2,2.6,202,6.3,2006.,0.0
A765,25/01/2018,09,24.9,25.3,24.9,90,90,89,23.1,23.6,23.0,1010.1,1010.2,1009.6,0.8,342,2.5,-1.16,0.0
A765,25/01/2018,23,26.9,26.9,26.7,79,84,79,23.0,23.8,23.0,1011.1,1011.1,1010.3,2.2,188,7.0,1.100,0.0
A765,25/01/2018,18,27.5,29.0,27.4,81,85,76,24.0,24.7,24.0,1010.4,1010.7,1010.4,4.1,179,7.3,522.0,0.0
A765,25/01/2018,10,25.4,25.4,24.7,91,91,90,23.8,23.8,23.0,1010.5,1010.5,1010.1,0.5,283,1.9,154.5,0.0
A765,25/01/2018,11,28.5,28.5,25.4,75,91,75,23.7,24.4,23.5,1010.5,1010.6,1010.4,1.7,219,4.2,903.8,0.0
A765,25/01/2018,16,29.5,30.7,29.4,74,74,68,24.2,24.7,23.6,1010.9,1011.3,1010.8,2.4,198,6.1,1989.,0.0
A765,25/01/2018,04,27.6,27.7,26.4,84,90,84,24.8,24.8,24.3,1010.4,1010.7,1010.4,2.3,241,6.0,-3.59,0.0
A765,25/01/2018,17,29.0,30.1,28.8,76,78,71,24.2,24.8,24.0,1010.7,1010.9,1010.7,3.0,173,7.8,1185.,0.0
A765,25/01/2018,20,26.5,27.4,26.5,88,88,81,24.3,24.5,23.9,1010.0,1010.3,1010.0,1.7,254,6.7,201.5,0.0
A765,25/01/2018,21,26.2,26.6,25.8,87,91,85,23.9,24.5,23.8,1010.1,1010.1,1009.9,1.9,225,7.0,58.80,1.2
A765,25/01/2018,01,26.1,26.9,26.0,89,90,86,24.2,25.0,23.8,1010.6,1010.6,1009.8,0.8,310,1.6,-3.60,0.0
A765,26/01/2018,21,25.4,26.2,25.0,82,83,77,22.1,22.2,21.9,1012.1,1012.1,1011.9,4.1,143,11.0,198.4,0.8
A765,26/01/2018,02,25.3,26.9,25.3,89,89,79,23.4,23.6,22.9,1012.5,1012.8,1012.5,1.9,304,4.9,-3.00,0.0
A765,26/01/2018,11,22.7,23.0,22.3,97,97,97,22.2,22.5,21.8,1013.2,1013.2,1012.6,2.1,308,4.1,73.55,25.4
A765,26/01/2018,05,24.9,25.0,24.7,93,94,92,23.7,23.9,23.4,1011.2,1011.6,1011.2,1.0,277,2.2,-3.01,0.0
A765,26/01/2018,23,25.6,25.6,25.5,78,79,76,21.5,21.6,21.0,1013.1,1013.1,1012.6,4.5,122,9.5,0.818,0.0
A765,26/01/2018,04,24.9,25.1,24.6,92,93,91,23.5,23.7,23.3,1011.6,1012.2,1011.6,0.9,276,2.3,-3.17,0.2
A765,26/01/2018,01,26.9,27.0,26.8,79,80,77,23.0,23.1,22.7,1012.6,1012.6,1012.1,1.6,133,5.1,-2.14,0.0
A765,26/01/2018,12,23.5,23.6,22.7,95,97,95,22.7,22.9,22.3,1013.6,1013.6,1013.2,1.4,352,4.5,271.8,0.2
A765,26/01/2018,03,25.1,25.5,25.1,91,91,89,23.6,23.7,23.4,1012.2,1012.5,1012.0,1.5,304,2.6,-2.88,0.0
A765,26/01/2018,06,24.8,25.1,24.7,93,94,93,23.6,23.8,23.5,1010.6,1011.2,1010.6,1.2,2,2.4,-2.85,0.0
A765,26/01/2018,09,23.1,24.1,22.9,96,97,93,22.5,22.7,22.2,1011.7,1011.7,1010.8,1.1,18,5.1,0.222,45.8
A765,26/01/2018,07,25.1,25.1,24.6,89,94,89,23.2,23.9,23.2,1010.9,1010.9,1010.5,2.0,171,4.7,-1.18,2.0
A765,26/01/2018,00,27.0,27.0,26.9,79,80,78,23.0,23.1,22.9,1012.1,1012.1,1011.1,1.9,174,6.2,-1.55,0.0
A765,26/01/2018,08,24.1,25.1,24.1,93,93,87,22.9,23.3,22.6,1011.2,1011.2,1010.8,1.5,219,4.7,-0.15,1.0
A765,26/01/2018,14,24.5,25.7,24.3,90,91,84,22.7,23.3,22.6,1013.6,1013.9,1013.4,2.5,116,7.0,942.6,1.6
A765,26/01/2018,13,25.0,25.0,23.5,91,95,91,23.4,23.6,22.7,1013.8,1013.8,1013.6,0.3,311,3.2,722.1,0.0
A765,26/01/2018,20,26.1,26.4,26.1,79,80,78,22.2,22.7,22.1,1012.1,1012.4,1012.0,3.8,137,7.7,378.6,0.0
A765,26/01/2018,10,22.9,23.3,22.7,97,97,96,22.4,22.8,22.2,1012.6,1012.7,1011.7,1.3,282,2.8,21.47,38.8
A765,26/01/2018,17,26.0,26.1,24.2,83,89,82,22.9,23.5,22.0,1013.3,1013.5,1013.2,0.9,90,5.2,733.5,0.0
A765,26/01/2018,16,24.2,25.5,24.0,88,92,83,22.1,23.3,21.8,1013.5,1013.6,1013.5,3.6,295,5.8,315.5,0.2
A765,26/01/2018,18,26.0,26.1,24.7,80,88,79,22.3,23.0,22.2,1012.7,1013.3,1012.7,1.8,162,5.5,319.4,0.4
A765,26/01/2018,15,24.4,24.5,23.7,92,94,90,23.1,23.1,22.4,1013.6,1013.6,1013.5,1.8,334,7.0,324.9,1.6
A765,26/01/2018,19,26.3,26.3,24.8,78,88,78,22.2,23.0,22.2,1012.4,1012.7,1012.4,3.8,140,7.7,371.4,0.0
A765,26/01/2018,22,25.6,25.7,25.4,77,82,76,21.4,22.1,21.1,1012.7,1012.7,1012.1,4.8,140,9.8,51.61,0.0
A765,27/01/2018,00,25.5,25.6,25.5,78,79,77,21.3,21.6,21.1,1013.7,1013.7,1013.0,3.8,126,9.1,-1.53,0.0
A765,27/01/2018,04,25.2,25.4,25.2,75,77,74,20.5,21.0,20.3,1013.4,1014.0,1013.4,2.5,143,6.9,-2.73,0.0
A765,27/01/2018,15,28.3,28.7,27.8,64,69,62,21.0,21.8,20.2,1014.2,1014.5,1014.2,2.3,120,5.7,3792.,0.0
A765,27/01/2018,08,23.1,23.1,22.7,89,90,89,21.2,21.3,21.0,1013.2,1013.2,1012.7,1.0,217,2.3,-1.58,0.0
A765,27/01/2018,05,25.1,25.3,25.0,76,78,75,20.6,20.9,20.5,1012.9,1013.4,1012.9,3.0,147,6.8,-1.83,0.0
A765,27/01/2018,02,25.5,25.5,25.4,74,77,74,20.6,21.1,20.6,1014.3,1014.3,1014.1,3.1,134,7.4,-1.86,0.0
A765,27/01/2018,13,25.9,26.2,23.7,69,86,69,19.8,21.2,19.8,1014.6,1014.6,1014.5,1.0,279,3.2,2361.,0.0
A765,27/01/2018,12,23.7,23.7,21.8,87,94,87,21.4,21.5,20.7,1014.6,1014.6,1014.5,1.1,329,4.0,818.2,0.0
A765,27/01/2018,03,25.3,25.5,25.3,76,77,73,20.8,21.1,20.2,1014.0,1014.3,1014.0,2.5,133,6.5,-2.41,0.0
A765,27/01/2018,06,24.9,25.1,24.9,75,76,74,20.1,20.6,20.1,1012.7,1012.9,1012.7,2.1,132,7.1,-1.62,0.0
A765,27/01/2018,14,28.1,28.1,25.8,65,71,64,21.0,21.6,19.9,1014.5,1014.7,1014.5,1.6,126,3.8,3199.,0.0
A765,27/01/2018,07,22.7,24.9,22.7,90,90,74,21.0,21.1,20.0,1012.8,1012.8,1012.6,1.4,299,4.7,-1.05,0.0
A765,27/01/2018,23,23.1,24.1,22.8,91,93,85,21.6,21.7,21.3,1012.3,1012.4,1012.2,0.8,327,4.6,-1.68,0.0
A765,27/01/2018,10,22.2,22.7,22.2,91,92,91,20.8,21.2,20.8,1014.3,1014.3,1013.5,1.7,45,5.1,27.71,0.0
A765,27/01/2018,16,28.8,29.3,27.8,64,69,58,21.3,21.9,19.7,1013.9,1014.2,1013.9,2.3,129,5.7,3737.,0.0
A765,27/01/2018,09,22.7,23.1,22.7,91,91,89,21.1,21.3,21.0,1013.5,1013.5,1013.2,1.3,254,3.2,1.497,0.0
A765,27/01/2018,22,24.1,25.8,24.1,85,85,73,21.3,21.3,20.5,1012.3,1012.4,1012.1,1.8,42,7.6,78.43,0.0
A765,27/01/2018,11,21.8,22.2,21.6,94,95,91,20.8,21.0,20.6,1014.6,1014.7,1014.3,2.4,347,5.1,187.1,0.6
A765,27/01/2018,17,28.9,29.5,28.0,66,68,61,21.8,22.4,20.7,1013.5,1013.9,1013.5,2.6,122,6.4,3670.,0.0
A765,27/01/2018,18,25.9,29.3,25.9,82,83,64,22.6,23.2,21.4,1013.1,1013.5,1013.1,3.0,124,7.5,2279.,0.0
A765,27/01/2018,20,25.8,26.0,25.8,75,76,74,21.0,21.2,20.9,1012.4,1012.8,1012.3,3.5,118,8.1,276.6,0.0
A765,27/01/2018,19,26.0,26.6,25.7,74,83,73,21.1,22.7,21.1,1012.8,1013.1,1012.8,2.9,121,6.6,762.4,0.0
A765,27/01/2018,21,25.7,25.9,25.7,74,76,73,20.8,21.2,20.5,1012.1,1012.4,1012.1,3.2,122,7.1,214.2,0.0
A765,27/01/2018,01,25.5,25.5,25.4,76,78,75,21.0,21.2,20.7,1014.1,1014.1,1013.7,3.5,122,8.0,-1.93,0.0
A765,28/01/2018,03,22.5,22.7,22.5,95,95,94,21.7,21.7,21.6,1012.8,1013.3,1012.8,0.9,290,1.4,-2.96,0.0
A765,28/01/2018,23,25.5,25.9,25.2,88,88,84,23.3,23.3,22.9,1007.8,1007.8,1007.3,0.7,267,2.2,1.176,0.0
A765,28/01/2018,16,27.9,28.4,27.7,71,72,67,22.2,22.5,21.5,1010.2,1010.8,1010.2,2.0,124,4.9,1469.,0.0
A765,28/01/2018,15,28.4,29.4,27.9,69,70,64,22.2,23.1,21.4,1010.8,1011.1,1010.8,2.4,125,5.8,3342.,0.0
A765,28/01/2018,01,22.9,23.3,22.9,93,93,89,21.7,21.7,21.4,1013.1,1013.1,1012.7,0.6,257,1.8,-2.03,0.0
A765,28/01/2018,07,22.1,22.5,22.1,95,95,94,21.3,21.6,21.2,1010.9,1011.2,1010.9,0.2,211,1.2,-3.50,0.0
A765,28/01/2018,00,23.0,23.2,22.9,91,92,90,21.5,21.7,21.4,1012.7,1012.7,1012.1,0.5,33,2.2,-3.29,0.0
A765,28/01/2018,06,22.4,22.6,22.4,95,95,94,21.5,21.6,21.4,1010.9,1011.7,1010.9,0.5,313,1.6,-2.99,0.0
A765,28/01/2018,04,22.6,22.6,22.4,95,95,94,21.6,21.7,21.5,1012.3,1012.8,1012.3,0.3,276,1.6,-1.97,0.0
A765,28/01/2018,14,27.9,28.4,27.2,69,72,66,21.6,22.6,21.1,1011.1,1011.7,1011.1,2.3,126,4.6,2321.,0.0
A765,28/01/2018,05,22.6,22.6,22.5,94,95,94,21.5,21.6,21.4,1011.7,1012.3,1011.7,0.8,334,1.6,-1.85,0.0
A765,28/01/2018,17,28.3,28.9,27.8,69,72,67,21.9,22.6,21.6,1009.3,1010.2,1009.3,2.2,123,4.5,2050.,0.0
A765,28/01/2018,08,21.8,22.3,21.8,95,95,95,21.1,21.5,21.1,1010.7,1010.9,1010.6,0.6,266,1.4,-3.56,0.0
A765,28/01/2018,13,27.9,28.2,26.7,68,72,66,21.4,21.9,20.7,1011.7,1011.9,1011.6,1.8,115,4.5,2455.,0.0
A765,28/01/2018,02,22.7,22.9,22.7,94,94,93,21.7,21.7,21.6,1013.2,1013.3,1013.1,0.5,278,1.9,-2.27,0.0
A765,28/01/2018,22,25.9,26.6,25.8,85,85,80,23.2,23.2,22.7,1007.3,1007.4,1007.1,1.4,321,2.2,109.6,0.0
A765,28/01/2018,19,28.0,28.4,27.8,71,74,70,22.2,23.0,22.0,1007.7,1008.4,1007.7,1.5,147,4.2,958.2,0.0
A765,28/01/2018,21,26.2,27.6,26.2,82,82,74,22.9,22.9,22.4,1007.3,1007.5,1007.2,1.4,290,3.3,135.2,0.0
A765,28/01/2018,10,22.0,22.0,21.4,95,96,95,21.1,21.1,20.7,1011.6,1011.7,1011.2,0.7,288,1.5,111.9,0.0
A765,28/01/2018,09,21.5,21.9,21.5,96,96,95,20.8,21.2,20.8,1011.2,1011.2,1010.6,0.8,295,1.5,-1.84,0.0
A765,28/01/2018,12,27.1,27.4,25.3,70,80,69,21.2,22.2,20.8,1011.9,1012.0,1011.7,1.8,105,4.0,1880.,0.2
A765,28/01/2018,18,28.3,28.3,27.6,71,72,68,22.4,22.6,21.5,1008.4,1009.3,1008.4,1.7,132,4.2,1154.,0.0
A765,28/01/2018,11,25.4,25.4,22.0,80,95,80,21.8,22.5,21.1,1011.7,1011.8,1011.6,0.4,328,1.2,925.6,0.0
A765,28/01/2018,20,27.5,28.0,27.5,74,75,70,22.4,22.9,22.0,1007.2,1007.7,1007.2,1.0,130,2.9,508.0,0.0
A765,29/01/2018,20,23.8,24.0,23.6,96,97,95,23.2,23.3,23.0,1005.9,1006.5,1005.8,1.5,71,5.4,87.41,38.4
A765,29/01/2018,07,24.0,24.1,23.5,95,96,95,23.1,23.3,22.7,1005.1,1005.3,1004.9,1.6,215,4.5,-1.74,0.0
A765,29/01/2018,11,24.9,24.9,24.1,93,95,93,23.7,23.7,23.2,1007.0,1007.0,1006.4,1.0,230,3.3,330.4,0.0
A765,29/01/2018,00,25.0,25.5,24.9,90,90,88,23.2,23.4,23.1,1008.5,1008.5,1007.8,0.8,289,1.5,-2.18,0.0
A765,29/01/2018,01,25.1,25.4,25.0,90,90,89,23.4,23.5,23.2,1008.8,1009.0,1008.5,0.5,247,2.3,-1.14,0.0
A765,29/01/2018,06,23.6,23.6,23.3,95,95,95,22.8,22.8,22.5,1005.3,1006.7,1005.3,0.8,233,3.3,-1.96,0.0
A765,29/01/2018,23,24.2,24.3,24.1,97,97,97,23.6,23.7,23.5,1006.8,1006.8,1006.2,0.6,242,1.7,1.439,0.4
A765,29/01/2018,14,29.4,29.4,26.8,74,87,74,24.4,24.6,23.4,1007.2,1007.4,1007.2,0.6,116,3.0,1706.,0.0
A765,29/01/2018,09,23.8,23.9,23.7,95,95,95,23.0,23.1,22.8,1006.1,1006.2,1005.7,1.1,225,2.8,-1.29,0.0
A765,29/01/2018,08,23.9,24.0,23.8,95,95,95,23.0,23.1,22.9,1005.7,1005.7,1005.1,0.7,355,4.5,-1.56,0.0
A765,29/01/2018,02,25.0,25.2,24.8,91,91,90,23.4,23.5,23.3,1009.3,1009.3,1008.8,1.3,314,1.9,-1.22,0.0
A765,29/01/2018,15,28.6,30.7,28.6,79,79,64,24.7,25.2,23.1,1007.1,1007.2,1007.1,1.2,126,4.8,2157.,0.2
A765,29/01/2018,05,23.3,23.4,23.2,95,95,93,22.5,22.5,22.0,1006.7,1008.1,1006.7,1.5,3,3.3,-1.73,3.6
A765,29/01/2018,03,26.0,26.0,24.9,84,91,84,23.1,23.7,23.1,1009.5,1009.5,1009.0,2.4,218,6.0,-1.94,0.0
A765,29/01/2018,16,29.9,29.9,28.1,74,83,74,24.8,25.8,24.3,1006.4,1007.2,1006.4,0.8,122,3.5,1500.,0.0
A765,29/01/2018,04,23.3,26.1,23.3,93,93,82,22.0,23.1,21.6,1008.1,1009.5,1008.1,0.5,20,6.8,-3.03,2.0
A765,29/01/2018,10,24.1,24.1,23.8,95,95,95,23.2,23.2,22.9,1006.5,1006.5,1006.1,1.1,238,2.7,76.97,0.0
A765,29/01/2018,18,25.1,28.2,24.8,93,93,79,23.8,24.6,23.1,1005.7,1005.8,1005.3,1.9,39,5.5,240.5,8.8
A765,29/01/2018,12,24.9,25.0,24.7,93,94,92,23.8,23.9,23.5,1007.5,1007.6,1007.0,0.7,308,2.9,301.9,0.8
A765,29/01/2018,13,26.9,26.9,24.9,87,94,87,24.5,24.8,23.7,1007.4,1007.7,1007.4,1.4,194,3.0,1009.,0.0
A765,29/01/2018,17,28.0,29.9,28.0,79,80,74,24.1,25.3,24.1,1005.8,1006.4,1005.6,1.6,97,4.2,849.9,0.2
A765,29/01/2018,19,24.0,25.2,24.0,96,96,93,23.2,24.0,23.2,1006.1,1006.1,1005.4,1.4,15,5.6,141.4,24.2
A765,29/01/2018,21,24.0,24.1,23.8,97,97,96,23.4,23.6,23.2,1005.9,1005.9,1005.7,0.5,286,3.0,64.08,2.6
A765,29/01/2018,22,24.3,24.3,24.0,97,97,96,23.7,23.7,23.4,1006.2,1006.2,1005.9,0.5,143,1.4,91.92,0.0
A765,30/01/2018,22,23.2,23.4,23.2,93,93,92,22.0,22.1,21.9,1008.5,1008.5,1008.2,0.9,332,1.6,139.7,0.0
A765,30/01/2018,01,23.5,23.8,23.5,96,97,96,22.9,23.3,22.9,1008.8,1008.8,1007.8,1.2,241,4.3,0.964,6.4
A765,30/01/2018,23,23.0,23.2,22.9,95,95,93,22.0,22.3,21.9,1009.0,1009.0,1008.5,0.7,249,1.6,1.945,0.0
A765,30/01/2018,03,22.4,23.5,22.3,89,96,85,20.5,22.7,20.1,1008.7,1009.0,1008.7,1.5,193,5.3,3.185,0.2
A765,30/01/2018,02,23.4,23.5,23.4,96,96,96,22.7,22.9,22.7,1009.0,1009.1,1008.8,0.3,209,4.3,0.598,0.6
A765,30/01/2018,08,22.7,22.8,22.4,92,92,91,21.3,21.4,20.9,1006.9,1006.9,1006.5,1.1,239,2.8,1.090,0.0
A765,30/01/2018,10,22.0,23.4,22.0,92,92,82,20.7,20.7,20.1,1008.4,1008.4,1007.6,2.1,207,4.7,22.23,0.2
A765,30/01/2018,00,23.7,24.3,23.6,97,97,96,23.2,23.7,23.1,1007.8,1007.9,1006.8,1.8,309,3.5,1.003,16.0
A765,30/01/2018,07,22.6,22.7,22.2,92,93,92,21.3,21.5,20.9,1006.6,1006.7,1006.5,1.1,298,2.3,1.661,0.0
A765,30/01/2018,04,22.2,22.5,22.2,91,91,87,20.7,20.7,20.2,1007.9,1008.7,1007.9,1.1,282,3.6,3.697,0.0
A765,30/01/2018,18,23.4,23.5,23.2,90,90,88,21.6,21.6,21.2,1008.3,1009.0,1008.3,0.7,331,2.5,724.5,0.2
A765,30/01/2018,15,22.9,23.0,22.3,91,94,91,21.4,21.9,21.0,1009.7,1010.0,1009.6,1.1,253,2.2,690.9,0.0
A765,30/01/2018,05,22.1,22.2,22.0,92,93,91,20.8,20.9,20.6,1007.0,1008.0,1006.9,0.8,311,2.9,2.146,0.0
A765,30/01/2018,06,22.2,22.3,21.9,93,93,92,21.0,21.1,20.6,1006.6,1007.0,1006.6,1.0,265,2.2,1.231,0.0
A765,30/01/2018,16,23.0,23.4,22.9,90,92,90,21.3,22.0,21.3,1009.3,1009.7,1009.3,1.6,197,3.1,834.2,0.4
A765,30/01/2018,17,23.2,23.5,22.8,89,91,88,21.2,21.7,21.1,1008.8,1009.3,1008.8,1.4,260,3.3,649.6,0.0
A765,30/01/2018,21,23.3,23.9,23.3,92,92,86,22.0,22.0,21.4,1008.2,1008.2,1008.1,0.8,333,1.8,261.4,0.6
A765,30/01/2018,20,23.9,24.0,23.6,86,87,85,21.5,21.6,21.0,1008.1,1008.3,1008.0,0.5,299,3.4,347.4,0.0
A765,30/01/2018,19,23.8,23.8,23.3,86,90,86,21.4,21.9,21.1,1008.2,1008.4,1008.1,1.4,242,3.4,534.3,0.0
A765,30/01/2018,09,23.4,23.4,22.7,82,92,82,20.2,21.3,20.2,1007.6,1007.6,1006.9,1.5,245,6.0,2.897,0.0
A765,30/01/2018,14,22.3,22.3,21.6,93,95,92,21.0,21.1,20.6,1009.9,1009.9,1009.8,0.6,237,2.0,568.8,0.8
A765,30/01/2018,13,21.6,21.8,21.5,94,94,93,20.6,20.7,20.4,1009.9,1010.0,1009.7,1.3,324,2.4,344.4,1.4
A765,30/01/2018,11,21.9,22.1,21.9,95,95,92,21.0,21.1,20.8,1009.2,1009.2,1008.4,1.0,242,4.7,73.44,2.4
A765,30/01/2018,12,21.6,22.1,21.5,93,95,93,20.4,21.3,20.4,1009.7,1009.7,1009.2,1.4,333,2.4,170.1,3.8
A765,31/01/2018,00,22.2,23.0,22.2,94,95,94,21.3,22.1,21.3,1009.6,1009.6,1009.0,1.4,322,2.5,-1.33,0.0
A765,31/01/2018,01,21.8,22.3,21.8,95,95,94,21.0,21.4,21.0,1009.9,1009.9,1009.6,1.5,277,2.3,-3.43,0.0
A765,31/01/2018,23,23.2,24.3,23.1,89,90,86,21.4,22.3,21.0,1011.1,1011.1,1010.6,0.7,259,4.1,1.438,0.0
A765,31/01/2018,03,20.8,21.1,20.7,96,96,96,20.1,20.4,20.0,1009.6,1009.9,1009.6,0.7,295,1.9,-3.39,0.0
A765,31/01/2018,22,24.3,25.8,24.2,89,90,77,22.4,22.5,21.4,1010.6,1010.6,1010.4,0.9,232,3.8,176.7,0.2
A765,31/01/2018,02,21.1,21.8,21.1,96,96,95,20.4,21.0,20.3,1009.9,1010.0,1009.9,1.2,319,2.3,-3.58,0.0
A765,31/01/2018,19,28.2,28.8,27.3,65,69,62,21.0,21.9,20.6,1010.4,1010.7,1010.4,2.8,153,8.0,2799.,0.0
A765,31/01/2018,12,26.2,26.3,23.2,77,92,75,22.0,22.0,21.1,1010.7,1010.7,1010.2,1.6,234,3.9,1829.,0.0
A765,31/01/2018,04,20.3,20.8,20.3,96,96,96,19.6,20.1,19.6,1008.8,1009.6,1008.8,0.6,322,1.5,-3.28,0.0
A765,31/01/2018,14,27.3,27.6,25.2,72,80,72,21.8,23.2,21.3,1011.2,1011.3,1011.1,1.7,208,6.5,2249.,0.0
A765,31/01/2018,09,21.4,21.8,21.1,94,95,93,20.4,20.9,20.0,1009.0,1009.0,1008.5,1.2,277,3.0,-1.80,0.0
A765,31/01/2018,08,21.7,22.3,21.4,94,95,93,20.8,21.1,20.4,1008.5,1008.5,1008.1,1.6,277,3.0,-3.54,0.0
A765,31/01/2018,13,25.5,27.6,25.5,79,80,71,21.5,22.4,21.1,1011.1,1011.1,1010.7,3.3,202,6.5,2374.,0.0
A765,31/01/2018,20,26.7,29.4,26.7,73,73,60,21.4,21.6,20.2,1010.3,1010.4,1010.2,2.9,166,6.6,1624.,0.0
A765,31/01/2018,15,27.2,29.1,26.6,73,75,65,21.9,22.8,20.9,1011.0,1011.2,1010.9,3.4,158,7.6,3251.,0.0
A765,31/01/2018,16,25.8,27.4,25.3,78,82,70,21.6,22.2,21.4,1011.1,1011.2,1010.9,0.7,274,7.6,977.7,0.0
A765,31/01/2018,10,22.4,22.4,21.5,93,94,92,21.1,21.2,20.2,1009.7,1009.7,1009.0,1.3,269,2.5,141.8,0.0
A765,31/01/2018,11,23.2,23.2,22.4,92,93,92,21.9,21.9,21.2,1010.3,1010.3,1009.7,0.7,244,2.4,363.9,0.0
A765,31/01/2018,18,27.7,28.4,27.1,69,71,64,21.5,21.9,20.5,1010.7,1010.9,1010.7,3.9,161,8.1,2960.,0.0
A765,31/01/2018,17,27.5,28.1,25.6,66,78,65,20.7,21.9,20.4,1010.8,1011.1,1010.7,3.2,145,6.9,1697.,0.0
A765,31/01/2018,06,21.7,21.7,20.8,95,96,95,20.8,20.9,20.1,1008.2,1008.5,1008.1,1.3,336,2.6,-1.33,0.0
A765,31/01/2018,07,21.6,21.9,21.2,94,95,94,20.6,21.1,20.3,1008.2,1008.2,1008.1,1.5,290,3.0,-3.43,0.0
A765,31/01/2018,21,25.8,26.8,25.8,77,77,72,21.4,21.6,20.8,1010.4,1010.4,1010.3,1.9,189,6.4,514.2,0.0
A765,31/01/2018,05,21.0,21.0,20.2,96,96,96,20.3,20.4,19.5,1008.5,1008.8,1008.5,1.0,291,1.5,-1.98,0.0
A765,01/02/2018,00,23.1,23.3,22.9,92,92,89,21.7,21.7,21.4,1011.3,1011.3,1011.1,0.9,337,2.2,-2.77,0.0
A765,01/02/2018,09,21.5,21.9,21.4,96,96,95,20.8,21.2,20.7,1010.5,1010.6,1010.3,1.0,238,2.4,-1.72,0.0
A765,01/02/2018,02,22.9,23.3,22.9,92,92,91,21.6,21.8,21.5,1011.8,1011.9,1011.7,1.4,271,2.5,-2.62,0.0
A765,01/02/2018,17,26.7,27.8,26.4,72,74,70,21.3,22.3,21.1,1010.9,1011.6,1010.9,2.7,161,7.5,2456.,0.0
A765,01/02/2018,21,26.1,27.0,26.0,73,74,68,20.8,21.2,20.3,1010.5,1010.5,1010.3,1.6,185,4.9,480.1,0.0
A765,01/02/2018,22,24.9,26.4,24.9,80,80,70,21.3,21.3,20.4,1010.6,1010.6,1010.5,1.0,267,3.5,193.9,0.0
A765,01/02/2018,06,21.7,22.3,21.7,94,94,93,20.8,21.1,20.7,1010.3,1010.6,1010.3,0.9,225,4.2,-2.96,0.4
A765,01/02/2018,01,23.2,23.3,23.0,91,92,91,21.7,21.8,21.5,1011.8,1011.8,1011.2,1.2,287,3.0,-2.38,0.0
A765,01/02/2018,18,26.6,27.7,26.4,71,74,69,21.0,21.8,20.9,1010.6,1010.9,1010.6,3.0,155,5.8,1357.,0.0
A765,01/02/2018,03,22.5,22.9,22.5,94,94,92,21.6,21.6,21.5,1011.2,1011.8,1011.2,1.2,309,2.4,-3.05,0.0
A765,01/02/2018,13,26.9,27.2,24.0,68,87,67,20.6,22.8,20.4,1011.7,1011.8,1011.5,1.7,202,3.8,2780.,0.0
A765,01/02/2018,05,21.8,22.5,21.8,94,94,92,20.8,21.3,20.7,1010.6,1011.0,1010.6,0.9,330,2.9,-3.22,3.6
A765,01/02/2018,12,24.3,24.6,23.0,86,93,85,21.7,22.3,21.5,1011.6,1011.6,1011.3,1.2,200,3.7,1030.,0.0
A765,01/02/2018,04,22.5,22.9,22.4,93,94,93,21.3,21.8,21.3,1011.0,1011.2,1010.9,1.7,299,2.9,-2.88,0.0
A765,01/02/2018,14,26.5,28.0,26.5,69,73,66,20.5,21.6,20.1,1011.9,1012.0,1011.7,1.5,239,3.9,2686.,0.0
A765,01/02/2018,07,21.7,22.0,21.6,95,95,94,20.9,21.1,20.7,1010.2,1010.3,1010.2,1.5,310,2.1,-3.33,0.0
A765,01/02/2018,16,26.5,27.8,26.4,73,75,67,21.3,21.9,20.8,1011.6,1011.9,1011.5,3.6,157,7.5,2090.,0.0
A765,01/02/2018,08,21.9,22.1,21.7,96,96,95,21.2,21.4,20.9,1010.3,1010.3,1010.1,1.6,299,2.3,-3.30,0.0
A765,01/02/2018,15,26.5,28.4,26.4,74,74,65,21.5,21.9,20.4,1011.9,1012.0,1011.9,3.1,158,6.3,2902.,0.0
A765,01/02/2018,11,23.0,23.0,22.0,93,96,93,21.7,21.9,21.3,1011.3,1011.3,1011.0,1.5,189,3.2,438.2,0.0
A765,01/02/2018,23,23.8,24.9,23.8,88,88,80,21.7,22.0,21.4,1010.8,1010.8,1010.6,0.7,318,1.8,-0.52,0.0
A765,01/02/2018,10,22.0,22.1,21.4,96,96,96,21.3,21.5,20.7,1011.0,1011.0,1010.5,1.4,246,3.5,173.3,0.0
A765,01/02/2018,19,26.9,27.6,26.5,69,73,67,20.7,21.5,20.3,1010.6,1010.8,1010.6,2.4,166,6.0,1340.,0.0
A765,01/02/2018,20,26.5,27.2,26.3,71,73,68,20.8,21.2,20.3,1010.3,1010.6,1010.3,2.0,172,6.0,803.0,0.0
A765,02/02/2018,14,28.1,28.1,26.4,70,73,66,22.1,22.1,20.6,1009.9,1010.0,1009.8,1.5,141,4.0,2144.,0.0
A765,02/02/2018,06,22.3,22.4,22.0,94,95,94,21.3,21.5,21.1,1009.5,1009.6,1009.4,0.8,265,1.8,-2.57,0.0
A765,02/02/2018,01,23.0,23.4,23.0,91,92,90,21.6,21.9,21.4,1011.1,1011.1,1010.9,0.7,268,2.3,-3.40,0.0
A765,02/02/2018,03,22.3,22.7,22.3,94,94,93,21.4,21.5,21.4,1010.5,1010.7,1010.5,0.5,305,1.4,-3.56,0.0
A765,02/02/2018,23,25.0,25.7,24.8,85,86,81,22.3,22.4,22.0,1008.3,1008.3,1007.7,1.1,187,2.5,0.343,0.0
A765,02/02/2018,02,22.7,23.0,22.7,93,93,91,21.5,21.6,21.3,1010.8,1011.1,1010.8,0.6,304,2.8,-3.58,0.0
A765,02/02/2018,08,22.2,22.5,22.1,95,95,94,21.3,21.7,21.1,1009.1,1009.4,1009.0,0.8,251,2.3,-2.59,0.0
A765,02/02/2018,16,27.6,29.1,27.6,69,69,63,21.3,22.3,20.6,1009.2,1009.8,1009.2,2.5,155,5.8,2445.,0.2
A765,02/02/2018,15,28.3,28.8,27.0,63,71,63,20.7,22.3,20.4,1009.8,1010.0,1009.8,2.7,152,5.7,3169.,0.0
A765,02/02/2018,07,22.4,22.5,22.2,95,95,94,21.5,21.5,21.2,1009.4,1009.5,1009.3,0.9,254,2.6,-1.98,0.6
A765,02/02/2018,00,23.3,23.8,23.3,90,90,88,21.6,21.8,21.5,1010.9,1011.0,1010.8,0.8,335,2.0,-3.47,0.0
A765,02/02/2018,12,24.8,24.8,23.8,82,89,82,21.6,21.9,21.3,1010.2,1010.3,1009.7,1.6,189,3.0,918.9,0.0
A765,02/02/2018,10,22.9,22.9,21.9,94,95,94,21.8,21.8,21.0,1009.7,1009.7,1009.2,0.8,239,2.6,169.2,0.0
A765,02/02/2018,13,26.4,27.0,24.8,73,83,72,21.2,22.2,21.0,1009.9,1010.2,1009.9,1.0,267,3.0,1798.,0.0
A765,02/02/2018,04,22.1,22.3,22.1,95,95,94,21.3,21.4,21.3,1009.9,1010.5,1009.9,0.7,305,1.4,-3.54,0.0
A765,02/02/2018,05,22.0,22.2,22.0,95,95,95,21.2,21.4,21.2,1009.5,1010.0,1009.5,0.6,309,1.5,-3.10,0.0
A765,02/02/2018,20,26.4,27.0,26.4,74,74,71,21.3,21.8,21.1,1007.4,1007.9,1007.4,2.4,176,6.1,732.7,0.0
A765,02/02/2018,09,21.9,22.2,21.9,94,95,94,21.0,21.3,21.0,1009.2,1009.2,1008.8,0.8,244,2.1,-1.69,0.0
A765,02/02/2018,18,28.8,28.9,26.8,68,73,68,22.3,22.7,21.1,1007.8,1008.2,1007.8,1.9,153,5.7,1630.,0.0
A765,02/02/2018,21,26.5,26.7,26.3,73,75,72,21.4,21.6,20.9,1007.4,1007.4,1007.2,1.6,168,4.9,478.3,0.0
A765,02/02/2018,19,26.7,28.8,26.4,72,73,67,21.1,22.0,20.9,1007.8,1007.9,1007.7,2.9,176,7.4,954.2,0.0
A765,02/02/2018,11,23.8,23.8,22.6,89,94,88,21.8,22.0,21.3,1009.7,1009.9,1009.6,0.8,267,2.5,525.2,0.0
A765,02/02/2018,22,25.7,26.5,25.7,81,81,73,22.2,22.2,21.1,1007.7,1007.7,1007.3,1.3,269,3.7,110.7,0.0
A765,02/02/2018,17,27.3,28.4,27.0,70,72,64,21.3,22.0,20.5,1008.2,1009.2,1008.2,2.2,163,5.5,1720.,0.0
A765,03/02/2018,03,23.2,23.7,23.2,94,94,93,22.2,22.5,22.1,1008.9,1009.3,1008.9,0.7,235,3.6,-1.80,1.0
A765,03/02/2018,08,22.7,22.9,22.3,96,96,96,22.0,22.2,21.7,1007.9,1007.9,1007.6,1.1,43,5.4,-0.63,19.8
A765,03/02/2018,01,23.9,24.7,23.9,91,91,86,22.3,22.6,22.0,1009.2,1009.2,1008.8,1.7,338,3.0,-2.57,0.0
A765,03/02/2018,00,24.2,25.0,24.0,89,91,85,22.4,22.5,22.0,1008.9,1008.9,1008.3,0.9,249,3.2,-2.56,0.0
A765,03/02/2018,07,22.6,22.9,22.0,96,96,96,22.0,22.2,21.4,1007.6,1007.8,1007.6,1.0,223,3.2,-1.14,13.2
A765,03/02/2018,02,23.6,23.9,23.5,93,93,91,22.4,22.4,22.1,1009.3,1009.5,1009.2,0.7,308,2.8,-2.18,2.8
A765,03/02/2018,22,23.8,24.5,23.8,87,87,83,21.5,21.7,21.3,1010.5,1010.5,1009.9,0.9,318,2.6,176.2,0.0
A765,03/02/2018,23,22.1,23.8,22.0,89,89,85,20.1,21.6,20.0,1011.2,1011.2,1010.5,1.2,303,2.8,-0.20,0.0
A765,03/02/2018,13,26.4,26.7,25.4,75,81,74,21.6,22.4,21.1,1010.2,1010.2,1009.7,1.1,147,4.5,1578.,0.0
A765,03/02/2018,06,22.0,22.3,22.0,96,96,96,21.4,21.7,21.3,1007.7,1008.1,1007.7,0.7,232,1.7,-3.12,0.0
A765,03/02/2018,04,22.6,23.2,22.6,95,95,94,21.8,22.3,21.8,1008.4,1008.9,1008.4,0.4,233,2.4,-3.56,0.0
A765,03/02/2018,18,23.8,26.4,23.6,86,87,69,21.4,21.6,20.1,1009.7,1009.9,1009.7,1.1,360,4.5,666.1,0.0
A765,03/02/2018,05,22.2,22.7,22.2,96,96,95,21.5,22.0,21.5,1008.0,1008.4,1008.0,0.7,267,1.6,-3.50,0.0
A765,03/02/2018,09,22.8,22.9,22.5,96,96,95,22.0,22.2,21.7,1008.4,1008.4,1007.9,0.9,347,6.2,-0.27,6.6
A765,03/02/2018,10,22.7,22.8,22.6,94,96,94,21.7,22.0,21.7,1009.3,1009.3,1008.4,1.7,347,3.4,40.29,0.2
A765,03/02/2018,17,26.2,26.6,26.0,71,73,70,20.5,21.0,20.3,1009.9,1010.1,1009.9,2.0,138,6.7,764.7,0.0
A765,03/02/2018,11,23.6,23.7,22.6,91,95,91,22.0,22.3,21.7,1009.3,1009.4,1009.3,1.3,300,2.6,543.9,0.2
A765,03/02/2018,14,26.5,27.9,26.4,76,77,71,21.9,22.9,21.7,1010.3,1010.3,1010.2,3.0,130,6.4,2900.,0.0
A765,03/02/2018,15,26.6,26.9,25.2,76,83,75,22.0,22.9,21.5,1010.2,1010.4,1010.2,2.2,110,7.1,2072.,0.0
A765,03/02/2018,16,26.5,28.2,26.3,72,79,68,21.1,23.0,20.6,1010.1,1010.2,1010.0,2.8,134,6.1,2430.,0.0
A765,03/02/2018,12,25.8,26.1,23.6,77,91,77,21.5,22.4,21.5,1009.7,1009.7,1009.3,0.8,4,4.5,1054.,0.0
A765,03/02/2018,19,23.4,23.9,23.2,89,90,86,21.5,21.6,21.1,1009.7,1009.8,1009.6,2.5,310,4.0,343.7,0.0
A765,03/02/2018,20,24.2,24.2,23.4,83,89,83,21.1,21.6,21.0,1009.6,1009.7,1009.5,1.6,342,3.8,440.5,0.0
A765,03/02/2018,21,24.5,24.8,24.2,84,85,81,21.5,21.8,20.8,1009.9,1009.9,1009.6,1.1,342,3.0,672.4,0.0
A765,04/02/2018,00,21.0,22.1,21.0,90,91,88,19.4,20.2,19.3,1011.8,1011.8,1011.1,1.6,293,2.4,-3.60,0.0
A765,04/02/2018,02,20.5,21.1,20.5,91,92,90,18.9,19.5,18.9,1012.1,1012.3,1011.9,1.0,8,2.1,-3.48,0.0
A765,04/02/2018,01,21.0,21.2,20.8,91,91,90,19.4,19.7,19.0,1012.2,1012.2,1011.7,1.0,303,2.7,-3.44,0.0
A765,04/02/2018,06,20.1,20.6,19.8,93,95,93,18.9,19.6,18.9,1010.5,1010.8,1010.5,0.9,276,2.5,-1.98,0.0
A765,04/02/2018,03,20.4,20.7,20.3,91,91,88,18.9,18.9,18.6,1011.9,1012.1,1011.9,1.0,321,2.5,-3.59,0.0
A765,04/02/2018,13,27.8,28.2,26.7,58,62,57,18.9,19.7,18.0,1013.2,1013.2,1012.9,1.9,126,4.9,2760.,0.0
A765,04/02/2018,23,24.5,26.1,24.5,81,82,61,21.0,21.3,18.1,1013.1,1013.1,1012.6,1.2,282,2.8,0.113,0.0
A765,04/02/2018,11,23.3,23.3,21.0,83,91,82,20.2,20.2,19.4,1012.5,1012.5,1011.8,1.1,282,1.8,925.7,0.0
A765,04/02/2018,08,19.6,19.9,19.6,94,94,92,18.6,18.7,18.5,1010.4,1010.4,1010.3,0.7,258,2.1,-3.47,0.0
A765,04/02/2018,12,27.4,27.7,23.3,61,83,58,19.2,20.2,18.0,1012.9,1012.9,1012.5,1.0,47,3.0,2034.,0.0
A765,04/02/2018,04,19.8,20.4,19.7,93,93,91,18.7,18.9,18.4,1011.0,1011.9,1010.9,0.8,321,1.6,-3.60,0.0
A765,04/02/2018,07,19.9,20.7,19.9,92,94,92,18.6,19.4,18.6,1010.4,1010.5,1010.4,0.5,298,1.6,-3.59,0.0
A765,04/02/2018,09,20.0,20.1,19.6,93,94,93,18.9,19.1,18.6,1010.9,1010.9,1010.4,0.7,314,1.9,-2.47,0.0
A765,04/02/2018,20,26.5,26.7,26.2,68,69,66,20.0,20.2,19.4,1011.9,1012.2,1011.9,1.7,136,5.3,527.5,0.0
A765,04/02/2018,15,29.3,29.8,27.8,58,59,54,20.0,20.3,18.1,1013.2,1013.3,1013.1,3.4,118,5.6,3893.,0.0
A765,04/02/2018,05,20.0,20.0,19.6,95,95,93,19.1,19.1,18.5,1010.8,1011.1,1010.8,1.0,266,2.6,-3.55,0.0
A765,04/02/2018,16,27.5,29.8,27.5,62,63,56,19.6,21.2,19.3,1012.8,1013.2,1012.8,2.8,141,5.9,2961.,0.0
A765,04/02/2018,22,26.1,26.5,26.1,61,65,60,18.1,19.1,17.9,1012.6,1012.6,1012.3,1.2,149,4.0,242.2,0.0
A765,04/02/2018,21,26.5,26.7,26.4,63,68,61,18.9,19.9,18.4,1012.4,1012.4,1011.9,1.7,144,5.4,558.0,0.0
A765,04/02/2018,10,21.0,21.0,19.9,91,94,91,19.5,19.5,18.8,1011.8,1011.8,1010.9,0.5,238,1.4,197.4,0.0
A765,04/02/2018,14,28.9,29.0,27.5,57,59,54,19.6,19.6,18.3,1013.3,1013.3,1013.1,2.3,122,4.9,3416.,0.0
A765,04/02/2018,19,26.4,27.1,26.3,68,69,64,20.0,20.8,19.7,1012.2,1012.4,1012.1,2.5,147,5.3,917.2,0.0
A765,04/02/2018,18,26.8,27.8,26.8,68,71,66,20.4,21.5,20.0,1012.4,1012.6,1012.3,2.6,133,6.0,1471.,0.0
A765,04/02/2018,17,27.1,28.9,27.1,67,68,60,20.5,21.1,19.7,1012.6,1012.9,1012.6,3.3,160,6.5,2899.,0.0
A765,05/02/2018,02,22.5,23.0,22.5,89,89,85,20.6,20.7,20.2,1013.3,1013.5,1013.2,1.8,51,3.9,-3.16,1.2
A765,05/02/2018,00,23.2,24.5,23.2,84,85,81,20.4,21.5,20.4,1013.4,1013.4,1013.1,1.2,298,2.5,-3.20,0.0
A765,05/02/2018,13,26.2,26.6,25.6,64,71,64,18.9,20.6,18.9,1011.6,1011.8,1011.6,1.0,130,2.9,1689.,0.0
A765,05/02/2018,10,21.9,22.1,21.8,93,94,93,20.8,21.0,20.7,1011.4,1011.4,1010.9,1.2,41,2.9,37.67,0.2
A765,05/02/2018,01,23.0,23.2,22.8,87,88,84,20.6,21.0,20.4,1013.5,1013.5,1013.3,0.9,285,1.7,-3.08,0.0
A765,05/02/2018,05,21.6,22.6,21.4,92,92,86,20.2,20.8,19.5,1011.4,1012.1,1011.4,1.5,222,4.9,1.999,0.0
A765,05/02/2018,14,27.1,27.3,26.2,67,69,62,20.5,20.7,19.1,1011.6,1011.7,1011.6,1.4,129,3.0,2061.,0.2
A765,05/02/2018,06,21.7,22.7,21.6,92,93,89,20.3,21.1,20.2,1011.1,1011.4,1011.0,1.3,323,3.9,-1.49,0.4
A765,05/02/2018,04,22.6,22.7,22.1,90,92,89,20.8,21.2,20.4,1012.1,1012.8,1012.1,1.0,57,4.6,0.408,0.0
A765,05/02/2018,03,22.2,22.8,22.2,89,92,89,20.4,21.3,20.4,1012.8,1013.3,1012.8,0.7,262,3.9,-0.88,1.0
A765,05/02/2018,12,25.6,25.6,23.4,71,88,70,19.9,21.5,19.8,1011.6,1011.7,1011.2,1.2,215,2.5,1284.,0.0
A765,05/02/2018,07,21.8,22.2,21.6,93,94,92,20.7,21.0,20.3,1010.8,1011.1,1010.8,1.1,342,2.5,-1.02,0.0
A765,05/02/2018,11,23.4,23.4,21.9,88,94,87,21.2,21.3,20.8,1011.2,1011.5,1011.2,0.9,223,2.9,463.6,0.0
A765,05/02/2018,23,22.8,24.3,22.8,91,91,80,21.2,21.2,20.5,1010.5,1010.6,1010.1,1.5,249,6.9,-0.35,0.6
A765,05/02/2018,19,25.4,26.5,25.4,77,77,72,21.2,21.5,20.7,1009.8,1010.2,1009.8,2.8,146,6.5,908.6,0.0
A765,05/02/2018,16,27.5,27.9,25.5,72,78,69,22.1,22.4,20.8,1011.0,1011.5,1011.0,1.9,135,6.3,2447.,0.0
A765,05/02/2018,15,27.2,27.4,26.1,70,75,66,21.2,22.0,20.0,1011.5,1011.7,1011.5,2.6,162,5.3,2070.,0.0
A765,05/02/2018,17,25.9,28.4,25.9,75,76,67,21.2,22.4,20.9,1010.5,1011.0,1010.4,3.1,133,6.7,2876.,0.0
A765,05/02/2018,22,24.2,25.1,24.2,80,80,71,20.6,20.9,19.6,1010.1,1010.1,1009.7,2.6,184,6.9,69.66,0.0
A765,05/02/2018,09,22.1,22.1,21.8,94,94,94,21.0,21.0,20.8,1010.9,1010.9,1010.5,0.5,288,2.0,-1.20,0.0
A765,05/02/2018,18,26.2,26.4,25.6,72,79,72,20.8,22.1,20.7,1010.1,1010.5,1010.0,3.2,136,6.8,1259.,0.0
A765,05/02/2018,08,21.9,22.1,21.7,94,94,93,20.9,21.1,20.6,1010.6,1010.9,1010.6,1.2,337,1.9,-0.78,0.0
A765,05/02/2018,20,25.1,25.5,24.8,79,82,77,21.2,21.7,21.0,1009.8,1010.0,1009.7,2.0,149,6.5,425.8,0.0
A765,05/02/2018,21,25.1,25.1,24.6,73,81,73,19.9,21.2,19.9,1009.8,1009.8,1009.6,1.5,161,6.2,188.3,0.0
A765,06/02/2018,03,21.3,21.6,21.3,95,95,95,20.5,20.8,20.5,1010.5,1011.0,1010.5,1.4,238,2.8,0.138,8.2
A765,06/02/2018,22,24.5,24.8,24.5,82,82,79,21.2,21.5,21.0,1009.1,1009.1,1008.7,0.8,173,2.7,216.9,0.0
A765,06/02/2018,13,24.2,24.2,22.2,85,94,85,21.5,21.8,21.1,1010.7,1010.9,1010.7,1.9,254,4.7,1739.,0.0
A765,06/02/2018,23,22.3,24.5,22.3,93,93,82,21.2,21.7,21.1,1009.7,1009.7,1009.1,0.8,81,4.8,1.207,3.4
A765,06/02/2018,21,24.8,24.8,24.0,81,87,81,21.4,21.9,21.3,1008.7,1008.7,1008.5,1.0,239,2.6,382.3,0.0
A765,06/02/2018,15,24.7,26.4,24.7,81,81,73,21.2,21.7,20.5,1010.0,1010.5,1010.0,3.4,207,7.5,2000.,0.0
A765,06/02/2018,01,21.8,22.4,21.8,94,94,92,20.8,21.4,20.7,1010.9,1011.0,1010.6,1.5,241,4.5,-1.43,1.4
A765,06/02/2018,12,22.3,22.3,21.8,94,94,92,21.2,21.2,20.6,1010.8,1010.8,1010.1,2.2,264,5.0,400.7,0.4
A765,06/02/2018,00,22.2,23.3,22.2,92,92,88,20.8,21.4,20.6,1010.7,1010.9,1010.5,1.4,244,4.7,0.058,0.0
A765,06/02/2018,02,21.5,22.0,21.5,95,95,94,20.6,21.1,20.5,1011.0,1011.1,1010.7,1.7,339,4.4,0.049,13.4
A765,06/02/2018,05,21.1,21.1,21.0,95,96,95,20.4,20.4,20.3,1009.2,1009.8,1009.2,2.2,223,5.9,0.020,0.0
A765,06/02/2018,06,21.1,21.2,21.1,96,96,95,20.4,20.4,20.3,1008.8,1009.2,1008.8,1.7,231,5.6,1.157,1.6
A765,06/02/2018,14,25.0,25.9,24.0,79,85,76,21.1,22.1,20.7,1010.5,1010.7,1010.5,2.3,232,7.0,2429.,0.0
A765,06/02/2018,11,22.1,22.1,21.6,93,95,92,20.9,20.9,20.6,1010.1,1010.1,1009.6,0.9,242,3.6,189.2,0.0
A765,06/02/2018,04,21.0,21.3,21.0,96,96,95,20.3,20.5,20.3,1009.8,1010.5,1009.8,1.8,241,4.4,-0.50,0.0
A765,06/02/2018,10,21.6,21.6,21.2,95,95,95,20.7,20.7,20.4,1009.6,1009.6,1008.9,1.4,226,3.9,67.59,0.0
A765,06/02/2018,09,21.2,21.3,21.2,95,95,95,20.4,20.5,20.4,1008.9,1008.9,1008.4,1.6,227,4.8,0.724,0.0
A765,06/02/2018,16,24.5,25.0,24.5,80,82,77,20.9,21.5,20.6,1009.9,1010.0,1009.9,2.0,226,7.5,1254.,0.0
A765,06/02/2018,07,21.2,21.3,21.1,96,96,96,20.4,20.6,20.4,1008.6,1008.9,1008.5,1.5,232,3.5,0.304,0.2
A765,06/02/2018,20,24.0,24.8,23.6,86,87,81,21.6,21.6,21.0,1008.5,1008.7,1008.5,0.8,206,5.0,277.5,0.0
A765,06/02/2018,08,21.2,21.2,21.2,95,96,95,20.4,20.5,20.4,1008.4,1008.6,1008.3,2.2,216,7.0,0.117,0.0
A765,06/02/2018,18,25.9,26.3,25.0,73,79,72,20.7,21.6,20.5,1008.9,1009.3,1008.9,2.2,232,5.5,1695.,0.0
A765,06/02/2018,19,24.5,26.0,24.5,81,81,72,21.0,21.1,20.3,1008.7,1008.9,1008.6,1.8,226,6.1,902.5,0.0
A765,06/02/2018,17,25.2,25.4,24.5,78,81,77,21.2,21.5,20.7,1009.3,1009.9,1009.3,2.3,223,5.9,1163.,0.0
A765,07/02/2018,10,21.3,21.3,21.1,96,96,96,20.6,20.7,20.5,1009.8,1009.8,1009.0,1.3,295,3.3,89.55,0.0
A765,07/02/2018,20,26.3,26.4,26.1,72,74,71,20.9,21.3,20.6,1009.9,1010.2,1009.8,1.9,151,5.7,520.8,0.0
A765,07/02/2018,11,24.0,24.0,21.3,88,96,88,21.8,22.0,20.6,1010.5,1010.5,1009.8,1.4,225,3.6,705.8,0.0
A765,07/02/2018,00,22.2,22.4,22.0,96,96,93,21.4,21.5,21.1,1010.3,1010.3,1009.7,1.1,333,1.8,-0.02,3.6
A765,07/02/2018,12,24.8,24.9,23.9,79,88,79,20.9,21.8,20.8,1011.2,1011.2,1010.5,1.5,281,3.9,881.5,0.0
A765,07/02/2018,04,22.1,22.2,21.7,93,96,93,21.0,21.4,20.9,1009.4,1010.4,1009.4,1.3,302,2.4,-0.88,0.0
A765,07/02/2018,22,25.6,26.2,25.6,75,75,72,20.8,21.1,20.5,1009.9,1009.9,1009.7,0.5,204,2.5,112.1,0.0
A765,07/02/2018,01,22.0,22.3,21.9,96,96,95,21.3,21.6,21.2,1010.9,1010.9,1010.3,0.8,33,1.9,0.147,4.2
A765,07/02/2018,03,21.8,21.8,21.6,96,96,96,21.2,21.2,20.9,1010.4,1010.8,1010.4,1.5,349,3.3,-0.62,1.2
A765,07/02/2018,21,26.2,26.4,26.2,72,74,71,20.8,21.2,20.6,1009.8,1009.9,1009.7,1.1,175,4.4,417.2,0.0
A765,07/02/2018,05,21.6,22.1,21.6,96,96,93,20.9,21.0,20.6,1008.9,1009.4,1008.9,1.0,259,2.1,-1.40,0.0
A765,07/02/2018,06,21.6,21.8,21.5,96,96,96,20.9,21.1,20.8,1008.4,1008.9,1008.3,1.2,280,2.3,-1.56,0.0
A765,07/02/2018,23,24.3,25.6,24.3,90,90,75,22.5,22.5,20.7,1010.1,1010.1,1009.8,0.9,344,1.6,-2.53,0.0
A765,07/02/2018,19,26.4,27.3,26.2,73,73,68,21.1,21.4,20.4,1010.1,1010.4,1010.1,2.5,139,7.0,1098.,0.0
A765,07/02/2018,07,21.4,21.6,21.3,96,96,96,20.8,21.0,20.7,1008.3,1008.4,1008.2,0.8,265,2.3,-2.34,0.0
A765,07/02/2018,09,21.2,21.4,21.1,96,96,96,20.6,20.8,20.5,1009.0,1009.0,1008.5,1.4,246,4.0,-2.31,0.0
A765,07/02/2018,02,21.6,22.0,21.6,96,96,96,21.0,21.3,20.9,1010.8,1011.1,1010.8,2.0,352,3.3,0.053,2.8
A765,07/02/2018,08,21.3,21.5,21.3,96,96,96,20.7,20.9,20.7,1008.5,1008.5,1008.3,0.9,252,2.3,-1.99,0.0
A765,07/02/2018,15,28.5,28.6,26.8,62,69,62,20.6,21.9,19.6,1011.0,1011.4,1011.0,2.1,180,5.4,2485.,0.0
A765,07/02/2018,14,26.8,27.2,26.2,68,73,68,20.5,21.2,20.3,1011.4,1011.5,1011.4,2.1,213,5.4,2047.,0.2
A765,07/02/2018,13,26.4,26.5,24.8,72,79,72,21.0,21.4,20.5,1011.4,1011.4,1011.2,2.1,233,5.1,1711.,0.0
A765,07/02/2018,18,27.0,28.7,26.6,70,71,63,21.1,21.5,20.4,1010.4,1010.7,1010.4,3.1,149,7.8,1935.,0.0
A765,07/02/2018,17,27.9,28.6,27.5,65,67,62,20.8,21.4,20.0,1010.7,1010.8,1010.7,3.2,154,8.4,2951.,0.0
A765,07/02/2018,16,27.5,29.5,27.4,65,66,59,20.3,21.7,19.6,1010.8,1011.0,1010.8,3.9,156,7.1,2987.,0.0
A765,08/02/2018,10,20.4,20.4,19.6,96,97,96,19.8,19.8,19.0,1011.8,1011.8,1011.0,1.0,287,1.9,91.47,0.0
A765,08/02/2018,04,21.2,21.7,21.2,95,96,95,20.3,20.9,20.3,1010.6,1010.7,1010.5,1.4,350,2.2,-3.55,0.0
A765,08/02/2018,19,29.2,29.9,28.9,66,68,62,22.1,22.9,21.3,1010.7,1011.0,1010.7,2.5,123,5.8,2670.,0.0
A765,08/02/2018,20,27.6,29.4,27.6,70,70,65,21.6,22.6,21.5,1010.5,1010.7,1010.5,2.1,121,5.3,1543.,0.0
A765,08/02/2018,18,29.4,30.0,29.1,64,67,59,21.9,22.6,21.1,1011.0,1011.5,1011.0,2.8,124,6.7,3284.,0.0
A765,08/02/2018,21,27.3,27.9,27.2,70,72,68,21.5,21.9,21.3,1010.6,1010.7,1010.4,2.0,94,4.8,485.2,0.0
A765,08/02/2018,22,26.8,27.4,26.8,70,71,69,21.0,21.6,20.9,1010.4,1010.7,1010.4,2.3,92,4.6,121.9,0.0
A765,08/02/2018,23,25.8,26.8,25.8,79,79,70,21.9,22.1,20.9,1010.6,1010.6,1010.4,1.1,4,4.2,-0.75,0.0
A765,08/02/2018,05,20.7,21.2,20.7,95,96,95,19.9,20.4,19.9,1010.2,1010.6,1010.2,0.8,324,2.2,-3.59,0.0
A765,08/02/2018,15,29.0,29.3,28.3,66,68,62,21.9,22.5,21.0,1012.2,1012.6,1012.2,2.9,116,6.3,3678.,0.0
A765,08/02/2018,00,23.5,24.3,23.5,92,92,90,22.1,22.5,22.0,1011.0,1011.0,1010.0,0.5,258,1.8,-3.06,0.0
A765,08/02/2018,01,22.7,23.5,22.7,93,93,91,21.6,22.2,21.5,1011.0,1011.1,1011.0,0.7,346,1.6,-3.60,0.0
A765,08/02/2018,02,22.0,22.7,22.0,94,94,93,21.0,21.5,21.0,1010.9,1011.1,1010.8,0.7,256,2.3,-3.60,0.0
A765,08/02/2018,11,23.0,23.0,20.4,93,96,93,21.8,21.8,19.8,1012.2,1012.2,1011.8,0.9,242,1.9,776.2,0.0
A765,08/02/2018,12,26.5,26.5,23.0,68,93,68,20.1,22.0,19.6,1012.7,1012.7,1012.2,0.7,204,1.8,1868.,0.0
A765,08/02/2018,03,21.6,22.0,21.6,95,95,94,20.8,21.0,20.7,1010.7,1010.9,1010.6,0.9,265,1.3,-3.59,0.0
A765,08/02/2018,13,28.2,28.4,26.5,64,69,62,20.7,21.2,19.7,1012.8,1012.8,1012.7,1.9,132,3.6,2658.,0.0
A765,08/02/2018,14,28.6,28.9,27.5,65,67,62,21.3,21.7,20.2,1012.6,1012.9,1012.6,2.4,126,5.7,3289.,0.0
A765,08/02/2018,09,19.7,20.1,19.7,96,96,96,19.1,19.5,19.0,1011.0,1011.0,1010.5,0.6,330,1.1,-3.12,0.0
A765,08/02/2018,16,29.3,29.8,28.4,63,69,61,21.6,22.5,20.8,1011.9,1012.2,1011.9,2.9,114,5.7,3779.,0.0
A765,08/02/2018,17,29.1,29.7,28.8,66,67,62,22.2,22.5,21.4,1011.5,1011.9,1011.5,3.3,113,6.2,3663.,0.0
A765,08/02/2018,06,20.6,20.7,20.4,96,96,95,19.9,19.9,19.7,1010.1,1010.2,1009.9,0.5,292,1.2,-3.59,0.0
A765,08/02/2018,07,20.6,20.8,20.4,96,96,96,19.9,20.2,19.7,1010.3,1010.3,1010.0,1.3,315,2.0,-3.56,0.0
A765,08/02/2018,08,20.1,20.6,20.1,96,96,96,19.5,20.0,19.4,1010.5,1010.5,1010.3,0.5,327,1.9,-3.48,0.0
A765,09/02/2018,01,23.5,24.7,23.5,90,90,85,21.8,22.1,21.7,1011.5,1011.6,1010.8,0.8,307,1.7,-3.60,0.0
A765,09/02/2018,10,22.9,22.9,21.4,90,94,90,21.2,21.3,20.5,1011.7,1011.7,1010.9,1.0,216,3.7,94.12,0.0
A765,09/02/2018,05,21.9,22.0,21.6,95,95,93,21.0,21.1,20.4,1010.4,1010.8,1010.3,0.9,224,2.0,-3.59,0.0
A765,09/02/2018,00,24.7,25.8,24.7,85,85,79,22.0,22.3,21.9,1010.8,1010.9,1010.6,1.0,317,2.3,-3.25,0.0
A765,09/02/2018,04,21.7,22.4,21.6,93,93,88,20.5,20.5,20.2,1010.8,1011.4,1010.8,0.4,320,1.5,-3.60,0.0
A765,09/02/2018,19,30.8,31.2,30.3,63,////,////,22.9,////,////,1009.9,1010.6,1009.9,2.6,128,5.6,2644.,0.0
A765,09/02/2018,15,30.8,31.1,29.7,////,70,61,////,////,////,1011.9,1012.5,1011.9,2.9,117,5.4,3615.,0.0
A765,09/02/2018,08,20.8,21.6,20.8,95,95,94,19.9,20.7,19.9,1010.0,1010.1,1009.9,0.8,259,1.9,-3.59,0.0
A765,09/02/2018,22,27.5,29.6,27.5,80,80,62,23.6,24.0,21.4,1009.2,1009.2,1008.6,0.5,267,3.5,188.3,0.0
A765,09/02/2018,20,30.3,31.0,30.1,68,69,59,23.8,////,////,1009.2,1009.9,1009.2,2.1,125,5.0,1803.,0.0
A765,09/02/2018,11,25.3,25.3,22.9,79,90,79,21.4,21.5,21.2,1012.0,1012.1,1011.7,1.4,211,3.4,673.9,0.0
A765,09/02/2018,23,26.0,27.5,26.0,87,88,80,23.6,24.2,23.5,1010.2,1010.2,1009.2,0.9,280,1.7,-3.08,0.0
A765,09/02/2018,14,30.1,30.6,29.4,65,69,62,22.7,23.6,22.0,1012.5,1012.7,1012.5,2.2,117,4.4,3213.,0.0
A765,09/02/2018,21,29.5,30.4,29.5,65,71,65,22.2,23.8,22.2,1008.6,1009.2,1008.6,1.7,120,4.5,933.9,0.0
A765,09/02/2018,06,21.8,21.9,21.7,94,95,94,20.9,21.1,20.8,1010.0,1010.4,1010.0,1.3,228,2.6,-3.56,0.0
A765,09/02/2018,07,21.5,21.9,21.3,95,95,94,20.6,21.0,20.4,1010.0,1010.2,1010.0,0.8,289,2.6,-3.49,0.0
A765,09/02/2018,12,28.1,28.1,25.3,71,79,70,22.3,22.8,21.3,1012.6,1012.6,1012.0,1.2,226,3.1,1807.,0.0
A765,09/02/2018,13,29.8,30.2,28.1,////,72,64,////,23.6,21.8,1012.7,1012.7,1012.6,1.6,122,3.6,2590.,0.0
A765,09/02/2018,17,31.3,31.5,30.6,////,////,////,////,////,////,1011.3,1011.8,1011.3,3.0,113,6.1,3611.,0.0
A765,09/02/2018,09,21.4,21.4,20.7,94,95,94,20.5,20.5,19.8,1010.9,1010.9,1010.0,1.4,210,3.3,-3.24,0.0
A765,09/02/2018,18,30.7,31.3,30.3,////,////,////,////,////,////,1010.6,1011.3,1010.6,3.3,124,5.9,3257.,0.0
A765,09/02/2018,16,31.1,31.6,30.2,////,////,////,////,////,////,1011.8,1012.0,1011.8,2.7,122,6.1,3770.,0.0
A765,09/02/2018,02,22.6,23.5,22.6,90,90,89,20.9,21.8,20.9,1011.5,1011.6,1011.5,0.4,345,1.7,-3.60,0.0
A765,09/02/2018,03,22.3,22.7,22.3,89,90,88,20.5,21.0,20.3,1011.4,1011.5,1011.4,0.6,337,1.6,-3.60,0.0
A765,10/02/2018,16,31.8,32.2,30.9,////,////,////,////,////,////,1010.1,1010.4,1010.1,2.8,128,6.4,3492.,0.0
A765,10/02/2018,22,24.0,24.3,23.9,95,95,95,23.1,23.4,22.9,1011.4,1011.8,1011.2,1.1,2,2.4,9.245,2.6
A765,10/02/2018,15,31.2,32.8,31.2,////,////,////,////,////,////,1010.3,1011.0,1010.3,3.5,118,6.3,3368.,0.0
A765,10/02/2018,11,26.0,26.2,23.8,86,93,86,23.4,23.9,22.5,1010.5,1010.6,1010.4,1.4,207,2.8,688.0,0.0
A765,10/02/2018,17,31.3,32.8,31.3,////,////,////,////,////,////,1009.6,1010.1,1009.6,2.3,151,6.0,2533.,0.0
A765,10/02/2018,18,28.6,31.5,28.6,71,72,55,22.8,////,////,1009.8,1009.8,1009.5,1.5,102,4.2,786.9,0.2
A765,10/02/2018,05,22.8,23.2,22.8,93,93,92,21.5,22.0,21.5,1009.4,1010.0,1009.4,0.8,327,2.3,-3.59,0.0
A765,10/02/2018,21,24.0,24.2,23.9,95,95,93,23.1,23.2,23.0,1011.7,1012.0,1011.6,1.6,319,4.2,9.698,1.8
A765,10/02/2018,04,23.1,23.4,22.9,93,94,91,22.0,22.0,21.6,1010.0,1010.7,1009.9,0.6,285,1.6,-3.60,0.0
A765,10/02/2018,01,24.2,25.2,24.2,90,90,86,22.3,23.4,22.0,1011.0,1011.0,1010.7,0.6,297,2.2,-3.60,0.0
A765,10/02/2018,00,25.2,26.0,25.2,90,90,87,23.4,23.7,23.4,1010.7,1010.7,1010.2,0.9,345,2.2,-3.60,0.0
A765,10/02/2018,02,23.8,24.2,23.8,92,93,90,22.5,22.7,22.2,1011.4,1011.5,1011.0,1.1,320,1.9,-3.58,0.0
A765,10/02/2018,03,23.3,24.0,23.3,92,93,91,21.9,22.7,21.8,1010.7,1011.4,1010.7,0.4,303,1.9,-3.60,0.0
A765,10/02/2018,07,22.6,22.8,22.5,93,93,92,21.5,21.5,21.1,1009.6,1009.6,1009.1,0.5,289,1.3,-3.45,0.0
A765,10/02/2018,06,22.6,22.9,22.5,92,93,92,21.2,21.7,21.2,1009.1,1009.5,1009.1,0.5,279,2.2,-3.53,0.0
A765,10/02/2018,12,29.9,29.9,25.8,69,87,69,23.7,24.4,23.3,1010.5,1010.6,1010.4,2.1,173,3.7,1596.,0.0
A765,10/02/2018,14,31.6,31.6,30.2,////,////,////,////,////,////,1011.0,1011.0,1010.8,2.7,158,5.8,2770.,0.0
A765,10/02/2018,13,31.1,31.2,29.8,////,////,////,////,////,////,1010.8,1011.0,1010.5,2.9,161,4.7,2331.,0.0
A765,10/02/2018,23,23.5,24.1,23.3,95,96,95,22.7,23.3,22.5,1011.2,1011.6,1011.0,0.6,192,4.5,0.342,0.8
A765,10/02/2018,09,23.4,23.4,22.9,94,94,92,22.3,22.3,21.7,1010.1,1010.1,1009.6,1.0,240,2.9,-2.54,0.0
A765,10/02/2018,08,23.0,23.2,22.6,93,94,92,21.8,22.1,21.4,1009.6,1009.8,1009.6,0.8,264,1.9,-2.85,0.0
A765,10/02/2018,19,24.5,28.6,23.8,93,93,70,23.4,23.4,22.1,1011.4,1012.4,1009.8,2.5,124,10.3,50.67,16.8
A765,10/02/2018,20,24.2,24.6,24.0,94,94,92,23.1,23.4,22.8,1011.6,1012.3,1011.4,1.6,198,5.7,21.58,1.8
A765,10/02/2018,10,23.8,24.1,23.4,93,94,93,22.5,22.9,22.2,1010.6,1010.7,1010.1,1.0,331,2.9,138.9,0.0
A765,11/02/2018,04,23.3,23.5,22.9,95,95,95,22.5,22.7,22.1,1010.7,1011.6,1010.7,0.7,294,1.8,-0.21,0.0
A765,11/02/2018,07,23.4,23.5,23.0,95,95,95,22.5,22.7,22.1,1009.6,1009.6,1009.2,0.4,253,2.8,-1.82,0.0
A765,11/02/2018,02,22.8,23.0,22.6,94,94,93,21.8,22.0,21.5,1012.0,1012.2,1011.8,0.6,264,1.7,-0.20,0.0
A765,11/02/2018,17,31.6,31.8,30.5,////,////,////,////,////,////,1009.6,1010.2,1009.6,2.7,119,6.4,2816.,0.0
A765,11/02/2018,23,27.2,27.9,27.1,91,91,85,25.6,25.6,25.1,1009.8,1009.8,1009.1,1.2,306,2.2,-2.21,0.0
A765,11/02/2018,08,23.2,23.6,23.2,94,95,94,22.2,22.7,22.2,1010.0,1010.0,1009.6,0.6,325,2.4,-1.07,0.0
A765,11/02/2018,03,23.1,23.1,22.8,95,95,94,22.2,22.3,21.8,1011.6,1012.0,1011.6,0.7,272,1.5,-0.21,0.0
A765,11/02/2018,05,23.4,23.5,23.2,96,96,95,22.7,22.8,22.4,1010.0,1010.8,1009.9,1.1,203,3.0,-0.52,0.0
A765,11/02/2018,00,23.2,23.5,22.8,95,95,94,22.3,22.7,21.9,1011.7,1011.7,1011.1,1.5,199,5.2,-0.56,0.0
A765,11/02/2018,06,23.3,23.5,23.0,95,96,95,22.5,22.7,22.2,1009.6,1010.0,1009.6,1.0,219,3.0,-1.25,0.0
A765,11/02/2018,22,27.8,29.7,27.8,85,85,71,25.1,25.1,23.7,1009.2,1009.2,1008.4,0.9,252,2.1,87.09,0.0
A765,11/02/2018,01,23.0,23.8,22.9,94,95,92,22.0,22.6,21.9,1011.9,1012.4,1011.7,0.8,279,5.2,-0.39,0.0
A765,11/02/2018,15,30.9,31.5,30.5,////,////,////,////,////,////,1010.8,1011.4,1010.8,3.2,112,5.7,3587.,0.0
A765,11/02/2018,09,23.0,23.2,22.9,95,96,94,22.2,22.4,22.1,1010.8,1010.8,1010.0,0.7,220,2.6,-1.88,0.0
A765,11/02/2018,20,31.0,32.2,30.7,////,////,////,////,////,////,1008.2,1008.3,1008.1,1.9,110,3.5,1661.,0.0
A765,11/02/2018,13,30.8,31.5,28.1,////,78,67,////,24.9,22.9,1011.7,1012.1,1011.7,1.3,147,3.2,2537.,0.0
A765,11/02/2018,14,30.7,31.6,30.2,75,////,////,25.7,////,////,1011.4,1011.8,1011.4,2.9,153,5.2,3161.,0.2
A765,11/02/2018,10,24.2,24.2,23.0,93,95,93,23.0,23.0,22.2,1011.4,1011.4,1010.8,0.8,241,3.2,168.4,0.0
A765,11/02/2018,16,31.5,31.8,30.9,////,////,////,////,////,////,1010.2,1010.8,1010.1,2.7,120,5.7,3756.,0.0
A765,11/02/2018,18,29.9,31.6,29.6,73,75,71,24.5,25.2,24.1,1008.9,1009.6,1008.9,1.5,129,5.3,1161.,0.0
A765,11/02/2018,12,28.1,28.4,25.6,77,87,76,23.8,24.2,23.1,1012.1,1012.1,1011.7,1.1,195,2.3,1525.,0.0
A765,11/02/2018,11,25.6,25.6,24.2,87,93,87,23.2,23.4,22.9,1011.7,1011.7,1011.4,1.1,278,3.2,696.1,0.0
A765,11/02/2018,21,29.7,31.1,29.6,71,74,64,23.8,24.5,23.5,1008.4,1008.5,1008.0,1.1,133,3.8,338.5,0.0
A765,11/02/2018,19,31.3,31.8,29.7,////,73,68,////,////,////,1008.3,1008.9,1008.2,1.5,112,3.8,1785.,0.0
A765,12/02/2018,16,30.3,32.0,29.8,73,////,////,24.9,////,////,1010.1,1010.6,1010.1,2.7,148,6.3,2154.,0.0
A765,12/02/2018,19,27.8,28.7,27.8,84,84,81,24.8,25.4,24.6,1010.0,1010.1,1009.9,1.7,201,5.6,393.8,0.0
A765,12/02/2018,03,25.7,26.3,25.6,94,94,91,24.6,24.8,24.5,1010.5,1010.8,1010.5,0.7,299,2.0,-2.92,0.0
A765,12/02/2018,12,29.3,29.3,26.8,75,86,74,24.3,25.0,23.9,1010.9,1011.0,1010.8,0.8,321,1.9,1552.,0.0
A765,12/02/2018,15,31.4,32.6,29.8,////,////,////,////,////,////,1010.4,1010.4,1010.2,2.7,149,7.5,2831.,0.0
A765,12/02/2018,13,30.9,31.5,29.3,////,////,////,////,////,////,1010.9,1011.0,1010.8,2.2,136,5.0,2566.,0.0
A765,12/02/2018,11,26.8,26.9,25.3,84,90,83,23.9,24.1,23.5,1010.9,1010.9,1010.3,1.0,241,1.9,534.7,0.0
A765,12/02/2018,02,26.3,26.6,26.1,91,94,91,24.8,25.1,24.8,1010.8,1010.8,1010.2,1.0,282,3.1,-3.13,0.0
A765,12/02/2018,09,25.8,25.8,25.0,91,95,91,24.3,24.4,24.1,1009.2,1009.2,1008.2,1.4,216,4.3,-3.41,0.0
A765,12/02/2018,06,25.2,25.4,25.1,94,95,94,24.2,24.5,24.1,1008.4,1008.8,1008.4,0.9,335,2.0,-3.14,0.0
A765,12/02/2018,08,25.0,25.3,24.8,95,95,94,24.1,24.4,23.8,1008.2,1008.2,1008.0,1.4,225,2.7,-3.18,0.0
A765,12/02/2018,04,25.6,25.7,25.5,93,94,93,24.4,24.6,24.3,1009.8,1010.5,1009.8,0.6,301,1.6,-2.85,0.0
A765,12/02/2018,05,25.4,25.6,25.4,94,94,93,24.4,24.5,24.2,1008.8,1009.8,1008.8,0.4,254,1.3,-2.55,0.0
A765,12/02/2018,14,32.0,32.5,30.9,////,////,////,////,////,////,1010.3,1010.9,1010.3,2.5,186,5.4,3155.,0.0
A765,12/02/2018,07,25.0,25.2,25.0,94,94,94,24.0,24.2,24.0,1008.1,1008.4,1008.1,0.4,197,1.8,-2.84,0.0
A765,12/02/2018,18,28.3,29.5,27.5,81,86,77,24.6,25.2,24.4,1009.9,1010.4,1009.8,2.5,190,5.6,1021.,0.0
A765,12/02/2018,01,26.1,26.6,26.1,94,94,93,25.1,25.4,25.0,1010.3,1010.4,1010.0,1.3,233,2.9,-2.85,0.0
A765,12/02/2018,00,26.6,27.2,26.6,93,93,91,25.4,25.7,25.4,1010.3,1010.3,1009.8,0.5,23,2.2,-2.91,0.0
A765,12/02/2018,10,25.3,26.0,25.1,90,92,90,23.5,24.3,23.5,1010.3,1010.3,1009.2,1.1,289,3.0,121.2,0.0
A765,12/02/2018,23,24.1,25.7,23.9,93,93,89,22.9,24.4,22.4,1011.8,1011.9,1011.3,1.9,179,7.0,-2.43,0.2
A765,12/02/2018,22,25.7,25.9,25.7,92,93,92,24.4,24.7,24.4,1011.3,1011.3,1010.5,0.9,221,2.0,26.04,0.0
A765,12/02/2018,17,27.6,30.6,27.0,86,86,70,25.0,25.1,23.7,1010.1,1010.3,1010.0,2.0,169,6.3,667.4,1.8
A765,12/02/2018,21,25.7,26.5,25.7,92,92,89,24.4,24.8,24.3,1010.5,1010.5,1010.0,1.0,238,3.4,38.63,0.4
A765,12/02/2018,20,26.5,27.9,26.5,90,91,84,24.8,25.1,24.2,1010.1,1010.2,1009.9,1.0,233,4.5,199.8,0.4
A765,13/02/2018,04,24.2,25.3,24.1,94,94,87,23.1,23.2,22.9,1013.1,1013.2,1012.8,1.4,245,9.3,-0.70,0.8
A765,13/02/2018,03,25.3,26.0,24.5,87,93,85,23.0,23.9,23.0,1012.9,1012.9,1012.4,4.1,264,9.3,-1.88,0.0
A765,13/02/2018,12,22.7,23.5,22.7,93,94,91,21.6,22.1,21.6,1016.8,1016.8,1016.3,1.4,190,6.1,183.5,5.6
A765,13/02/2018,13,23.0,23.1,22.7,96,96,93,22.2,22.4,21.7,1017.3,1017.3,1016.8,1.4,225,4.2,245.8,11.0
A765,13/02/2018,06,23.5,24.0,23.5,95,95,95,22.6,23.2,22.6,1013.2,1013.2,1012.9,2.9,239,7.4,0.398,3.6
A765,13/02/2018,05,23.9,24.3,23.9,95,95,94,23.1,23.3,23.0,1012.9,1013.2,1012.9,1.8,227,6.0,-0.06,5.8
A765,13/02/2018,18,22.3,22.6,22.2,94,94,93,21.2,21.6,21.1,1018.0,1018.1,1017.8,3.2,156,6.9,413.1,5.6
A765,13/02/2018,17,22.4,22.9,22.1,94,95,93,21.3,22.0,20.9,1017.8,1018.0,1017.6,2.0,151,6.7,433.0,7.8
A765,13/02/2018,21,21.5,21.8,21.4,93,95,92,20.4,20.9,20.2,1017.6,1018.1,1017.6,1.6,193,7.0,114.7,3.4
A765,13/02/2018,20,21.6,22.1,21.3,95,95,93,20.8,21.0,20.4,1017.9,1018.3,1017.8,1.0,247,3.4,196.9,3.6
A765,13/02/2018,07,23.2,23.5,23.2,95,95,94,22.3,22.7,22.3,1013.4,1013.4,1013.1,1.5,236,8.4,-0.22,1.4
A765,13/02/2018,11,23.4,23.7,23.3,92,94,91,22.1,22.6,21.9,1016.3,1016.3,1015.6,2.2,210,8.5,70.93,2.2
A765,13/02/2018,09,23.3,23.6,23.1,95,95,94,22.4,22.7,22.2,1014.8,1014.8,1014.0,0.8,250,4.1,-0.21,0.8
A765,13/02/2018,22,21.9,22.0,21.5,92,94,92,20.7,20.7,20.3,1018.2,1018.2,1017.6,2.0,140,8.1,46.19,2.2
A765,13/02/2018,08,23.2,23.3,23.1,95,96,95,22.4,22.5,22.3,1014.1,1014.1,1013.4,1.1,238,4.2,-0.17,5.0
A765,13/02/2018,23,22.0,22.0,21.7,93,93,92,20.8,20.8,20.4,1019.3,1019.3,1018.3,2.5,133,7.1,0.054,1.4
A765,13/02/2018,19,21.7,22.3,21.6,93,94,91,20.4,21.4,20.3,1018.2,1018.3,1018.0,1.6,228,6.9,430.3,3.2
A765,13/02/2018,15,23.2,23.3,22.8,95,96,94,22.3,22.4,22.0,1017.7,1017.8,1017.7,2.2,159,7.0,518.9,7.6
A765,13/02/2018,14,23.0,23.1,22.8,95,96,95,22.2,22.4,22.0,1017.8,1017.8,1017.2,1.4,228,4.1,427.7,7.6
A765,13/02/2018,00,24.0,24.4,24.0,94,94,92,22.9,23.1,22.9,1012.6,1012.6,1011.8,1.8,356,3.4,-2.23,0.0
A765,13/02/2018,16,22.8,23.3,22.8,94,95,94,21.8,22.4,21.8,1017.7,1017.9,1017.6,2.1,181,7.0,456.6,7.2
A765,13/02/2018,02,24.5,24.8,24.3,93,94,92,23.2,23.5,23.0,1012.7,1013.1,1012.7,1.2,195,3.5,-2.37,0.0
A765,13/02/2018,01,24.3,24.5,24.0,94,94,94,23.3,23.5,22.9,1012.7,1013.0,1012.5,1.4,7,3.4,-1.92,0.0
A765,13/02/2018,10,23.4,23.6,23.2,94,95,94,22.4,22.7,22.2,1015.6,1015.6,1014.8,1.1,234,4.9,7.866,3.4
A765,14/02/2018,04,21.9,22.5,21.9,93,93,89,20.6,20.9,20.5,1019.5,1019.9,1019.5,1.3,75,6.8,-0.59,0.4
A765,14/02/2018,02,22.1,22.1,21.9,93,93,92,20.8,20.9,20.7,1020.2,1020.4,1020.2,1.4,168,6.7,-0.23,1.2
A765,14/02/2018,08,21.5,21.5,21.1,96,96,96,20.8,20.8,20.5,1018.4,1018.4,1018.3,1.0,291,3.9,0.469,4.2
A765,14/02/2018,07,21.4,21.7,21.3,96,96,95,20.7,21.0,20.6,1018.3,1018.5,1018.2,1.0,347,2.4,0.628,8.4
A765,14/02/2018,14,24.3,24.5,23.5,88,96,88,22.2,23.5,22.1,1019.8,1020.3,1019.8,3.1,149,7.0,858.1,0.4
A765,14/02/2018,13,23.4,23.4,22.0,96,97,96,22.8,22.8,21.4,1020.3,1020.4,1020.1,1.7,174,4.7,458.4,2.4
A765,14/02/2018,01,21.9,22.4,21.9,93,93,90,20.7,21.0,20.6,1020.3,1020.3,1019.8,2.3,181,6.0,-0.23,0.8
A765,14/02/2018,03,22.3,22.3,21.9,92,93,92,20.8,21.1,20.8,1019.8,1020.2,1019.8,2.4,148,6.8,-0.09,0.6
A765,14/02/2018,12,22.0,22.2,21.9,96,97,96,21.4,21.6,21.3,1020.1,1020.1,1019.8,0.9,198,2.9,229.1,10.2
A765,14/02/2018,11,21.9,21.9,21.4,96,97,96,21.3,21.3,20.7,1019.8,1019.8,1019.1,1.1,263,2.6,54.46,11.8
A765,14/02/2018,10,21.4,21.7,21.3,96,96,96,20.7,21.0,20.6,1019.1,1019.1,1018.5,1.1,247,3.8,14.65,2.4
A765,14/02/2018,06,21.7,21.8,21.6,95,96,95,20.9,21.0,20.8,1018.5,1018.8,1018.5,1.6,288,3.2,0.259,0.2
A765,14/02/2018,00,22.2,22.2,21.8,93,94,93,21.0,21.0,20.8,1019.8,1019.8,1019.3,2.0,147,6.4,0.259,0.8
A765,14/02/2018,15,24.5,25.1,24.3,84,88,83,21.7,22.6,21.6,1019.7,1019.8,1019.6,3.5,145,8.1,1070.,0.0
A765,14/02/2018,05,21.6,21.9,21.6,95,95,93,20.8,20.9,20.6,1018.8,1019.5,1018.8,1.9,297,3.2,0.249,1.2
A765,14/02/2018,18,22.9,23.7,22.9,91,91,87,21.3,21.5,21.1,1019.1,1019.2,1019.0,1.3,199,9.2,340.0,0.6
A765,14/02/2018,20,22.2,22.2,21.9,94,95,94,21.2,21.3,21.0,1018.2,1019.0,1018.2,1.7,158,5.8,251.4,2.0
A765,14/02/2018,16,23.7,24.5,23.3,88,91,84,21.6,21.9,21.4,1019.8,1019.9,1019.6,3.1,155,10.4,347.0,1.8
A765,14/02/2018,17,23.7,23.9,23.2,87,91,85,21.4,21.8,21.3,1019.1,1019.8,1019.1,3.6,159,10.4,462.9,0.8
A765,14/02/2018,19,22.2,22.9,22.2,94,95,90,21.3,21.5,20.9,1019.0,1019.1,1019.0,1.8,265,5.0,298.6,5.0
A765,14/02/2018,22,21.0,21.3,21.0,96,96,94,20.3,20.6,20.2,1019.5,1019.5,1018.8,1.5,311,4.5,34.15,7.2
A765,14/02/2018,23,21.3,21.8,21.0,96,96,95,20.7,21.0,20.3,1019.9,1019.9,1019.4,0.7,71,4.3,0.757,6.6
A765,14/02/2018,21,21.3,22.4,21.3,94,94,93,20.4,21.3,20.3,1018.8,1018.8,1018.0,1.6,257,6.1,108.6,3.4
A765,14/02/2018,09,21.4,21.5,21.2,96,96,95,20.7,20.8,20.5,1018.5,1018.5,1018.4,1.2,285,3.8,0.560,0.4
A765,15/02/2018,04,21.1,21.1,20.9,97,97,96,20.5,20.5,20.3,1019.8,1020.2,1019.7,1.9,330,4.0,0.659,6.4
A765,15/02/2018,16,25.6,25.7,24.4,78,83,77,21.5,21.9,21.1,1019.9,1020.2,1019.9,1.3,226,3.3,844.7,0.0
A765,15/02/2018,03,21.0,21.5,21.0,96,96,95,20.4,20.8,20.4,1020.2,1021.0,1020.2,1.8,310,3.3,0.122,1.8
A765,15/02/2018,09,21.6,21.7,21.4,95,96,95,20.8,20.9,20.7,1019.1,1019.1,1018.8,1.0,245,2.8,0.506,0.4
A765,15/02/2018,00,21.3,21.7,21.3,96,96,96,20.7,21.0,20.6,1020.2,1020.2,1019.9,1.1,302,2.6,0.570,2.6
A765,15/02/2018,19,25.3,26.2,25.3,81,81,76,21.8,22.0,21.4,1019.0,1019.3,1019.0,2.3,198,4.7,1123.,0.0
A765,15/02/2018,23,22.1,22.4,22.1,96,96,96,21.5,21.7,21.4,1019.8,1019.9,1019.5,2.0,312,3.7,1.781,6.8
A765,15/02/2018,02,21.3,21.4,21.2,96,97,96,20.7,20.8,20.6,1020.9,1021.0,1020.7,1.2,198,3.6,0.789,3.8
A765,15/02/2018,06,21.8,21.8,21.0,95,96,95,20.9,20.9,20.2,1019.0,1019.6,1019.0,2.8,155,6.8,0.506,9.8
A765,15/02/2018,17,26.7,27.5,25.5,74,78,71,21.6,22.7,21.0,1019.7,1019.9,1019.6,2.4,151,4.7,2534.,0.0
A765,15/02/2018,15,24.9,26.4,24.9,81,81,76,21.4,22.4,21.2,1020.2,1020.3,1020.1,1.2,247,4.6,2011.,0.0
A765,15/02/2018,08,21.5,22.1,21.3,95,96,94,20.7,21.1,20.5,1018.8,1018.8,1018.5,2.1,300,2.9,0.419,0.0
A765,15/02/2018,20,23.3,25.3,23.3,92,92,81,21.9,22.1,21.6,1018.9,1019.0,1018.8,1.1,239,4.6,444.8,0.2
A765,15/02/2018,11,22.1,22.1,21.6,96,96,96,21.3,21.3,20.9,1019.9,1019.9,1019.5,1.1,276,1.9,195.2,0.0
A765,15/02/2018,14,25.6,26.1,24.3,80,84,78,21.9,22.6,21.2,1020.3,1020.6,1020.3,2.2,205,4.4,2740.,0.0
A765,15/02/2018,10,21.8,21.8,21.6,96,96,95,21.1,21.1,20.8,1019.5,1019.5,1019.1,1.0,274,1.9,50.70,0.0
A765,15/02/2018,21,23.1,23.3,23.0,95,95,92,22.2,22.3,21.8,1019.3,1019.3,1018.9,1.0,251,3.0,236.6,1.6
A765,15/02/2018,05,21.1,22.1,21.1,95,97,92,20.2,21.2,20.2,1019.5,1019.8,1019.4,2.3,302,6.3,0.185,2.8
A765,15/02/2018,18,26.0,26.7,25.5,77,80,74,21.8,22.4,21.4,1019.3,1019.7,1019.3,1.7,200,4.6,980.2,0.0
A765,15/02/2018,07,22.0,22.1,21.6,95,95,94,21.1,21.2,20.7,1018.5,1019.0,1018.5,1.0,162,6.7,0.122,1.2
A765,15/02/2018,22,22.4,23.1,22.4,96,96,95,21.7,22.3,21.7,1019.6,1019.6,1019.3,1.1,260,4.4,29.94,30.2
A765,15/02/2018,12,23.7,23.7,22.1,91,96,91,22.2,22.2,21.3,1020.2,1020.2,1019.9,1.1,224,3.7,643.4,0.0
A765,15/02/2018,01,21.4,21.5,21.3,97,97,96,20.8,20.9,20.7,1020.8,1020.8,1020.2,1.4,279,3.0,0.521,2.8
A765,15/02/2018,13,24.8,24.9,23.5,84,91,83,21.9,22.5,21.6,1020.6,1020.6,1020.2,1.2,250,2.8,1160.,0.0
A765,16/02/2018,06,21.1,21.1,21.0,97,97,96,20.6,20.6,20.4,1018.6,1018.9,1018.6,1.6,234,4.2,0.914,0.6
A765,16/02/2018,23,22.2,23.1,22.2,92,92,85,20.8,20.8,20.4,1019.0,1019.3,1018.8,0.9,279,1.9,-1.10,0.0
A765,16/02/2018,14,25.1,25.7,24.6,76,82,74,20.5,21.6,20.5,1021.1,1021.4,1021.1,1.7,219,4.7,1401.,0.0
A765,16/02/2018,09,21.4,21.5,21.3,96,96,96,20.8,20.8,20.7,1019.1,1019.1,1018.7,1.5,232,4.3,0.748,0.0
A765,16/02/2018,00,22.2,22.4,22.1,96,96,96,21.6,21.8,21.5,1020.5,1020.5,1019.8,2.0,345,4.3,0.983,2.6
A765,16/02/2018,01,21.7,22.3,21.7,97,97,96,21.1,21.7,21.1,1021.3,1021.3,1020.4,2.1,201,5.9,1.228,12.0
A765,16/02/2018,08,21.3,21.4,21.2,96,96,96,20.7,20.7,20.6,1018.7,1018.7,1018.4,1.3,238,2.9,0.782,0.6
A765,16/02/2018,15,24.4,25.0,23.9,79,82,76,20.5,20.8,20.4,1020.4,1021.1,1020.4,0.8,259,4.8,694.9,0.0
A765,16/02/2018,03,21.2,21.3,21.1,97,97,97,20.7,20.7,20.6,1020.3,1021.3,1020.3,1.1,248,3.9,0.745,1.6
A765,16/02/2018,22,23.1,24.0,23.1,85,85,80,20.4,20.8,20.2,1019.3,1019.4,1019.2,1.2,292,2.3,92.50,0.0
A765,16/02/2018,19,24.3,24.7,24.0,78,80,73,20.3,20.5,19.6,1019.5,1019.7,1019.3,0.7,11,3.0,472.8,0.0
A765,16/02/2018,05,21.0,21.1,20.9,97,97,97,20.4,20.5,20.4,1018.9,1019.6,1018.9,1.3,243,3.6,0.968,2.2
A765,16/02/2018,10,21.7,21.7,21.4,96,96,96,20.9,21.0,20.8,1019.7,1019.7,1019.1,1.2,244,3.5,27.26,0.0
A765,16/02/2018,04,21.1,21.3,21.1,97,97,97,20.5,20.7,20.5,1019.6,1020.3,1019.6,1.1,244,3.4,0.704,1.4
A765,16/02/2018,11,22.2,22.2,21.7,95,96,95,21.3,21.3,21.0,1020.4,1020.4,1019.7,1.1,217,3.1,140.4,0.0
A765,16/02/2018,20,23.9,24.8,23.8,76,79,69,19.5,20.3,18.5,1019.3,1019.5,1019.3,1.0,334,3.5,361.4,0.0
A765,16/02/2018,13,24.7,24.7,23.5,82,89,81,21.5,21.7,21.1,1021.2,1021.2,1020.8,1.3,184,3.1,946.1,0.0
A765,16/02/2018,21,23.9,24.3,23.8,80,80,73,20.2,20.2,19.0,1019.2,1019.3,1019.0,1.0,311,2.6,425.6,0.0
A765,16/02/2018,12,23.5,23.8,22.2,88,95,88,21.5,22.2,21.4,1020.8,1020.8,1020.4,1.2,198,2.8,636.5,0.0
A765,16/02/2018,16,24.9,25.5,24.3,75,80,74,20.2,21.1,20.1,1020.0,1020.4,1020.0,1.3,277,2.8,1061.,0.2
A765,16/02/2018,17,24.7,25.4,24.7,79,79,74,20.7,20.8,20.1,1019.8,1020.0,1019.8,0.8,241,4.2,413.7,0.0
A765,16/02/2018,07,21.4,21.4,21.1,96,97,96,20.7,20.8,20.6,1018.5,1018.6,1018.3,1.2,213,4.2,0.815,0.6
A765,16/02/2018,18,24.4,25.3,24.2,79,81,69,20.6,20.8,19.2,1019.7,1019.9,1019.7,1.6,333,3.0,620.3,0.0
A765,16/02/2018,02,21.3,21.6,21.3,97,97,97,20.8,21.0,20.7,1021.2,1021.5,1021.1,1.5,202,4.9,0.622,3.2
A765,17/02/2018,13,23.9,23.9,23.1,82,87,82,20.6,21.2,20.4,1017.5,1017.6,1017.4,2.0,223,5.1,1123.,0.0
A765,17/02/2018,10,21.2,21.4,21.1,95,95,94,20.4,20.5,20.3,1017.6,1017.6,1016.9,0.4,27,1.7,33.46,0.0
A765,17/02/2018,02,21.3,21.5,21.1,95,95,94,20.4,20.5,20.2,1018.6,1019.4,1018.6,1.0,278,2.0,-2.49,0.0
A765,17/02/2018,23,22.5,23.6,22.5,92,92,85,21.0,21.1,20.8,1015.1,1015.4,1015.1,1.3,215,3.7,-2.64,0.0
A765,17/02/2018,05,21.4,21.5,21.3,94,94,92,20.3,20.3,20.1,1017.0,1017.7,1017.0,1.1,272,2.4,-1.85,0.0
A765,17/02/2018,01,21.5,22.1,21.5,94,94,92,20.5,20.9,20.4,1019.4,1019.5,1019.2,0.9,304,1.8,-2.69,0.0
A765,17/02/2018,00,22.0,22.2,22.0,92,92,92,20.7,20.9,20.6,1019.3,1019.4,1019.0,0.8,269,1.5,-0.86,0.0
A765,17/02/2018,17,25.2,26.0,25.1,77,80,77,21.0,22.0,20.8,1016.1,1016.7,1016.1,2.6,237,6.8,1871.,0.0
A765,17/02/2018,08,21.2,21.4,21.1,94,94,93,20.2,20.3,20.0,1016.3,1016.5,1016.1,0.8,273,1.9,-1.75,0.0
A765,17/02/2018,04,21.5,21.8,21.4,92,93,92,20.2,20.4,20.1,1017.7,1018.2,1017.7,1.2,177,2.4,-2.12,0.0
A765,17/02/2018,07,21.4,21.6,21.3,93,94,92,20.3,20.3,20.2,1016.5,1016.8,1016.4,0.5,217,1.9,-1.77,0.0
A765,17/02/2018,06,21.6,21.6,21.2,92,94,92,20.3,20.4,20.1,1016.8,1017.1,1016.8,0.5,270,2.3,-1.36,0.0
A765,17/02/2018,22,23.6,23.8,23.6,85,85,83,20.9,21.1,20.8,1015.4,1015.4,1015.1,0.9,238,3.0,96.31,0.0
A765,17/02/2018,21,23.8,25.0,23.8,83,84,76,20.8,20.9,20.3,1015.2,1015.3,1015.0,1.2,273,4.5,223.2,0.0
A765,17/02/2018,11,22.2,22.2,21.2,94,96,94,21.2,21.3,20.4,1017.1,1017.8,1017.0,1.2,242,3.8,407.7,0.6
A765,17/02/2018,12,23.1,23.1,22.1,87,94,87,20.7,21.2,20.7,1017.4,1017.4,1017.1,1.7,222,5.1,527.9,0.0
A765,17/02/2018,20,24.7,26.1,24.7,79,79,74,20.7,21.7,20.5,1015.1,1015.6,1015.1,1.9,248,4.4,733.7,0.0
A765,17/02/2018,03,21.5,21.5,21.2,93,95,93,20.3,20.5,20.2,1018.2,1018.7,1018.2,0.8,206,1.7,-1.28,0.0
A765,17/02/2018,16,25.6,25.8,25.3,77,78,73,21.3,21.6,20.3,1016.7,1017.2,1016.7,2.8,207,7.1,1947.,0.0
A765,17/02/2018,18,25.0,25.5,25.0,77,79,76,20.7,21.3,20.6,1016.1,1016.2,1016.0,2.2,231,6.3,1091.,0.0
A765,17/02/2018,14,24.2,24.2,23.5,83,86,81,21.2,21.5,20.2,1017.6,1017.7,1017.5,1.8,206,4.5,1311.,0.0
A765,17/02/2018,09,21.4,21.4,21.2,95,95,94,20.5,20.5,20.2,1016.9,1016.9,1016.3,0.8,23,1.5,-1.46,0.0
A765,17/02/2018,15,25.4,25.4,24.2,76,84,75,20.9,21.3,20.4,1017.2,1017.6,1017.2,2.9,203,6.4,1494.,0.0
A765,17/02/2018,19,25.2,26.5,25.0,78,79,73,21.1,21.7,20.7,1015.6,1016.1,1015.5,1.6,239,5.0,1297.,0.0
A765,18/02/2018,05,22.1,22.2,21.9,94,95,94,21.2,21.2,21.0,1013.9,1014.2,1013.9,1.5,234,3.8,-1.99,0.0
A765,18/02/2018,10,22.6,22.6,21.9,95,96,95,21.8,21.8,21.2,1012.9,1013.1,1012.8,1.0,218,3.3,65.73,0.0
A765,18/02/2018,11,22.9,22.9,22.4,95,96,95,22.0,22.0,21.5,1013.6,1013.7,1012.9,0.7,257,2.5,198.5,0.0
A765,18/02/2018,01,22.3,22.3,22.1,94,95,94,21.3,21.3,21.1,1015.3,1015.3,1015.1,2.1,219,4.4,-0.85,0.0
A765,18/02/2018,02,22.1,22.3,22.1,94,94,94,21.1,21.3,21.1,1015.6,1015.6,1015.3,1.5,252,4.5,-1.27,0.0
A765,18/02/2018,09,21.9,22.0,21.8,96,96,96,21.2,21.4,21.1,1012.8,1012.9,1012.5,0.9,246,2.2,-1.23,0.0
A765,18/02/2018,03,22.1,22.2,22.1,94,94,94,21.1,21.2,21.1,1015.2,1015.7,1015.1,1.9,216,4.1,-2.19,0.0
A765,18/02/2018,19,26.1,26.4,26.1,78,80,77,22.0,22.3,21.9,1011.1,1011.1,1011.0,0.5,124,2.4,472.6,0.0
A765,18/02/2018,20,26.2,26.2,26.0,79,81,78,22.3,22.6,22.1,1010.6,1011.1,1010.6,1.0,133,1.9,383.1,0.0
A765,18/02/2018,07,21.9,22.3,21.9,95,95,95,21.1,21.4,21.1,1013.2,1013.6,1013.0,1.7,303,2.4,-1.67,0.0
A765,18/02/2018,13,24.0,24.1,23.8,90,91,90,22.3,22.4,22.1,1013.9,1013.9,1013.8,1.2,281,2.1,493.3,0.0
A765,18/02/2018,12,23.9,24.1,22.9,90,95,90,22.2,22.6,22.0,1013.9,1013.9,1013.6,0.8,268,2.1,456.9,0.0
A765,18/02/2018,17,26.5,26.9,26.2,78,79,73,22.3,22.4,21.7,1011.5,1012.3,1011.5,1.5,124,3.8,929.5,0.0
A765,18/02/2018,06,22.2,22.2,22.0,95,95,94,21.3,21.3,21.1,1013.5,1013.9,1013.5,1.1,264,3.0,-1.99,0.0
A765,18/02/2018,00,22.1,22.5,22.1,94,94,92,21.1,21.1,21.0,1015.2,1015.2,1015.1,1.0,236,4.7,-1.70,0.2
A765,18/02/2018,08,21.9,22.1,21.8,96,96,95,21.1,21.4,21.1,1012.9,1013.3,1012.9,0.7,224,2.4,-1.46,0.0
A765,18/02/2018,16,26.8,27.5,25.5,73,81,72,21.5,22.8,21.5,1012.3,1013.0,1012.2,1.3,104,2.8,1590.,0.0
A765,18/02/2018,22,24.3,25.2,24.3,92,92,84,22.9,22.9,22.3,1011.0,1011.0,1010.5,0.5,222,2.0,20.48,0.6
A765,18/02/2018,14,24.7,24.8,23.8,88,91,88,22.6,22.7,22.2,1013.7,1013.9,1013.7,1.0,222,2.2,516.2,0.0
A765,18/02/2018,15,26.1,26.2,24.8,79,88,79,22.2,23.0,21.9,1013.0,1013.7,1013.0,0.3,260,2.2,1307.,0.0
A765,18/02/2018,21,25.2,26.2,25.2,84,84,79,22.3,22.6,22.2,1010.5,1010.6,1010.4,0.9,346,2.0,233.9,0.0
A765,18/02/2018,23,23.7,24.3,23.7,95,95,92,22.9,22.9,22.8,1011.0,1011.1,1011.0,0.3,292,1.0,-0.43,1.0
A765,18/02/2018,18,26.3,26.8,26.2,78,79,74,22.1,22.7,21.6,1011.1,1011.5,1011.1,1.2,168,3.5,901.9,0.0
A765,18/02/2018,04,22.0,22.1,22.0,95,95,94,21.0,21.2,21.0,1014.2,1015.2,1014.2,1.5,235,5.2,-2.04,0.0
A765,19/02/2018,11,23.2,23.2,22.0,95,97,95,22.2,22.3,21.5,1010.3,1010.4,1010.0,0.6,283,2.0,487.0,0.0
A765,19/02/2018,00,23.2,23.7,23.2,96,96,95,22.5,22.9,22.5,1011.0,1011.2,1011.0,0.4,302,1.5,-0.56,0.2
A765,19/02/2018,02,22.9,23.1,22.9,97,97,96,22.3,22.5,22.3,1011.0,1011.4,1011.0,0.4,290,1.8,-0.86,0.0
A765,19/02/2018,07,22.1,22.4,22.0,97,97,97,21.6,22.0,21.6,1008.9,1008.9,1008.6,1.0,256,2.4,-1.13,0.0
A765,19/02/2018,09,21.9,22.4,21.7,97,97,97,21.4,21.9,21.2,1009.5,1009.5,1008.9,1.1,274,2.7,-1.68,0.0
A765,19/02/2018,06,22.0,22.3,22.0,97,97,97,21.5,21.8,21.5,1008.8,1009.6,1008.8,0.9,265,1.9,-1.12,0.0
A765,19/02/2018,03,22.6,22.9,22.6,96,97,96,22.1,22.3,22.1,1010.9,1011.0,1010.8,0.6,299,2.0,-0.83,0.0
A765,19/02/2018,04,22.6,22.7,22.5,97,97,96,22.0,22.1,21.9,1010.3,1010.9,1010.3,1.0,264,2.6,-1.05,0.0
A765,19/02/2018,14,28.6,28.9,27.7,69,75,67,22.3,23.4,21.6,1010.0,1010.3,1010.0,2.1,121,4.1,3121.,0.0
A765,19/02/2018,13,27.7,28.3,25.1,71,83,69,21.8,23.6,21.4,1010.3,1010.5,1010.2,1.5,133,3.2,2079.,0.0
A765,19/02/2018,20,27.9,28.1,27.7,74,76,73,22.9,23.4,22.7,1007.1,1007.5,1007.1,1.5,119,3.2,524.5,0.0
A765,19/02/2018,19,28.0,28.8,27.9,75,76,72,23.1,23.6,22.8,1007.5,1007.9,1007.5,1.3,110,3.8,877.7,0.0
A765,19/02/2018,12,25.5,25.6,23.2,81,94,81,22.0,22.9,22.0,1010.3,1010.3,1010.1,0.4,328,1.5,1364.,0.0
A765,19/02/2018,21,27.3,27.9,27.3,78,79,74,23.3,23.6,22.9,1007.4,1007.4,1007.0,0.7,60,3.2,498.6,0.0
A765,19/02/2018,08,22.4,22.5,22.1,97,97,97,21.9,22.0,21.6,1008.9,1008.9,1008.7,1.0,279,2.4,-1.66,0.0
A765,19/02/2018,10,22.2,22.2,21.8,97,97,97,21.7,21.7,21.3,1010.0,1010.0,1009.5,0.8,247,2.5,108.0,0.2
A765,19/02/2018,16,28.2,29.4,27.9,71,76,70,22.4,24.1,22.4,1008.7,1009.6,1008.7,2.5,103,5.0,2657.,0.0
A765,19/02/2018,15,28.9,29.1,28.0,75,75,68,24.0,24.0,22.3,1009.6,1010.1,1009.6,2.0,115,4.4,3114.,0.0
A765,19/02/2018,22,26.2,27.4,26.2,85,85,79,23.5,23.6,23.3,1007.9,1007.9,1007.4,1.1,349,2.0,48.41,0.0
A765,19/02/2018,17,28.3,29.3,28.0,74,74,68,23.2,23.6,22.3,1008.3,1008.7,1008.3,2.3,115,4.9,2012.,0.0
A765,19/02/2018,18,28.8,29.3,28.3,72,74,68,23.2,23.5,22.4,1007.8,1008.4,1007.8,1.8,118,4.6,1794.,0.0
A765,19/02/2018,05,22.2,22.7,22.2,97,97,97,21.7,22.2,21.7,1009.6,1010.3,1009.5,1.1,304,2.8,-1.85,0.0
A765,19/02/2018,01,23.1,23.2,23.1,96,96,96,22.5,22.6,22.5,1011.4,1011.4,1011.0,0.6,256,1.0,-0.76,0.0
A765,19/02/2018,23,25.3,26.2,25.3,85,88,84,22.6,23.5,22.4,1008.2,1008.2,1007.9,0.8,315,2.4,-1.14,0.0
A765,20/02/2018,05,26.1,26.2,24.2,75,91,75,21.4,23.1,21.4,1006.4,1007.1,1006.4,1.3,173,2.3,-0.43,0.0
A765,20/02/2018,20,29.6,31.8,29.5,74,75,68,24.5,24.7,23.8,1004.2,1004.3,1003.8,1.5,132,4.5,492.2,0.0
A765,20/02/2018,19,31.5,32.2,30.4,////,////,////,////,////,////,1003.9,1004.1,1003.9,1.9,131,5.5,1264.,0.0
A765,20/02/2018,18,31.9,32.8,31.1,////,////,////,////,////,////,1003.9,1004.4,1003.8,3.0,136,6.2,2256.,0.0
A765,20/02/2018,03,23.8,23.9,23.6,94,94,93,22.7,22.9,22.6,1007.6,1008.3,1007.6,0.6,278,2.1,-2.16,0.0
A765,20/02/2018,00,24.6,25.3,24.6,84,85,83,21.7,22.5,21.7,1008.6,1008.6,1008.2,0.6,360,1.5,-2.71,0.0
A765,20/02/2018,04,24.4,24.5,23.8,91,94,91,22.9,23.2,22.7,1007.1,1007.6,1007.1,0.7,216,2.5,-1.22,0.0
A765,20/02/2018,02,23.7,24.0,23.7,93,93,90,22.6,22.6,22.1,1008.2,1008.7,1008.2,0.6,288,1.8,-1.91,0.0
A765,20/02/2018,07,28.2,28.3,25.2,63,80,63,20.5,21.6,20.4,1005.6,1005.8,1005.3,2.2,32,8.3,-2.84,0.0
A765,20/02/2018,01,23.9,24.6,23.8,90,90,84,22.2,22.2,21.7,1008.7,1008.8,1008.6,0.6,233,1.7,-2.63,0.0
A765,20/02/2018,06,27.0,27.5,25.4,69,79,66,20.7,21.5,20.5,1005.8,1006.4,1005.6,0.5,19,5.0,-0.45,0.0
A765,20/02/2018,11,28.5,30.1,28.5,65,65,56,21.2,21.2,20.1,1006.4,1006.5,1006.0,1.8,357,5.8,392.9,0.0
A765,20/02/2018,21,28.5,29.7,28.4,79,80,73,24.6,24.7,24.1,1004.2,1004.3,1004.0,0.5,316,3.3,242.5,0.0
A765,20/02/2018,10,29.9,29.9,27.8,56,65,56,20.2,20.8,20.2,1006.0,1006.1,1005.5,2.1,360,7.9,65.28,0.0
A765,20/02/2018,08,28.0,29.9,27.9,64,65,56,20.6,20.8,20.2,1005.3,1005.8,1005.1,4.3,335,9.4,-1.80,0.0
A765,20/02/2018,13,31.0,31.5,30.5,////,58,52,////,////,////,1006.7,1006.7,1006.6,1.3,11,5.3,1363.,0.0
A765,20/02/2018,22,27.5,28.6,27.5,85,86,79,24.7,25.3,24.5,1004.6,1004.6,1004.2,0.6,355,1.7,71.56,0.0
A765,20/02/2018,12,30.7,30.7,28.2,54,67,54,20.3,21.5,20.3,1006.7,1006.7,1006.4,2.0,92,4.7,925.9,0.0
A765,20/02/2018,09,27.9,30.8,27.2,65,68,52,20.7,20.9,19.8,1005.7,1005.8,1004.9,2.8,306,12.1,-1.92,0.0
A765,20/02/2018,23,25.9,27.5,25.9,93,93,85,24.7,24.9,24.3,1004.9,1004.9,1004.5,1.8,231,3.4,-2.83,0.8
A765,20/02/2018,14,32.1,32.4,30.6,////,////,////,////,////,////,1006.4,1006.8,1006.4,2.0,152,4.5,1651.,0.0
A765,20/02/2018,15,31.9,32.8,31.4,////,////,////,////,////,////,1005.9,1006.4,1005.7,1.6,113,6.5,1728.,0.0
A765,20/02/2018,16,32.0,33.2,31.8,////,////,////,////,////,////,1005.1,1005.9,1005.1,2.0,137,6.9,2037.,0.0
A765,20/02/2018,17,32.0,32.3,31.2,////,////,////,////,////,////,1004.4,1005.2,1004.4,2.1,134,5.9,1736.,0.0
A765,21/02/2018,00,25.4,25.9,25.4,94,95,93,24.4,24.8,24.4,1005.5,1005.5,1004.9,1.2,221,4.4,-1.40,0.0
A765,21/02/2018,05,25.8,25.9,25.6,92,92,91,24.3,24.4,24.1,1005.5,1006.2,1005.4,1.6,249,5.4,-1.53,0.0
A765,21/02/2018,01,25.0,25.5,24.9,95,95,94,24.1,24.6,24.0,1005.8,1005.8,1005.4,1.0,290,2.7,-1.18,0.0
A765,21/02/2018,11,28.6,28.6,24.6,75,92,75,23.8,24.3,23.1,1006.6,1006.9,1006.5,1.7,108,3.1,758.7,0.0
A765,21/02/2018,09,24.8,26.1,24.8,91,91,86,23.2,23.7,23.1,1005.9,1005.9,1005.4,0.7,348,3.4,-2.63,0.0
A765,21/02/2018,16,31.3,32.0,30.7,////,////,////,////,////,////,1005.9,1006.4,1005.9,3.5,122,7.2,3534.,0.0
A765,21/02/2018,07,25.3,25.9,25.3,91,92,89,23.7,24.4,23.6,1005.4,1005.6,1005.1,1.4,28,4.3,-1.93,0.0
A765,21/02/2018,03,25.8,27.1,25.1,90,96,87,23.9,25.3,23.7,1006.3,1006.3,1005.5,2.7,206,5.8,-2.30,0.0
A765,21/02/2018,14,29.6,32.4,29.4,68,////,////,23.0,////,////,1006.9,1007.0,1006.5,3.9,151,9.1,2155.,0.0
A765,21/02/2018,15,31.2,32.0,29.1,////,69,62,////,23.8,22.5,1006.4,1006.9,1006.3,2.7,150,9.5,2745.,0.0
A765,21/02/2018,04,25.9,26.0,25.8,91,91,89,24.3,24.3,23.9,1006.1,1006.4,1006.1,2.2,206,6.8,-1.65,0.0
A765,21/02/2018,23,26.1,28.8,26.1,86,86,70,23.5,23.8,22.6,1006.3,1006.3,1005.9,1.1,313,3.3,-3.02,0.0
A765,21/02/2018,06,25.9,25.9,25.0,92,93,91,24.4,24.4,23.6,1005.4,1005.7,1005.1,1.5,234,5.3,-1.54,0.0
A765,21/02/2018,12,31.3,31.6,28.6,////,75,58,////,23.8,21.4,1006.6,1006.7,1006.5,1.9,154,6.3,1775.,0.0
A765,21/02/2018,20,31.0,31.3,29.9,////,////,////,////,////,////,1005.4,1005.4,1005.1,2.4,119,4.5,1456.,0.0
A765,21/02/2018,02,25.1,25.4,25.0,96,96,95,24.4,24.6,24.1,1005.6,1005.9,1005.6,1.3,182,2.5,-0.70,0.0
A765,21/02/2018,13,30.3,31.9,30.3,////,////,////,////,////,////,1006.8,1006.9,1006.5,2.8,163,9.1,1623.,0.0
A765,21/02/2018,08,25.3,25.7,25.0,89,92,88,23.3,24.0,23.2,1005.6,1005.7,1005.3,1.3,135,5.4,-2.18,0.0
A765,21/02/2018,19,31.0,31.4,29.9,////,69,64,////,////,////,1005.1,1005.5,1005.1,1.9,107,4.7,1732.,0.0
A765,21/02/2018,21,29.3,31.0,29.3,66,67,64,22.4,23.5,22.4,1005.4,1005.4,1005.2,2.5,93,5.2,907.0,0.0
A765,21/02/2018,22,28.8,29.5,28.8,70,70,66,22.7,22.7,22.3,1005.9,1005.9,1005.4,1.7,98,4.3,162.1,0.0
A765,21/02/2018,18,30.9,31.2,29.4,////,71,64,////,////,////,1005.5,1005.6,1005.4,1.9,108,5.2,1869.,0.0
A765,21/02/2018,17,30.5,31.5,30.1,////,////,////,////,////,////,1005.5,1005.9,1005.5,2.7,135,7.7,2803.,0.0
A765,21/02/2018,10,24.6,24.8,24.2,91,92,91,23.1,23.2,22.8,1006.5,1006.6,1006.0,1.2,240,3.4,54.60,0.0
A765,22/02/2018,22,25.0,25.4,25.0,88,89,84,22.8,23.0,22.4,1009.0,1009.0,1008.3,1.2,324,2.3,22.17,0.0
A765,22/02/2018,05,23.8,23.9,23.7,94,94,94,22.8,23.0,22.7,1007.4,1007.7,1007.4,0.8,308,2.1,-3.60,0.0
A765,22/02/2018,11,24.6,24.6,23.2,91,95,91,23.1,23.1,22.3,1008.7,1008.7,1008.1,0.5,275,2.0,372.0,0.0
A765,22/02/2018,04,23.8,24.3,23.8,94,94,93,22.8,23.0,22.7,1007.7,1008.4,1007.7,1.0,271,2.0,-3.59,0.0
A765,22/02/2018,00,25.4,26.1,25.4,88,89,86,23.3,23.6,23.3,1007.0,1007.0,1006.3,0.9,359,1.8,-3.60,0.0
A765,22/02/2018,01,24.8,25.4,24.8,91,91,88,23.3,23.6,23.1,1008.2,1008.2,1007.0,1.2,350,2.0,-3.60,0.0
A765,22/02/2018,02,24.6,24.9,24.5,90,91,89,22.9,23.3,22.7,1008.4,1008.5,1008.2,0.3,23,2.0,-3.60,0.0
A765,22/02/2018,10,23.2,23.4,22.8,95,95,95,22.3,22.6,21.9,1008.1,1008.1,1007.4,1.2,305,2.0,65.70,0.0
A765,22/02/2018,03,24.3,24.6,24.1,93,93,90,23.0,23.1,22.7,1008.4,1008.5,1008.3,1.0,283,1.9,-3.59,0.0
A765,22/02/2018,20,25.6,26.5,25.6,83,84,82,22.6,23.5,22.5,1008.1,1008.1,1007.9,1.7,225,4.8,125.0,0.0
A765,22/02/2018,08,22.9,23.0,22.8,95,95,94,22.1,22.2,21.7,1007.3,1007.3,1007.1,1.2,282,2.0,-3.54,0.0
A765,22/02/2018,19,26.4,26.5,25.6,83,87,83,23.3,23.5,23.0,1008.0,1008.2,1007.9,0.6,113,3.4,753.5,0.0
A765,22/02/2018,06,23.0,23.8,23.0,93,95,93,21.8,22.9,21.8,1007.1,1007.4,1007.0,0.7,318,2.1,-3.60,0.0
A765,22/02/2018,07,22.8,23.1,22.8,94,94,92,21.7,22.0,21.4,1007.1,1007.2,1007.0,0.7,288,1.6,-3.51,0.0
A765,22/02/2018,21,25.3,25.6,25.2,84,86,83,22.5,22.7,22.3,1008.3,1008.4,1008.1,1.3,282,4.8,158.8,0.0
A765,22/02/2018,18,25.6,26.2,25.5,87,88,83,23.4,23.5,23.1,1008.2,1008.5,1008.2,1.7,266,4.1,407.3,0.0
A765,22/02/2018,16,27.8,28.6,26.6,77,84,73,23.4,24.2,23.1,1008.6,1009.1,1008.6,2.8,179,5.4,1850.,0.0
A765,22/02/2018,17,26.2,27.8,26.1,83,83,77,23.1,23.6,22.8,1008.5,1008.7,1008.4,1.7,208,6.1,377.0,0.0
A765,22/02/2018,15,26.7,28.8,26.7,83,83,74,23.6,24.0,23.2,1009.0,1009.1,1008.9,2.4,209,6.7,1512.,0.0
A765,22/02/2018,12,27.9,28.0,24.6,77,91,76,23.5,23.9,23.0,1008.9,1008.9,1008.7,1.6,201,3.1,1607.,0.0
A765,22/02/2018,23,24.8,25.0,24.8,89,89,87,22.8,22.8,22.7,1010.0,1010.0,1008.9,1.1,256,2.1,-0.72,0.0
A765,22/02/2018,14,27.8,30.3,27.8,78,78,64,23.5,24.0,22.4,1009.1,1009.1,1008.8,2.8,201,6.1,2356.,0.0
A765,22/02/2018,13,29.3,29.6,27.8,71,78,70,23.6,24.6,22.9,1009.0,1009.0,1008.9,2.7,184,4.6,2606.,0.0
A765,22/02/2018,09,23.1,23.1,22.8,95,95,95,22.2,22.3,21.9,1007.4,1007.4,1007.3,0.7,304,2.0,-3.51,0.0
A765,23/02/2018,05,23.5,23.8,23.5,94,94,93,22.5,22.7,22.5,1011.2,1011.7,1011.2,1.1,272,3.1,-1.09,0.2
A765,23/02/2018,21,26.0,26.5,25.9,70,72,68,20.2,20.7,20.0,1014.1,1014.1,1013.7,1.2,171,4.5,217.5,0.0
A765,23/02/2018,15,26.9,27.6,26.8,74,76,71,22.0,22.5,21.5,1014.0,1014.1,1014.0,2.5,170,5.6,1226.,0.0
A765,23/02/2018,23,25.4,25.7,25.4,72,74,70,20.0,20.6,19.7,1015.0,1015.0,1014.3,1.4,173,4.3,-1.69,0.0
A765,23/02/2018,14,27.2,29.1,27.1,72,80,67,21.7,23.3,21.5,1014.0,1014.1,1013.9,2.6,165,5.3,2777.,0.0
A765,23/02/2018,22,25.5,26.0,25.5,74,74,70,20.4,20.5,20.1,1014.3,1014.3,1014.1,1.2,191,3.1,55.45,0.0
A765,23/02/2018,04,23.8,24.2,23.5,94,94,92,22.7,22.8,22.4,1011.6,1011.7,1011.5,1.2,307,3.1,-1.53,3.6
A765,23/02/2018,09,23.3,23.6,23.1,93,95,93,22.1,22.6,22.1,1011.9,1011.9,1011.2,1.7,293,4.4,-0.54,0.4
A765,23/02/2018,10,23.2,23.3,23.0,94,95,93,22.2,22.3,21.9,1012.6,1012.6,1011.9,0.4,231,2.6,35.93,0.2
A765,23/02/2018,00,24.4,24.9,24.4,92,92,88,23.1,23.1,22.7,1010.9,1010.9,1010.0,0.7,292,2.1,-2.24,0.2
A765,23/02/2018,03,23.8,24.1,23.5,94,95,94,22.7,23.2,22.5,1011.6,1011.9,1011.6,1.5,290,4.0,-1.34,3.4
A765,23/02/2018,01,24.0,24.4,24.0,94,94,92,22.9,23.2,22.9,1011.5,1011.6,1010.9,1.4,344,2.3,-2.18,0.4
A765,23/02/2018,02,24.0,24.1,23.9,94,94,94,23.0,23.1,22.9,1011.7,1011.7,1011.5,0.8,240,2.1,-2.17,0.0
A765,23/02/2018,11,23.5,23.7,23.2,94,95,94,22.6,22.9,22.2,1013.1,1013.1,1012.6,0.9,237,3.7,254.8,0.0
A765,23/02/2018,12,25.0,25.0,23.5,90,94,89,23.2,23.3,22.5,1013.6,1013.6,1013.1,0.8,239,3.0,852.6,0.0
A765,23/02/2018,13,27.2,27.2,25.0,79,90,79,23.3,23.6,22.6,1013.9,1013.9,1013.6,0.6,185,2.9,1694.,0.0
A765,23/02/2018,06,23.8,23.9,23.4,92,94,92,22.5,22.7,22.3,1010.8,1011.2,1010.8,1.2,360,4.1,-1.21,0.4
A765,23/02/2018,07,23.4,23.8,23.3,93,93,92,22.2,22.4,22.1,1010.9,1010.9,1010.8,0.7,293,3.5,-0.37,0.0
A765,23/02/2018,20,26.5,26.9,26.4,68,69,66,20.0,20.5,19.7,1013.7,1013.7,1013.4,1.8,193,5.7,633.8,0.0
A765,23/02/2018,18,26.6,27.1,26.5,71,73,69,20.9,21.6,20.7,1013.6,1013.7,1013.6,2.4,156,4.9,725.7,0.0
A765,23/02/2018,08,23.5,23.6,23.3,94,94,93,22.5,22.6,22.3,1011.3,1011.3,1010.9,1.9,292,3.0,-0.31,2.8
A765,23/02/2018,17,26.8,27.4,26.7,72,73,69,21.2,21.9,20.8,1013.7,1014.0,1013.7,1.7,171,4.9,1034.,0.0
A765,23/02/2018,16,26.9,28.3,26.6,71,76,69,21.2,22.8,21.0,1014.0,1014.1,1014.0,2.2,167,5.6,1390.,0.0
A765,23/02/2018,19,26.7,26.8,26.2,68,72,67,20.3,21.0,20.2,1013.4,1013.6,1013.4,2.4,161,6.0,511.7,0.0
A765,24/02/2018,00,23.8,25.4,23.8,86,86,72,21.2,21.4,19.9,1015.5,1015.5,1015.0,0.7,271,3.2,-2.90,0.0
A765,24/02/2018,10,21.1,21.1,20.6,93,95,93,19.9,20.1,19.5,1014.8,1014.8,1014.3,0.5,322,2.3,69.07,0.0
A765,24/02/2018,19,28.7,29.5,27.3,60,69,59,20.3,22.0,20.2,1014.6,1015.0,1014.6,2.7,129,5.8,2389.,0.0
A765,24/02/2018,05,21.3,22.3,21.2,94,94,89,20.2,20.6,19.9,1014.7,1015.4,1014.7,0.5,301,1.6,-3.60,0.0
A765,24/02/2018,03,21.8,22.4,21.8,93,93,90,20.6,20.7,20.4,1016.0,1016.1,1016.0,0.8,277,1.7,-3.51,0.0
A765,24/02/2018,09,20.9,21.3,20.8,94,95,94,20.0,20.5,19.9,1014.4,1014.4,1014.1,1.3,284,2.3,-3.31,0.0
A765,24/02/2018,14,28.8,29.0,27.8,63,65,58,21.0,21.3,19.3,1016.4,1016.4,1016.3,2.6,106,5.0,3296.,0.0
A765,24/02/2018,02,22.4,22.8,22.3,91,91,90,20.7,21.1,20.7,1016.0,1016.0,1015.9,0.9,283,1.9,-3.56,0.0
A765,24/02/2018,08,21.2,21.3,20.7,95,95,94,20.3,20.4,19.7,1014.1,1014.1,1013.9,1.1,261,2.3,-3.04,0.0
A765,24/02/2018,21,26.7,28.1,26.7,70,71,65,20.8,21.1,20.5,1014.7,1014.7,1014.3,2.3,139,5.6,494.3,0.0
A765,24/02/2018,01,22.7,23.8,22.7,90,91,86,21.0,21.4,21.0,1015.9,1015.9,1015.5,1.1,262,1.9,-3.41,0.0
A765,24/02/2018,04,22.1,22.3,21.8,89,93,89,20.3,20.9,20.3,1015.4,1016.0,1015.4,0.6,312,1.7,-2.77,0.0
A765,24/02/2018,13,28.3,28.4,26.1,61,70,60,20.0,21.0,19.6,1016.4,1016.4,1016.0,1.7,124,3.9,2679.,0.0
A765,24/02/2018,11,23.3,23.5,21.1,86,93,86,20.8,21.2,20.0,1015.3,1015.3,1014.8,0.9,256,2.2,764.0,0.0
A765,24/02/2018,16,29.1,30.0,28.2,62,65,59,21.1,21.9,20.0,1015.7,1016.1,1015.7,2.2,128,6.3,3554.,0.0
A765,24/02/2018,06,21.1,21.4,21.0,95,95,94,20.2,20.4,20.0,1014.2,1014.7,1014.2,0.9,284,2.0,-3.55,0.0
A765,24/02/2018,20,27.3,29.1,27.2,67,67,60,20.6,21.5,20.1,1014.4,1014.7,1014.3,2.2,140,5.6,1360.,0.0
A765,24/02/2018,15,28.6,29.3,27.7,65,66,60,21.2,21.7,19.8,1016.1,1016.4,1016.0,2.5,154,5.5,3500.,0.0
A765,24/02/2018,22,26.4,26.7,26.4,68,72,65,19.9,20.9,19.6,1015.2,1015.2,1014.7,1.9,122,4.7,77.69,0.0
A765,24/02/2018,07,21.0,21.2,20.9,95,95,94,20.1,20.3,19.9,1013.9,1014.2,1013.9,1.1,305,1.6,-3.59,0.0
A765,24/02/2018,23,26.3,26.4,26.2,70,71,68,20.4,20.6,20.1,1015.6,1015.6,1015.2,2.1,122,5.0,-3.11,0.0
A765,24/02/2018,12,26.0,26.2,23.4,69,86,69,19.9,21.3,19.9,1016.0,1016.0,1015.3,0.5,358,2.3,1730.,0.0
A765,24/02/2018,17,29.4,30.1,28.3,62,66,59,21.3,21.9,20.6,1015.3,1015.7,1015.3,3.3,131,6.9,3647.,0.0
A765,24/02/2018,18,27.4,29.8,27.4,68,68,61,20.9,21.6,20.6,1015.0,1015.3,1015.0,2.5,141,6.7,2097.,0.0
A765,25/02/2018,04,22.0,22.6,22.0,93,93,92,20.8,21.2,20.8,1015.5,1016.1,1015.5,0.6,262,1.5,-3.60,0.0
A765,25/02/2018,03,22.6,23.4,22.6,91,92,88,21.1,21.4,21.1,1016.1,1016.4,1016.1,0.7,353,1.7,-3.60,0.0
A765,25/02/2018,08,21.2,21.4,21.0,94,96,94,20.3,20.6,20.1,1014.2,1014.3,1014.1,1.1,263,2.2,-3.48,0.0
A765,25/02/2018,06,21.3,21.8,21.3,95,95,95,20.4,21.0,20.4,1014.3,1014.7,1014.2,0.4,199,1.7,-3.57,0.0
A765,25/02/2018,02,23.4,24.2,23.4,88,88,83,21.3,21.5,21.1,1016.4,1016.5,1016.3,0.6,2,2.3,-3.35,0.0
A765,25/02/2018,05,21.7,22.0,21.7,95,95,93,20.9,21.1,20.8,1014.7,1015.5,1014.7,0.9,264,1.7,-3.58,0.0
A765,25/02/2018,00,24.4,26.4,24.4,85,85,68,21.6,21.8,19.9,1016.1,1016.1,1015.6,1.0,321,4.8,-1.80,0.0
A765,25/02/2018,11,23.6,23.6,20.9,86,93,86,21.1,21.1,19.7,1015.6,1015.6,1015.2,0.9,243,2.1,784.5,0.0
A765,25/02/2018,01,24.1,24.7,24.0,85,86,81,21.4,21.7,21.1,1016.3,1016.3,1016.1,1.2,288,3.4,-3.14,0.0
A765,25/02/2018,17,27.0,28.5,27.0,67,67,62,20.5,20.9,19.9,1015.0,1015.5,1015.0,2.3,100,6.0,1065.,0.0
A765,25/02/2018,12,26.9,26.9,23.6,70,86,68,21.0,21.4,20.6,1016.0,1016.0,1015.6,0.9,159,2.7,1717.,0.0
A765,25/02/2018,19,26.8,28.6,26.7,71,73,66,21.1,22.0,20.8,1014.1,1014.3,1014.1,2.1,139,5.8,451.1,0.0
A765,25/02/2018,07,21.0,21.4,21.0,95,95,95,20.2,20.7,20.2,1014.1,1014.3,1014.1,0.8,261,1.9,-3.59,0.0
A765,25/02/2018,14,28.4,29.5,27.7,61,64,55,20.2,20.9,19.2,1016.0,1016.2,1016.0,2.2,124,5.0,3209.,0.0
A765,25/02/2018,22,24.9,25.3,24.9,84,84,81,22.0,22.2,21.9,1013.9,1014.2,1013.9,1.3,311,3.0,98.46,0.0
A765,25/02/2018,20,25.3,27.5,25.3,81,82,68,21.8,21.9,21.1,1013.9,1014.1,1013.8,0.9,12,6.7,538.3,0.0
A765,25/02/2018,15,28.7,29.3,27.8,63,67,59,20.9,21.6,19.8,1015.7,1016.0,1015.7,2.5,138,5.4,3660.,0.0
A765,25/02/2018,13,27.9,28.6,26.2,57,70,57,18.5,21.0,18.5,1016.1,1016.1,1016.0,2.1,104,3.8,2574.,0.0
A765,25/02/2018,21,25.3,25.5,25.1,82,84,80,22.0,22.3,21.4,1014.0,1014.0,1013.8,1.1,295,3.2,208.1,0.0
A765,25/02/2018,16,28.5,29.8,28.4,62,65,59,20.5,22.3,20.3,1015.4,1015.7,1015.4,2.6,116,6.2,3211.,0.0
A765,25/02/2018,10,21.0,21.0,20.3,93,94,93,19.8,20.0,19.3,1015.2,1015.2,1014.8,0.9,330,1.6,68.18,0.0
A765,25/02/2018,09,20.7,21.4,20.7,94,95,93,19.6,20.4,19.6,1014.8,1014.8,1014.2,1.1,319,2.1,-3.60,0.0
A765,25/02/2018,23,24.1,24.9,24.1,86,87,84,21.7,22.1,21.7,1014.5,1014.5,1013.9,0.6,248,2.3,-2.54,0.0
A765,25/02/2018,18,27.8,28.8,27.0,69,70,63,21.5,21.7,20.6,1014.3,1015.0,1014.3,1.5,99,4.4,1740.,0.0
A765,26/02/2018,20,25.8,27.1,25.6,85,86,74,23.0,23.3,21.9,1011.7,1012.0,1011.7,1.2,305,3.0,234.2,0.0
A765,26/02/2018,21,25.2,26.0,25.2,89,89,82,23.2,23.2,22.6,1012.0,1012.0,1011.5,1.0,319,1.7,64.80,0.0
A765,26/02/2018,18,27.4,28.1,27.3,72,73,71,22.0,22.7,21.7,1012.1,1012.7,1012.0,1.9,160,5.1,885.7,0.0
A765,26/02/2018,22,23.8,25.2,23.8,92,92,89,22.5,23.3,22.5,1012.7,1012.7,1012.0,2.1,309,4.5,0.766,1.8
A765,26/02/2018,23,23.2,23.8,23.2,94,95,92,22.2,22.5,22.2,1012.8,1012.8,1012.6,0.8,348,4.7,-0.68,8.4
A765,26/02/2018,05,22.3,22.3,22.1,93,94,92,21.0,21.3,20.9,1013.9,1014.5,1013.9,0.7,307,1.4,-3.57,0.0
A765,26/02/2018,09,22.6,22.6,22.0,91,94,90,21.0,21.3,20.6,1013.2,1013.2,1013.1,0.5,304,2.1,-3.31,0.0
A765,26/02/2018,07,22.4,22.6,22.3,92,93,92,20.9,21.3,20.9,1013.1,1013.3,1013.1,0.6,254,1.9,-3.14,0.0
A765,26/02/2018,10,22.5,22.6,22.4,92,92,90,21.0,21.2,20.7,1013.7,1013.7,1013.2,1.1,314,1.9,69.65,0.0
A765,26/02/2018,15,27.3,29.2,27.2,69,70,61,21.1,21.4,20.2,1014.0,1014.2,1014.0,2.0,157,3.7,1225.,0.0
A765,26/02/2018,08,22.0,22.4,22.0,93,94,92,20.8,21.2,20.8,1013.2,1013.2,1012.9,0.8,250,1.6,-3.54,0.0
A765,26/02/2018,11,24.1,24.1,22.3,85,92,84,21.3,21.4,20.9,1014.2,1014.2,1013.7,0.7,249,2.1,531.6,0.0
A765,26/02/2018,06,22.3,22.6,22.1,93,93,92,21.1,21.4,20.8,1013.2,1013.9,1013.2,0.9,253,2.0,-3.28,0.0
A765,26/02/2018,12,26.5,26.5,24.1,70,85,70,20.6,21.7,20.6,1014.5,1014.5,1014.2,0.8,182,2.9,988.6,0.0
A765,26/02/2018,19,27.1,27.5,27.0,74,75,72,22.1,22.4,21.9,1011.8,1012.1,1011.7,1.0,171,4.0,324.7,0.0
A765,26/02/2018,13,27.3,27.6,26.3,68,73,65,20.8,21.5,20.0,1014.4,1014.5,1014.4,0.9,263,2.3,1933.,0.0
A765,26/02/2018,14,28.9,29.1,27.3,63,68,60,21.1,21.4,20.0,1014.2,1014.4,1014.2,1.8,144,3.6,2425.,0.0
A765,26/02/2018,16,28.2,28.2,27.3,71,72,68,22.4,22.6,21.1,1013.6,1014.1,1013.6,1.7,137,4.6,1250.,0.0
A765,26/02/2018,17,27.3,28.8,27.3,72,72,68,21.7,22.9,21.7,1012.7,1013.6,1012.6,2.8,161,5.1,1729.,0.0
A765,26/02/2018,02,22.2,22.6,22.2,94,94,92,21.2,21.5,21.1,1015.3,1015.4,1015.2,0.3,207,1.4,-3.59,0.0
A765,26/02/2018,01,22.6,23.3,22.6,92,92,89,21.3,21.6,21.3,1015.4,1015.4,1015.0,0.8,268,2.4,-3.60,0.0
A765,26/02/2018,00,23.3,24.1,23.3,89,90,86,21.5,21.9,21.5,1015.0,1015.0,1014.5,1.5,341,2.4,-3.59,0.0
A765,26/02/2018,04,22.1,22.5,22.1,94,95,94,21.1,21.5,21.1,1014.5,1015.0,1014.5,0.2,312,1.5,-3.53,0.0
A765,26/02/2018,03,22.2,22.3,22.0,95,95,94,21.3,21.3,21.0,1015.0,1015.3,1015.0,0.7,308,1.6,-3.56,0.0
A765,27/02/2018,04,22.7,23.1,22.7,96,96,96,22.0,22.5,22.0,1012.1,1012.7,1012.1,1.1,237,2.7,-1.41,0.0
A765,27/02/2018,00,23.4,23.4,23.1,95,95,94,22.6,22.6,22.2,1012.9,1012.9,1012.8,0.7,241,2.4,-0.59,0.2
A765,27/02/2018,01,23.1,23.4,23.1,96,96,95,22.4,22.6,22.2,1013.3,1013.3,1012.9,1.0,293,1.9,-0.62,0.4
A765,27/02/2018,05,23.1,23.3,22.7,96,96,96,22.4,22.6,22.0,1011.8,1012.1,1011.8,1.2,296,2.3,-1.59,0.0
A765,27/02/2018,02,23.1,23.2,23.0,96,96,96,22.4,22.5,22.2,1013.0,1013.3,1013.0,0.8,252,2.1,-0.75,0.0
A765,27/02/2018,11,23.9,23.9,23.1,94,96,94,22.8,23.0,22.3,1012.7,1012.7,1012.1,0.5,248,2.4,314.1,0.0
A765,27/02/2018,10,23.2,23.2,22.8,96,96,96,22.5,22.5,22.1,1012.1,1012.1,1011.4,1.2,283,2.4,57.10,0.0
A765,27/02/2018,16,28.1,28.8,27.4,76,76,70,23.5,24.0,22.3,1012.2,1012.9,1012.2,2.1,160,4.1,1948.,0.2
A765,27/02/2018,15,27.4,28.1,27.4,75,77,73,22.5,23.3,22.3,1012.9,1013.3,1012.9,1.1,285,2.5,963.4,0.0
A765,27/02/2018,12,25.4,25.4,23.9,87,94,87,23.1,23.5,22.8,1013.2,1013.2,1012.7,0.5,291,1.5,858.7,0.0
A765,27/02/2018,20,27.1,28.3,27.1,80,81,77,23.3,24.1,23.2,1010.5,1010.5,1010.1,2.2,170,6.0,699.7,0.0
A765,27/02/2018,06,22.9,23.2,22.7,95,96,95,22.1,22.5,22.0,1011.3,1011.8,1011.3,1.1,321,2.0,-1.90,0.0
A765,27/02/2018,07,22.8,23.0,22.7,96,96,95,22.1,22.2,22.0,1011.0,1011.3,1011.0,0.6,249,1.8,-1.49,0.0
A765,27/02/2018,22,25.9,26.7,25.9,85,85,81,23.2,23.3,23.0,1010.9,1011.0,1010.8,0.7,294,4.6,48.26,0.0
A765,27/02/2018,13,26.1,26.1,25.2,85,88,83,23.4,23.4,22.8,1013.4,1013.5,1013.2,0.7,289,1.4,837.5,0.0
A765,27/02/2018,21,26.7,27.1,26.6,81,82,79,23.2,23.4,23.2,1011.0,1011.0,1010.5,2.3,155,5.0,300.7,0.0
A765,27/02/2018,23,24.9,25.9,24.9,93,93,85,23.7,23.8,23.3,1011.2,1011.2,1010.8,1.7,307,2.6,-2.55,0.0
A765,27/02/2018,14,27.7,27.9,26.1,74,85,74,22.7,23.7,22.2,1013.3,1013.4,1013.2,1.1,205,2.1,1756.,0.0
A765,27/02/2018,09,23.0,23.3,22.7,96,96,96,22.3,22.6,21.9,1011.4,1011.4,1010.8,1.0,274,2.0,-1.78,0.0
A765,27/02/2018,08,23.1,23.1,22.7,96,96,96,22.5,22.5,22.1,1010.9,1011.0,1010.8,1.0,250,2.2,-1.72,0.0
A765,27/02/2018,18,27.3,27.6,27.2,80,81,78,23.7,23.8,23.3,1010.8,1011.6,1010.8,2.0,165,6.0,760.3,0.0
A765,27/02/2018,17,27.2,28.8,27.1,81,81,75,23.6,24.1,23.3,1011.6,1012.2,1011.6,1.8,159,6.3,901.5,0.0
A765,27/02/2018,19,27.6,28.2,27.3,79,81,77,23.6,24.0,23.4,1010.2,1010.8,1010.2,2.7,177,6.0,987.3,0.0
A765,27/02/2018,03,23.0,23.1,22.8,96,96,96,22.3,22.4,22.1,1012.7,1013.1,1012.7,1.2,272,3.0,-1.35,0.0
A765,28/02/2018,01,24.5,25.0,24.5,93,93,92,23.3,23.6,23.2,1012.6,1012.6,1012.2,0.4,269,1.9,-0.28,0.0
A765,28/02/2018,04,23.7,23.8,23.4,95,95,94,22.9,22.9,22.5,1011.8,1012.3,1011.8,1.1,227,2.5,-3.22,0.0
A765,28/02/2018,03,23.6,24.2,23.6,94,94,92,22.5,22.9,22.5,1012.3,1013.1,1012.2,0.9,321,2.0,-3.06,0.0
A765,28/02/2018,00,25.0,25.1,24.9,92,93,92,23.5,23.8,23.5,1012.2,1012.2,1011.2,0.5,306,2.7,-0.38,0.0
A765,28/02/2018,12,28.0,28.0,24.3,69,85,69,21.9,22.8,21.5,1011.6,1011.6,1011.1,0.7,65,1.5,1652.,0.0
A765,28/02/2018,05,23.0,23.9,22.9,94,96,94,22.0,23.1,21.9,1011.1,1011.8,1011.1,1.3,343,2.8,-3.30,0.0
A765,28/02/2018,02,24.1,24.5,24.1,93,93,92,22.9,23.3,22.9,1013.1,1013.2,1012.6,1.1,340,1.8,-1.38,0.0
A765,28/02/2018,08,22.4,23.0,22.4,95,96,95,21.6,22.2,21.6,1009.9,1010.0,1009.9,0.7,2,2.0,-3.33,0.0
A765,28/02/2018,19,28.8,28.9,27.7,72,78,72,23.3,23.8,23.0,1010.4,1010.8,1010.4,2.2,134,5.2,1356.,0.0
A765,28/02/2018,10,22.4,22.5,22.0,93,96,93,21.3,21.7,20.8,1010.6,1010.6,1010.2,0.5,282,2.4,72.47,0.0
A765,28/02/2018,07,22.7,23.2,22.7,95,95,94,21.7,22.4,21.7,1010.0,1010.4,1010.0,0.3,78,1.5,-3.44,0.0
A765,28/02/2018,06,22.8,23.2,22.6,94,94,91,21.7,22.0,21.4,1010.4,1011.1,1010.4,0.8,311,2.6,-3.60,0.0
A765,28/02/2018,11,24.3,24.3,22.4,85,93,85,21.5,21.9,21.1,1011.1,1011.1,1010.6,0.7,293,1.4,782.5,0.0
A765,28/02/2018,15,29.5,30.4,29.2,67,69,64,22.8,23.4,22.3,1011.4,1011.4,1011.3,2.3,118,5.7,3218.,0.0
A765,28/02/2018,20,28.3,29.3,28.1,73,75,70,23.1,23.6,22.8,1010.4,1010.4,1010.3,1.8,130,5.0,1070.,0.0
A765,28/02/2018,18,27.9,28.3,27.7,77,78,75,23.5,23.9,23.3,1010.8,1011.2,1010.8,2.3,157,5.1,978.2,0.0
A765,28/02/2018,09,22.4,22.4,21.9,95,96,95,21.6,21.7,21.0,1010.2,1010.2,1009.8,0.8,275,1.7,-3.53,0.0
A765,28/02/2018,13,28.3,28.9,28.0,69,72,65,22.1,23.1,21.3,1011.6,1011.7,1011.5,2.3,130,4.5,2466.,0.0
A765,28/02/2018,22,27.2,27.7,27.2,77,78,75,22.8,23.1,22.8,1011.0,1011.0,1010.7,1.4,121,4.3,63.02,0.0
A765,28/02/2018,14,29.9,30.6,28.1,67,71,64,23.1,23.2,21.8,1011.4,1011.6,1011.4,1.7,114,4.5,3155.,0.0
A765,28/02/2018,21,27.7,28.3,27.5,76,76,73,23.0,23.2,22.7,1010.7,1010.7,1010.3,1.5,119,4.0,343.5,0.0
A765,28/02/2018,17,27.8,29.6,27.8,77,77,68,23.5,23.6,22.7,1011.2,1011.3,1011.2,2.5,161,5.6,987.7,0.0
A765,28/02/2018,23,26.1,27.2,26.1,85,85,75,23.3,23.3,22.4,1012.0,1012.0,1011.0,0.7,3,3.5,-2.54,0.0
A765,28/02/2018,16,29.6,29.8,28.8,////,72,67,////,23.7,22.5,1011.2,1011.4,1011.2,2.2,126,5.5,2338.,0.0
A765,01/03/2018,01,24.4,25.1,24.3,93,93,90,23.2,23.4,23.2,1013.4,1013.5,1013.2,0.6,347,1.1,-3.59,0.0
A765,01/03/2018,05,24.3,24.4,24.1,94,95,93,23.3,23.4,23.1,1011.8,1012.6,1011.8,1.0,287,3.4,-3.24,0.0
A765,01/03/2018,18,28.6,29.2,28.5,74,75,71,23.5,23.8,23.2,1012.2,1012.8,1012.2,1.4,119,3.9,709.7,0.0
A765,01/03/2018,04,24.1,24.1,23.7,95,95,94,23.1,23.1,22.7,1012.6,1013.0,1012.6,1.6,210,3.4,-2.77,0.0
A765,01/03/2018,17,29.0,30.3,28.9,72,72,66,23.5,23.9,22.9,1012.8,1013.5,1012.8,1.7,121,4.7,1487.,0.0
A765,01/03/2018,02,24.0,24.4,23.9,95,95,93,23.1,23.2,22.9,1013.1,1013.4,1013.1,0.3,296,1.1,-3.26,0.0
A765,01/03/2018,10,23.6,23.6,23.0,94,95,94,22.7,22.7,22.0,1012.8,1012.8,1012.2,0.7,276,1.3,84.85,0.0
A765,01/03/2018,23,26.4,27.1,26.4,89,89,83,24.4,24.5,24.0,1013.0,1013.0,1012.6,0.7,296,1.7,-0.33,0.0
A765,01/03/2018,11,25.6,25.6,23.6,90,94,90,23.8,23.9,22.6,1013.7,1013.7,1012.8,0.8,278,1.5,809.1,0.0
A765,01/03/2018,19,28.3,28.8,28.2,75,78,73,23.5,24.0,23.1,1012.0,1012.2,1011.9,2.2,151,3.9,541.9,0.0
A765,01/03/2018,03,23.8,24.0,23.8,95,95,94,23.0,23.1,22.9,1013.0,1013.2,1013.0,0.4,300,1.7,-2.42,0.0
A765,01/03/2018,15,30.0,30.4,29.2,66,72,64,23.0,24.2,22.2,1013.7,1014.2,1013.7,2.2,111,4.3,2236.,0.0
A765,01/03/2018,06,23.7,24.3,23.6,92,95,92,22.4,23.2,22.3,1011.5,1011.8,1011.4,0.9,338,2.4,-3.56,0.0
A765,01/03/2018,07,23.7,23.8,23.2,93,93,91,22.5,22.7,21.7,1011.8,1011.8,1011.5,0.9,301,2.6,-3.50,0.0
A765,01/03/2018,22,27.1,27.6,27.1,84,84,78,24.2,24.2,23.5,1012.7,1012.8,1012.2,0.4,343,2.6,39.97,0.0
A765,01/03/2018,12,27.3,27.3,25.6,80,90,80,23.5,24.1,23.2,1014.2,1014.3,1013.7,0.6,220,2.5,825.0,0.0
A765,01/03/2018,21,27.4,28.8,27.4,81,81,73,23.8,24.6,23.3,1012.3,1012.3,1012.0,1.2,6,3.2,282.1,0.0
A765,01/03/2018,20,28.8,28.9,28.3,73,75,72,23.5,23.9,23.4,1012.2,1012.4,1011.8,1.3,124,3.9,637.1,0.0
A765,01/03/2018,08,23.8,23.9,23.5,93,94,93,22.5,22.8,22.3,1011.9,1012.0,1011.8,0.8,298,2.0,-3.51,0.0
A765,01/03/2018,14,29.7,30.6,29.3,67,68,63,22.9,////,////,1014.1,1014.3,1014.1,1.9,125,4.3,2584.,0.0
A765,01/03/2018,13,29.8,29.8,27.0,66,81,63,22.9,23.6,21.6,1014.3,1014.3,1014.2,1.7,111,3.5,2052.,0.0
A765,01/03/2018,09,23.1,23.7,22.9,94,94,93,22.1,22.5,21.8,1012.2,1012.2,1011.8,0.3,15,1.5,-3.57,0.0
A765,01/03/2018,16,29.9,30.4,29.5,68,70,65,23.3,23.8,22.8,1013.5,1013.7,1013.4,2.0,129,4.8,2256.,0.0
A765,01/03/2018,00,25.1,26.1,25.1,90,90,85,23.4,23.6,23.4,1013.1,1013.1,1012.1,0.6,354,1.5,-2.85,0.0
A765,02/03/2018,01,25.5,25.9,25.5,91,91,90,23.9,24.3,23.8,1014.0,1014.0,1013.5,0.4,252,2.2,-2.88,0.0
A765,02/03/2018,16,31.2,31.8,30.3,////,////,////,////,////,////,1012.1,1013.1,1012.1,2.9,121,6.2,3603.,0.0
A765,02/03/2018,04,24.4,25.1,24.4,93,95,93,23.2,24.1,23.2,1013.5,1013.6,1013.5,0.8,249,2.1,-3.02,0.0
A765,02/03/2018,23,24.3,26.3,24.3,95,96,94,23.5,25.2,23.5,1012.4,1012.6,1011.9,3.8,304,6.2,-0.84,15.4
A765,02/03/2018,21,26.9,27.0,26.8,93,93,91,25.7,25.8,25.4,1011.5,1011.5,1011.0,0.9,255,2.4,85.63,0.4
A765,02/03/2018,05,24.5,24.8,24.4,95,95,93,23.6,23.8,23.3,1012.7,1013.5,1012.7,0.9,272,2.2,-3.10,0.0
A765,02/03/2018,00,25.9,26.4,25.9,91,91,89,24.3,24.6,24.3,1013.5,1013.5,1013.0,0.7,322,1.3,-2.92,0.0
A765,02/03/2018,13,30.1,31.0,28.3,////,77,66,////,24.4,22.8,1013.8,1013.9,1013.8,1.5,171,3.5,2167.,0.0
A765,02/03/2018,02,25.1,25.5,25.0,94,94,91,24.0,24.1,23.8,1013.7,1014.0,1013.7,0.2,174,1.6,-3.23,0.0
A765,02/03/2018,09,23.9,24.1,23.9,95,95,94,23.1,23.2,23.0,1012.7,1012.7,1012.2,0.9,253,2.0,-3.05,0.0
A765,02/03/2018,07,24.5,24.8,24.1,94,95,94,23.4,23.8,23.1,1012.4,1012.4,1012.3,1.9,304,2.7,-3.44,0.0
A765,02/03/2018,12,28.4,28.9,26.4,76,91,75,23.8,24.9,23.6,1013.8,1014.2,1013.8,0.7,309,2.2,1554.,0.0
A765,02/03/2018,10,24.5,24.5,23.9,95,95,95,23.6,23.6,23.0,1013.6,1013.6,1012.7,1.0,291,2.0,63.01,0.0
A765,02/03/2018,06,24.8,24.9,24.4,95,95,95,23.9,24.0,23.5,1012.3,1012.7,1012.3,1.2,324,2.7,-3.21,0.0
A765,02/03/2018,11,26.4,26.4,24.5,91,95,91,24.8,24.8,23.5,1014.2,1014.2,1013.6,0.6,239,2.2,565.3,0.0
A765,02/03/2018,17,30.2,31.6,30.2,74,////,////,25.0,////,////,1010.9,1012.1,1010.9,3.1,113,5.9,3012.,0.0
A765,02/03/2018,03,25.1,25.2,24.8,94,95,93,24.2,24.2,23.7,1013.5,1013.9,1013.5,0.6,310,2.5,-2.44,0.0
A765,02/03/2018,18,28.7,30.2,28.7,79,79,74,24.8,25.3,24.5,1010.6,1010.9,1010.6,1.6,127,5.7,621.2,0.0
A765,02/03/2018,19,28.1,28.8,28.1,82,82,79,24.7,25.0,24.6,1010.8,1011.0,1010.5,1.3,186,4.4,110.0,0.0
A765,02/03/2018,20,27.0,28.1,27.0,91,91,82,25.4,25.6,24.7,1011.0,1011.0,1010.7,1.5,303,3.1,155.5,0.2
A765,02/03/2018,15,31.1,31.7,29.9,////,////,////,////,////,////,1013.1,1013.8,1013.1,2.9,114,6.5,3452.,0.0
A765,02/03/2018,14,31.3,31.6,30.1,////,////,////,////,////,////,1013.8,1013.9,1013.7,1.9,145,5.0,3009.,0.0
A765,02/03/2018,08,24.0,24.5,24.0,94,94,93,23.0,23.5,22.9,1012.2,1012.4,1012.2,0.6,344,2.7,-3.47,0.0
A765,02/03/2018,22,26.3,26.9,26.2,94,95,93,25.3,25.7,25.2,1011.9,1011.9,1011.5,1.1,299,2.3,23.13,0.0
A765,03/03/2018,02,24.3,24.5,24.2,95,95,95,23.4,23.7,23.3,1013.4,1013.5,1013.3,0.6,247,2.4,-1.68,0.0
A765,03/03/2018,03,24.2,24.3,24.1,96,96,95,23.5,23.5,23.3,1013.0,1013.4,1013.0,0.9,265,1.8,-1.49,0.4
A765,03/03/2018,23,25.3,25.8,25.3,93,93,92,24.1,24.4,24.0,1010.9,1010.9,1010.1,0.6,346,2.1,-1.54,0.0
A765,03/03/2018,04,24.1,24.2,24.0,96,96,96,23.5,23.6,23.4,1012.2,1013.0,1012.2,0.7,312,1.7,-1.51,0.0
A765,03/03/2018,00,24.3,24.5,24.2,95,96,95,23.5,23.8,23.4,1012.9,1012.9,1012.4,1.2,47,6.2,-0.46,1.8
A765,03/03/2018,01,24.5,24.6,24.3,95,95,95,23.7,23.7,23.5,1013.5,1013.6,1012.9,0.4,329,3.1,-1.22,0.2
A765,03/03/2018,08,24.1,24.6,24.1,95,96,95,23.3,24.0,23.3,1010.1,1010.2,1009.9,1.4,337,3.0,-1.99,0.0
A765,03/03/2018,05,24.2,24.2,24.0,96,96,96,23.5,23.6,23.4,1011.0,1012.2,1011.0,0.6,251,1.9,-1.85,0.0
A765,03/03/2018,10,24.1,24.1,23.7,96,96,95,23.3,23.3,22.9,1010.7,1010.7,1010.4,0.5,254,1.2,60.78,0.0
A765,03/03/2018,09,24.0,24.1,23.8,95,96,95,23.2,23.3,23.0,1010.4,1010.4,1010.1,0.8,315,2.8,-2.42,0.0
A765,03/03/2018,12,27.7,27.7,25.5,81,94,79,24.2,24.7,23.2,1011.9,1011.9,1011.2,1.1,251,2.7,1544.,0.0
A765,03/03/2018,06,23.9,24.5,23.8,96,96,96,23.3,23.9,23.2,1009.9,1011.0,1009.9,1.0,234,3.0,-2.39,0.0
A765,03/03/2018,11,25.5,25.5,24.0,94,96,94,24.5,24.5,23.2,1011.2,1011.4,1010.7,0.4,353,2.5,487.3,0.0
A765,03/03/2018,17,26.6,27.9,25.9,89,90,81,24.6,24.7,24.1,1010.9,1011.2,1010.9,1.9,212,6.8,563.9,3.0
A765,03/03/2018,18,26.3,26.7,26.3,87,89,86,23.9,24.8,23.8,1010.4,1011.0,1010.4,2.6,196,6.6,433.4,0.2
A765,03/03/2018,07,24.1,24.1,23.9,96,96,96,23.5,23.5,23.2,1010.0,1010.1,1009.9,1.2,228,3.8,-2.08,0.0
A765,03/03/2018,19,26.6,26.6,26.3,85,87,84,23.8,24.0,23.7,1010.2,1010.4,1010.1,1.4,206,6.5,375.8,0.0
A765,03/03/2018,15,29.5,29.6,28.5,73,77,72,24.1,25.0,23.6,1011.4,1011.8,1011.4,1.0,222,4.3,1487.,0.0
A765,03/03/2018,13,29.2,29.7,27.6,73,81,70,23.8,24.6,23.4,1011.7,1012.0,1011.6,2.5,165,4.7,2545.,0.0
A765,03/03/2018,20,26.5,26.7,26.3,86,86,82,23.9,24.0,23.3,1009.9,1010.2,1009.9,1.6,156,4.0,295.0,0.0
A765,03/03/2018,14,28.7,30.1,28.5,76,77,73,23.9,25.4,23.6,1011.8,1011.9,1011.6,1.6,209,4.7,2000.,0.0
A765,03/03/2018,16,27.9,29.6,27.9,81,81,71,24.3,25.0,23.6,1011.2,1011.4,1011.2,2.6,189,6.7,907.0,0.0
A765,03/03/2018,21,26.6,26.7,26.3,84,86,84,23.6,24.0,23.6,1009.9,1010.0,1009.8,0.6,218,3.9,220.2,0.0
A765,03/03/2018,22,25.8,26.6,25.7,92,92,83,24.4,24.4,23.5,1010.1,1010.1,1009.7,0.8,271,1.7,38.14,0.0
A765,04/03/2018,00,24.6,25.3,24.5,94,94,93,23.5,24.1,23.5,1010.8,1010.9,1010.5,0.8,327,2.0,-2.72,0.0
A765,04/03/2018,09,23.1,23.2,22.9,95,96,95,22.4,22.5,22.0,1008.9,1008.9,1008.6,1.1,297,1.9,-2.61,0.0
A765,04/03/2018,03,23.1,23.8,23.1,96,96,95,22.4,23.1,22.4,1011.4,1011.5,1011.2,1.1,349,2.0,-3.15,0.0
A765,04/03/2018,17,29.2,31.3,29.0,73,////,////,23.8,////,////,1008.4,1008.7,1008.4,2.7,148,6.2,3380.,0.0
A765,04/03/2018,05,23.0,23.1,22.9,96,96,96,22.4,22.4,22.2,1010.1,1010.8,1010.1,0.6,294,2.4,-3.04,0.0
A765,04/03/2018,02,23.7,24.0,23.6,96,96,95,23.0,23.3,22.9,1011.5,1011.7,1011.5,0.9,284,2.1,-2.86,0.0
A765,04/03/2018,04,23.0,23.2,23.0,96,96,96,22.3,22.5,22.3,1010.8,1011.4,1010.8,0.6,251,2.0,-2.68,0.0
A765,04/03/2018,15,29.4,30.5,28.3,70,75,69,23.4,24.6,22.7,1009.2,1009.6,1009.2,2.9,155,6.6,2995.,0.0
A765,04/03/2018,14,29.9,30.3,28.4,69,74,67,23.6,24.4,22.7,1009.6,1010.0,1009.6,2.0,119,4.6,3011.,0.0
A765,04/03/2018,16,30.3,31.1,29.4,////,////,////,////,////,////,1008.7,1009.2,1008.7,2.5,128,6.8,3853.,0.0
A765,04/03/2018,06,22.7,23.1,22.7,96,96,96,22.0,22.5,22.0,1009.4,1010.1,1009.4,0.4,290,1.7,-2.98,0.0
A765,04/03/2018,07,23.1,23.2,22.7,96,96,96,22.4,22.5,22.0,1009.0,1009.4,1008.9,1.0,309,2.0,-2.83,0.0
A765,04/03/2018,10,23.1,23.4,23.0,95,96,94,22.2,22.7,22.2,1009.2,1009.2,1008.9,1.3,324,2.2,36.18,0.0
A765,04/03/2018,08,23.1,23.3,22.9,95,96,95,22.2,22.6,22.0,1008.6,1009.0,1008.5,0.6,324,1.7,-2.84,0.0
A765,04/03/2018,12,26.6,26.6,24.4,81,93,81,23.1,23.8,23.1,1009.9,1009.9,1009.8,0.2,19,1.2,959.7,0.0
A765,04/03/2018,11,24.4,24.4,23.1,92,95,92,23.1,23.1,22.2,1009.8,1009.8,1009.2,0.5,276,2.1,419.1,0.0
A765,04/03/2018,23,25.0,26.5,24.5,93,93,87,23.8,24.4,23.1,1008.1,1008.3,1007.6,0.6,35,7.6,-0.20,8.0
A765,04/03/2018,22,26.3,26.9,26.2,89,90,82,24.4,24.4,23.6,1007.5,1007.6,1007.2,0.6,348,3.3,28.61,0.0
A765,04/03/2018,20,28.0,28.3,28.0,77,79,76,23.7,24.2,23.6,1007.5,1007.7,1007.4,1.2,155,4.3,420.8,0.0
A765,04/03/2018,18,28.3,29.4,28.3,78,80,72,24.1,24.7,23.6,1007.9,1008.4,1007.7,2.2,163,5.7,1120.,0.0
A765,04/03/2018,13,29.0,29.4,26.6,71,81,69,23.1,24.2,22.8,1009.8,1010.0,1009.8,2.2,109,3.7,2309.,0.0
A765,04/03/2018,21,26.9,28.2,26.7,82,85,76,23.6,24.1,23.5,1007.3,1007.5,1007.1,2.1,352,3.3,311.7,0.0
A765,04/03/2018,19,28.0,28.7,27.8,79,80,78,24.1,24.5,23.8,1007.4,1007.9,1007.4,2.0,145,5.4,549.2,0.0
A765,04/03/2018,01,23.9,24.6,23.8,95,95,94,23.1,23.5,23.0,1011.5,1011.5,1010.8,1.1,272,2.1,-3.28,0.0
A765,05/03/2018,09,23.6,23.9,23.4,97,97,96,23.1,23.3,22.9,1007.1,1007.1,1006.7,1.0,282,2.1,-2.31,0.0
A765,05/03/2018,18,28.0,28.0,27.6,81,82,79,24.3,24.4,24.0,1007.2,1007.9,1007.2,1.9,137,6.1,518.2,0.0
A765,05/03/2018,23,25.5,26.0,25.5,94,94,93,24.4,25.0,24.4,1008.0,1008.0,1006.9,1.0,330,1.9,-2.42,0.0
A765,05/03/2018,02,24.5,24.9,24.5,96,96,95,23.8,24.1,23.7,1009.3,1009.5,1009.3,0.9,238,2.7,-0.70,0.0
A765,05/03/2018,19,27.5,28.5,27.4,81,81,78,23.8,24.6,23.7,1007.5,1007.6,1007.2,1.7,147,5.1,310.5,0.0
A765,05/03/2018,20,26.3,27.6,26.3,90,90,79,24.6,24.6,23.6,1007.2,1007.5,1007.2,1.6,318,3.6,136.9,0.0
A765,05/03/2018,11,24.5,24.5,23.5,96,97,96,23.9,23.9,23.0,1008.3,1008.3,1007.2,0.5,243,1.7,314.0,0.0
A765,05/03/2018,13,29.1,29.9,27.9,75,79,71,24.2,24.7,23.4,1009.2,1009.2,1008.7,1.6,100,4.4,2290.,0.0
A765,05/03/2018,15,29.2,30.2,29.2,75,76,71,24.4,24.8,23.9,1008.7,1009.2,1008.7,3.4,158,6.2,3251.,0.0
A765,05/03/2018,07,23.8,24.0,23.5,97,97,96,23.2,23.4,22.9,1007.0,1007.7,1007.0,0.8,262,2.1,-1.76,0.0
A765,05/03/2018,06,24.0,24.0,23.7,97,97,96,23.4,23.4,23.1,1007.6,1008.2,1007.6,1.3,283,2.3,-2.05,0.0
A765,05/03/2018,03,24.3,24.5,24.3,96,96,96,23.5,23.8,23.5,1008.9,1009.3,1008.9,0.7,259,2.9,-1.55,0.0
A765,05/03/2018,14,30.1,30.2,29.0,73,75,68,24.8,24.8,23.0,1009.2,1009.4,1009.2,1.9,155,4.3,2654.,0.0
A765,05/03/2018,08,23.5,24.0,23.5,97,97,96,22.9,23.4,22.9,1006.8,1007.0,1006.6,0.8,259,2.1,-1.82,0.0
A765,05/03/2018,05,23.9,24.1,23.9,96,97,96,23.3,23.5,23.3,1008.2,1008.7,1008.2,0.9,243,3.1,-1.70,0.0
A765,05/03/2018,17,28.0,28.8,27.9,79,80,77,24.1,24.6,23.9,1007.8,1008.4,1007.8,2.7,155,6.0,1166.,0.0
A765,05/03/2018,10,23.6,23.7,23.4,97,97,97,23.0,23.2,22.9,1007.2,1007.3,1007.1,0.9,287,2.1,82.29,0.0
A765,05/03/2018,22,25.9,26.1,25.9,93,94,92,24.8,24.9,24.6,1006.9,1007.0,1006.4,0.8,315,1.8,61.82,0.0
A765,05/03/2018,01,24.9,25.0,24.7,95,95,94,24.1,24.1,23.8,1009.3,1009.3,1008.8,1.4,325,2.6,-0.08,8.4
A765,05/03/2018,00,24.9,25.5,24.9,95,95,93,23.9,24.5,23.8,1008.9,1008.9,1007.9,1.0,286,5.0,0.009,0.4
A765,05/03/2018,16,28.4,30.3,28.3,79,80,71,24.3,24.8,23.9,1008.4,1008.7,1008.4,3.0,158,5.8,1564.,0.0
A765,05/03/2018,21,26.0,26.3,26.0,92,93,90,24.7,24.9,24.5,1006.4,1007.2,1006.4,1.1,345,2.5,102.5,0.0
A765,05/03/2018,04,24.0,24.4,24.0,96,96,96,23.3,23.7,23.3,1008.7,1008.9,1008.7,1.0,247,3.0,-1.92,0.2
A765,05/03/2018,12,28.0,28.0,24.5,79,96,79,24.0,25.2,23.7,1008.7,1008.7,1008.3,1.2,217,2.9,1507.,0.0
A765,06/03/2018,14,30.0,30.5,29.0,74,75,70,24.8,24.9,23.2,1009.6,1009.7,1009.6,1.7,133,4.2,2285.,0.2
A765,06/03/2018,18,29.0,29.8,29.0,75,76,73,24.2,24.8,24.1,1007.9,1008.3,1007.9,2.0,130,5.1,860.3,0.0
A765,06/03/2018,15,30.8,31.1,29.8,////,////,////,////,////,////,1009.1,1009.6,1009.1,2.7,111,5.1,3398.,0.0
A765,06/03/2018,01,24.7,25.0,24.5,95,95,95,23.9,24.1,23.6,1008.7,1008.7,1008.3,0.8,301,1.6,-3.33,0.0
A765,06/03/2018,17,29.8,31.6,29.4,73,////,////,24.5,////,////,1008.3,1008.8,1008.3,2.1,131,5.9,2553.,0.0
A765,06/03/2018,09,23.5,23.9,23.4,96,96,96,22.8,23.3,22.7,1008.1,1008.1,1007.4,1.0,295,2.3,-2.61,0.0
A765,06/03/2018,16,30.9,31.5,30.6,////,////,////,////,////,////,1008.7,1009.1,1008.7,2.7,119,5.9,3470.,0.0
A765,06/03/2018,08,23.7,23.9,23.4,96,97,96,23.0,23.3,22.7,1007.4,1007.4,1007.2,1.0,288,2.1,-1.98,0.2
A765,06/03/2018,07,23.6,23.7,23.4,96,97,96,23.0,23.1,22.8,1007.2,1007.3,1007.2,0.8,274,2.5,-2.75,0.0
A765,06/03/2018,00,24.9,25.5,24.9,95,95,94,24.0,24.4,24.0,1008.4,1008.4,1007.8,0.9,334,1.8,-3.51,0.0
A765,06/03/2018,06,23.4,23.6,23.2,96,96,96,22.8,22.9,22.6,1007.2,1007.7,1007.2,0.7,295,1.6,-2.91,0.0
A765,06/03/2018,12,28.4,28.4,25.4,76,94,76,23.7,24.6,23.4,1009.6,1009.6,1009.4,0.5,356,1.2,1544.,0.0
A765,06/03/2018,05,23.5,23.9,23.4,96,96,96,22.8,23.2,22.7,1007.7,1008.2,1007.7,0.7,301,1.6,-2.99,0.0
A765,06/03/2018,04,23.9,24.2,23.8,96,96,95,23.2,23.3,23.0,1008.2,1009.0,1008.2,0.8,323,1.6,-3.20,0.0
A765,06/03/2018,02,24.3,24.7,24.3,95,95,95,23.5,23.8,23.5,1008.9,1008.9,1008.7,0.5,290,1.6,-2.87,0.0
A765,06/03/2018,03,24.1,24.4,24.1,95,96,95,23.3,23.6,23.3,1009.0,1009.2,1008.9,0.5,307,1.8,-3.28,0.0
A765,06/03/2018,20,28.9,29.3,28.5,75,77,73,24.0,24.3,23.9,1007.6,1008.0,1007.5,1.8,125,4.5,716.0,0.0
A765,06/03/2018,19,28.6,29.1,28.6,76,77,75,23.9,24.4,23.7,1008.0,1008.2,1007.9,1.7,138,4.5,644.6,0.0
A765,06/03/2018,22,28.0,28.3,27.9,79,80,78,24.1,24.2,24.0,1008.4,1008.5,1007.9,1.9,128,5.2,23.63,0.0
A765,06/03/2018,13,29.6,29.9,27.6,71,80,70,23.8,24.3,23.2,1009.6,1009.7,1009.5,1.0,214,2.4,2047.,0.0
A765,06/03/2018,21,28.2,28.9,28.2,78,78,75,24.1,24.2,23.8,1007.9,1007.9,1007.5,2.1,95,4.3,193.9,0.0
A765,06/03/2018,11,25.4,25.4,23.4,94,96,94,24.3,24.3,22.6,1009.4,1009.4,1008.7,0.5,292,1.6,747.8,0.0
A765,06/03/2018,10,23.4,23.7,23.2,95,96,95,22.7,23.1,22.5,1008.7,1008.7,1008.2,0.7,327,1.9,92.77,0.0
A765,06/03/2018,23,27.8,28.0,27.8,80,80,79,23.9,24.1,23.9,1009.2,1009.3,1008.4,1.5,143,5.2,-1.31,0.0
A765,07/03/2018,02,26.2,26.4,26.1,91,92,90,24.6,24.8,24.6,1010.5,1010.6,1010.2,0.9,237,1.8,-1.97,0.0
A765,07/03/2018,18,25.8,26.9,25.4,91,92,85,24.2,24.7,23.8,1008.6,1008.9,1008.6,0.8,236,3.3,206.4,2.0
A765,07/03/2018,19,26.1,26.1,25.6,90,92,90,24.3,24.4,24.1,1008.5,1008.6,1008.4,1.1,248,3.0,509.2,0.2
A765,07/03/2018,23,23.7,24.0,23.5,97,97,96,23.2,23.4,22.9,1009.8,1009.9,1009.4,1.1,217,5.9,0.119,48.6
A765,07/03/2018,22,23.8,24.6,23.7,96,96,95,23.1,23.7,23.1,1009.5,1009.5,1008.4,1.2,248,3.8,13.04,34.0
A765,07/03/2018,20,25.3,26.1,24.9,93,93,89,24.0,24.4,23.4,1008.3,1008.5,1008.3,0.7,28,4.2,225.0,2.2
A765,07/03/2018,10,23.5,23.8,23.4,96,97,96,22.9,23.2,22.8,1008.3,1008.4,1008.2,0.7,254,2.8,56.41,0.0
A765,07/03/2018,12,26.7,26.7,24.8,82,95,82,23.4,24.1,23.3,1009.6,1009.6,1008.9,2.4,200,4.8,1475.,0.0
A765,07/03/2018,07,23.0,23.9,23.0,96,97,95,22.4,23.1,22.3,1008.9,1009.3,1008.9,1.2,12,5.3,0.946,39.2
A765,07/03/2018,11,24.8,24.8,23.5,95,97,95,23.9,24.0,22.9,1008.9,1008.9,1008.3,1.2,226,3.1,522.1,0.0
A765,07/03/2018,21,24.4,25.4,24.3,95,95,92,23.5,24.1,23.3,1008.4,1008.7,1008.3,1.7,266,3.8,52.06,13.4
A765,07/03/2018,00,26.8,27.8,26.8,87,87,79,24.4,24.5,23.9,1010.1,1010.1,1009.1,0.9,341,4.2,-2.43,0.0
A765,07/03/2018,06,23.5,25.1,23.4,95,95,92,22.6,24.2,22.4,1009.2,1009.2,1008.7,1.8,205,5.4,0.328,12.8
A765,07/03/2018,01,26.2,26.8,26.2,91,91,87,24.6,24.8,24.4,1010.3,1010.6,1010.1,0.5,14,1.9,-3.19,0.0
A765,07/03/2018,09,23.5,23.9,23.5,96,96,96,22.9,23.3,22.8,1008.2,1008.7,1008.2,0.6,243,2.5,-0.56,0.0
A765,07/03/2018,04,25.2,25.3,25.0,95,95,93,24.3,24.3,23.7,1009.3,1010.0,1009.3,1.3,11,3.0,0.091,0.2
A765,07/03/2018,03,25.0,26.3,25.0,93,93,91,23.8,24.7,23.5,1010.0,1010.5,1010.0,0.5,325,5.4,0.099,8.0
A765,07/03/2018,13,27.1,27.1,26.4,83,83,81,23.9,23.9,23.0,1010.0,1010.1,1009.6,1.2,185,5.0,781.6,0.0
A765,07/03/2018,05,25.1,25.2,25.0,95,95,95,24.1,24.3,24.1,1008.9,1009.4,1008.8,0.6,221,2.9,-0.39,1.0
A765,07/03/2018,16,27.0,28.0,27.0,85,85,78,24.3,24.6,23.5,1009.3,1009.6,1009.3,0.9,260,3.1,641.2,0.0
A765,07/03/2018,17,26.9,27.6,26.9,86,86,82,24.3,24.5,24.0,1008.9,1009.3,1008.8,1.8,279,2.9,646.3,0.0
A765,07/03/2018,14,28.0,28.3,27.1,75,83,73,23.1,24.1,22.6,1009.7,1010.0,1009.7,0.9,199,4.3,1437.,0.0
A765,07/03/2018,08,23.5,23.5,23.0,96,97,96,22.9,22.9,22.4,1008.7,1008.9,1008.6,0.9,322,3.1,-0.07,0.0
A765,07/03/2018,15,27.8,28.3,27.7,79,79,74,23.8,24.1,22.7,1009.6,1009.8,1009.6,1.0,151,2.0,697.9,0.0
A765,08/03/2018,06,23.6,24.8,23.6,92,93,86,22.3,23.0,22.1,1010.0,1010.7,1010.0,1.8,336,5.7,3.526,1.4
A765,08/03/2018,09,25.0,25.0,23.5,89,94,87,23.0,23.3,22.1,1010.3,1010.3,1009.8,2.2,116,7.0,3.628,0.0
A765,08/03/2018,17,24.3,24.4,23.9,91,94,90,22.7,23.1,22.7,1011.8,1012.1,1011.8,1.2,302,3.0,504.4,0.0
A765,08/03/2018,00,23.7,24.0,23.4,97,97,97,23.2,23.5,22.9,1010.4,1010.4,1009.4,3.0,204,8.9,0.441,28.8
A765,08/03/2018,05,24.1,24.5,23.9,93,96,92,22.8,23.5,22.8,1010.7,1011.1,1010.7,2.2,147,7.9,0.402,3.8
A765,08/03/2018,03,23.3,23.9,23.2,96,96,95,22.6,23.2,22.5,1011.7,1011.7,1011.3,1.6,148,7.9,0.713,12.2
A765,08/03/2018,10,24.1,25.3,24.0,92,92,84,22.7,23.0,22.4,1010.9,1011.0,1010.3,1.0,86,5.9,21.65,0.0
A765,08/03/2018,11,23.6,24.1,23.3,95,95,92,22.7,22.8,22.4,1011.6,1011.6,1010.9,1.3,343,4.5,87.25,7.2
A765,08/03/2018,12,23.5,23.7,23.4,96,96,95,22.8,22.9,22.5,1012.2,1012.2,1011.6,1.9,353,3.2,317.9,1.2
A765,08/03/2018,02,23.9,24.0,23.7,96,96,96,23.2,23.4,23.0,1011.3,1011.6,1011.3,3.4,134,9.1,0.521,16.6
A765,08/03/2018,08,24.9,24.9,23.4,90,95,90,23.1,23.4,22.4,1009.8,1009.8,1009.3,2.1,128,7.0,1.593,0.2
A765,08/03/2018,20,23.5,23.9,23.5,95,95,94,22.6,23.0,22.6,1010.9,1011.1,1010.8,1.8,312,3.8,136.3,1.4
A765,08/03/2018,13,24.0,24.1,23.5,95,96,95,23.1,23.3,22.8,1012.7,1012.8,1012.2,0.9,163,3.0,362.2,1.4
A765,08/03/2018,22,25.7,25.7,23.7,77,95,77,21.3,23.1,21.3,1011.7,1011.7,1011.2,3.0,143,6.3,24.54,0.0
A765,08/03/2018,01,23.9,24.1,23.5,96,97,96,23.3,23.5,23.0,1011.4,1011.4,1010.4,2.5,136,8.9,0.121,22.2
A765,08/03/2018,23,25.7,25.8,25.5,75,78,75,20.9,21.4,20.9,1012.4,1012.4,1011.7,2.1,147,6.4,7.521,0.0
A765,08/03/2018,04,23.9,24.1,23.2,96,96,96,23.2,23.4,22.5,1011.1,1011.7,1011.1,2.3,144,6.7,0.029,30.0
A765,08/03/2018,21,23.9,23.9,23.3,95,95,95,23.0,23.0,22.5,1011.3,1011.3,1010.9,0.7,323,4.0,50.72,0.6
A765,08/03/2018,14,23.6,24.1,23.6,91,95,89,22.1,23.2,21.9,1012.8,1012.9,1012.7,2.3,332,4.5,760.1,0.8
A765,08/03/2018,19,23.8,23.9,23.6,94,94,93,22.8,22.9,22.5,1011.1,1011.5,1011.1,1.6,318,2.8,412.7,0.6
A765,08/03/2018,18,23.7,24.3,23.6,93,93,91,22.5,22.8,22.3,1011.5,1011.8,1011.5,1.1,325,3.4,544.9,0.4
A765,08/03/2018,07,23.6,24.1,23.5,94,95,92,22.5,23.0,22.3,1009.5,1010.0,1009.5,1.8,342,4.0,0.754,0.6
A765,08/03/2018,15,24.1,25.0,23.6,90,92,87,22.4,23.1,22.1,1012.5,1012.8,1012.5,0.9,29,4.5,708.3,1.4
A765,08/03/2018,16,23.9,24.3,23.8,93,93,90,22.7,23.1,22.3,1012.1,1012.5,1012.1,1.0,285,2.4,491.1,2.0
A765,09/03/2018,22,24.2,25.5,24.2,89,89,82,22.3,22.5,22.0,1010.9,1010.9,1010.6,0.9,304,2.7,47.44,0.0
A765,09/03/2018,21,25.4,25.4,25.3,82,83,81,22.1,22.3,21.8,1010.6,1010.7,1010.5,0.4,318,2.8,199.7,0.0
A765,09/03/2018,23,23.7,24.6,23.7,92,92,88,22.3,22.5,22.2,1011.5,1011.5,1010.9,0.9,282,1.9,-2.01,0.0
A765,09/03/2018,04,23.0,23.2,23.0,91,93,91,21.5,21.9,21.5,1013.2,1013.7,1013.2,0.5,51,2.3,-0.55,0.0
A765,09/03/2018,01,23.5,25.8,23.5,90,90,73,21.8,21.9,20.6,1013.8,1013.8,1013.1,1.3,321,6.0,-0.38,0.0
A765,09/03/2018,15,28.0,28.6,27.6,75,75,63,23.0,23.0,20.7,1013.1,1013.6,1013.1,2.1,122,4.5,2314.,0.0
A765,09/03/2018,05,22.7,23.0,22.7,93,93,91,21.6,21.6,21.5,1012.7,1013.2,1012.7,0.5,319,1.9,-0.48,0.0
A765,09/03/2018,10,22.4,22.5,22.3,96,96,96,21.7,21.8,21.7,1012.9,1012.9,1012.5,0.7,334,1.4,35.74,0.0
A765,09/03/2018,08,22.3,22.5,22.3,96,96,95,21.6,21.8,21.6,1012.3,1012.3,1012.0,0.5,292,1.3,-1.66,0.0
A765,09/03/2018,12,24.9,25.0,23.4,84,93,84,22.0,22.7,21.9,1013.9,1013.9,1013.3,0.3,278,1.6,856.5,0.0
A765,09/03/2018,11,23.4,23.4,22.4,93,96,93,22.1,22.1,21.7,1013.3,1013.3,1012.9,0.3,276,1.8,385.8,0.0
A765,09/03/2018,02,23.1,23.4,23.1,93,93,90,22.0,22.0,21.8,1014.0,1014.0,1013.8,0.6,336,2.0,-0.67,0.0
A765,09/03/2018,14,28.4,28.8,27.4,64,70,62,20.9,22.2,20.2,1013.6,1013.8,1013.6,2.1,110,3.9,2732.,0.0
A765,09/03/2018,13,27.9,28.0,24.8,65,84,64,20.8,21.9,20.1,1013.8,1013.9,1013.8,1.1,130,2.7,2020.,0.0
A765,09/03/2018,07,22.4,22.4,22.2,95,96,94,21.6,21.7,21.4,1012.0,1012.2,1012.0,0.7,291,1.7,-1.96,0.0
A765,09/03/2018,06,22.4,22.7,22.4,94,94,93,21.4,21.7,21.4,1012.2,1012.7,1012.2,0.9,290,2.1,-1.36,0.0
A765,09/03/2018,09,22.3,22.4,22.3,96,96,96,21.6,21.7,21.6,1012.5,1012.5,1012.3,0.4,261,1.1,-1.39,0.0
A765,09/03/2018,18,25.2,27.2,24.8,82,84,71,21.9,22.1,21.3,1011.6,1012.1,1011.6,1.9,357,5.4,595.9,0.0
A765,09/03/2018,00,25.8,25.9,25.6,73,76,73,20.6,21.0,20.6,1013.1,1013.1,1012.4,2.6,147,6.3,1.969,0.0
A765,09/03/2018,03,23.1,23.1,22.9,93,94,93,21.9,22.0,21.9,1013.7,1014.0,1013.7,0.6,263,2.9,-1.28,0.0
A765,09/03/2018,16,27.6,28.8,27.2,76,77,68,22.9,23.3,22.0,1012.7,1013.1,1012.7,2.8,133,5.6,2573.,0.0
A765,09/03/2018,17,27.1,27.6,26.4,72,79,72,21.7,23.0,21.6,1012.1,1012.7,1012.1,2.7,118,6.1,1191.,0.0
A765,09/03/2018,19,25.9,26.0,25.2,79,83,78,22.0,22.3,21.7,1010.9,1011.6,1010.9,1.4,65,3.9,790.9,0.0
A765,09/03/2018,20,25.3,26.2,25.3,81,81,77,21.8,22.1,21.6,1010.6,1010.9,1010.5,1.7,313,3.0,475.8,0.0
A765,10/03/2018,04,22.2,22.4,22.1,96,96,96,21.6,21.8,21.5,1011.3,1012.0,1011.3,0.3,343,1.4,-3.18,0.0
A765,10/03/2018,17,28.0,28.8,27.3,70,73,68,21.9,22.6,21.5,1009.7,1010.5,1009.7,1.7,124,3.9,1827.,0.0
A765,10/03/2018,03,22.4,22.7,22.4,96,96,95,21.7,21.9,21.7,1012.0,1012.2,1012.0,0.5,256,1.1,-2.61,0.0
A765,10/03/2018,13,25.5,25.6,23.9,82,91,82,22.3,22.9,22.1,1011.7,1011.8,1011.3,0.6,273,1.5,773.9,0.0
A765,10/03/2018,22,25.4,26.4,25.4,83,85,79,22.4,22.8,22.3,1009.2,1009.2,1009.0,0.9,8,4.0,13.73,0.0
A765,10/03/2018,12,23.9,24.1,22.8,91,96,91,22.3,22.8,22.0,1011.3,1011.4,1011.1,0.4,311,2.0,453.5,0.0
A765,10/03/2018,20,26.8,27.0,25.7,76,80,73,22.2,22.5,21.7,1008.7,1009.0,1008.7,0.6,270,2.4,445.6,0.0
A765,10/03/2018,14,26.5,26.9,25.5,73,83,70,21.2,22.7,20.7,1011.6,1011.8,1011.5,0.7,346,1.5,1112.,0.0
A765,10/03/2018,23,24.5,25.4,24.5,89,89,83,22.5,22.6,22.3,1009.7,1009.7,1009.2,0.7,311,2.8,-1.22,0.0
A765,10/03/2018,01,23.1,23.3,23.1,94,94,94,22.1,22.4,22.1,1012.6,1012.7,1012.2,0.7,349,1.8,-2.99,0.0
A765,10/03/2018,21,25.8,26.8,25.8,83,83,75,22.7,22.7,22.0,1009.0,1009.0,1008.7,0.9,329,1.9,96.76,0.0
A765,10/03/2018,16,27.7,27.8,27.0,70,74,68,21.8,22.5,21.4,1010.5,1011.1,1010.5,1.0,99,3.3,1175.,0.0
A765,10/03/2018,05,21.9,22.2,21.9,96,97,96,21.3,21.6,21.3,1010.9,1011.4,1010.9,0.9,250,1.7,-3.32,0.0
A765,10/03/2018,15,27.1,27.8,26.4,73,75,70,21.8,22.3,21.0,1011.1,1011.6,1011.1,1.8,97,3.3,1386.,0.0
A765,10/03/2018,06,22.2,22.2,21.8,96,97,96,21.6,21.7,21.3,1010.6,1010.9,1010.5,0.7,269,3.1,-1.05,0.0
A765,10/03/2018,02,22.7,23.1,22.6,95,95,94,21.9,22.1,21.8,1012.2,1012.7,1012.2,0.4,357,1.5,-3.34,0.0
A765,10/03/2018,07,22.4,22.5,22.2,96,96,96,21.7,21.8,21.6,1010.3,1010.7,1010.3,0.6,257,1.5,-0.79,0.0
A765,10/03/2018,10,22.2,22.2,21.9,96,96,96,21.4,21.4,21.2,1010.6,1010.6,1010.2,0.5,251,1.4,47.45,0.0
A765,10/03/2018,00,23.3,23.7,23.3,94,94,92,22.4,22.4,22.3,1012.2,1012.2,1011.5,0.5,327,1.6,-3.04,0.0
A765,10/03/2018,09,22.1,22.2,22.1,96,96,96,21.4,21.5,21.4,1010.2,1010.7,1010.1,0.6,12,1.6,-2.03,0.0
A765,10/03/2018,18,27.7,29.1,27.6,70,72,66,21.8,23.1,21.2,1009.1,1009.7,1009.1,1.5,115,3.9,1822.,0.0
A765,10/03/2018,08,22.1,22.4,22.0,96,96,96,21.4,21.7,21.3,1010.4,1010.4,1010.0,0.6,313,1.9,-3.18,0.0
A765,10/03/2018,11,22.8,22.9,22.2,95,96,95,22.1,22.1,21.4,1011.1,1011.1,1010.6,0.5,251,1.6,269.1,0.0
A765,10/03/2018,19,26.8,27.8,26.8,75,75,68,22.0,22.0,21.2,1009.0,1009.2,1009.0,0.8,174,3.1,327.0,0.0
A765,11/03/2018,02,23.3,23.7,23.3,94,94,92,22.3,22.5,22.3,1010.1,1010.6,1010.1,0.4,290,1.2,-1.76,0.0
A765,11/03/2018,16,29.4,30.5,29.4,68,71,65,23.0,23.8,22.7,1008.1,1008.7,1008.1,3.0,154,5.8,3516.,0.0
A765,11/03/2018,22,26.6,27.7,26.6,81,81,76,23.1,23.2,22.9,1006.9,1006.9,1006.8,0.8,81,3.0,54.51,0.0
A765,11/03/2018,23,24.9,26.6,24.9,92,92,81,23.5,23.6,23.1,1007.5,1007.5,1006.8,1.0,327,2.5,-3.60,0.0
A765,11/03/2018,10,22.1,22.1,21.5,96,96,96,21.5,21.5,20.9,1008.6,1008.6,1008.2,0.9,266,2.5,57.49,0.0
A765,11/03/2018,05,22.1,22.5,22.1,96,96,95,21.5,21.7,21.4,1008.1,1008.6,1008.1,0.7,293,1.6,-3.15,0.0
A765,11/03/2018,07,22.2,22.2,21.6,96,96,96,21.6,21.6,20.9,1007.5,1007.5,1007.3,0.8,235,3.3,-3.23,0.0
A765,11/03/2018,21,27.7,28.2,27.7,77,77,75,23.2,23.4,23.0,1006.8,1006.8,1006.5,1.2,120,3.3,375.8,0.0
A765,11/03/2018,11,24.0,24.0,22.1,92,96,92,22.6,23.0,21.5,1009.4,1009.4,1008.6,0.7,256,2.4,712.2,0.0
A765,11/03/2018,06,21.6,22.2,21.6,96,96,96,21.0,21.5,21.0,1007.4,1008.1,1007.4,0.5,241,1.6,-3.36,0.0
A765,11/03/2018,12,26.8,27.0,24.0,73,92,73,21.6,23.2,21.4,1009.9,1009.9,1009.4,1.7,202,3.3,1562.,0.0
A765,11/03/2018,08,21.7,22.2,21.6,96,96,96,21.0,21.6,20.9,1007.6,1007.7,1007.5,1.2,219,2.5,-2.59,0.0
A765,11/03/2018,00,23.9,24.6,23.9,91,91,88,22.3,22.6,22.3,1010.1,1010.1,1009.7,0.3,2,1.6,-2.47,0.0
A765,11/03/2018,01,23.7,23.9,23.6,92,92,91,22.4,22.4,22.3,1010.6,1010.6,1010.1,0.4,257,2.6,-2.86,0.0
A765,11/03/2018,03,22.8,23.3,22.8,94,95,94,21.9,22.3,21.8,1009.2,1010.1,1009.1,0.2,309,2.3,-3.36,0.0
A765,11/03/2018,20,28.2,29.0,28.1,75,76,73,23.3,23.6,23.1,1006.6,1006.9,1006.6,1.8,120,4.2,788.5,0.0
A765,11/03/2018,04,22.4,22.9,22.3,95,95,94,21.6,22.0,21.5,1008.6,1009.2,1008.6,0.3,221,1.7,-3.37,0.0
A765,11/03/2018,17,29.9,30.3,28.9,////,71,66,////,24.2,22.6,1007.6,1008.1,1007.6,2.1,132,6.9,3180.,0.0
A765,11/03/2018,13,28.8,28.9,26.8,64,73,64,21.4,21.9,21.0,1009.8,1010.0,1009.8,1.5,204,3.9,2371.,0.0
A765,11/03/2018,14,30.1,30.4,28.7,64,68,62,22.6,23.2,21.2,1009.3,1009.8,1009.3,2.3,122,4.2,2663.,0.0
A765,11/03/2018,15,29.4,30.5,28.9,68,69,62,22.9,////,////,1008.7,1009.3,1008.7,3.0,155,5.4,3390.,0.0
A765,11/03/2018,19,28.9,29.7,28.4,73,74,68,23.6,23.8,23.0,1006.9,1007.1,1006.9,1.5,132,5.7,1398.,0.0
A765,11/03/2018,09,21.5,22.0,21.5,96,96,96,20.9,21.3,20.8,1008.2,1008.2,1007.6,1.0,272,3.1,-3.15,0.0
A765,11/03/2018,18,29.6,30.1,28.8,69,72,67,23.2,23.9,22.8,1007.1,1007.6,1007.1,2.2,111,5.7,1922.,0.0
A765,12/03/2018,06,21.7,21.8,21.4,96,96,95,21.0,21.1,20.6,1005.7,1006.3,1005.7,0.5,307,1.4,-3.57,0.0
A765,12/03/2018,05,21.7,22.2,21.7,95,95,94,21.0,21.4,21.0,1006.2,1006.9,1006.2,0.7,320,1.4,-3.54,0.0
A765,12/03/2018,19,30.4,32.0,30.3,67,////,////,23.6,////,////,1004.9,1005.1,1004.7,2.6,221,6.8,1720.,0.0
A765,12/03/2018,14,32.8,32.8,30.0,////,////,////,////,////,////,1006.3,1006.5,1006.3,1.8,152,3.5,2621.,0.0
A765,12/03/2018,11,23.8,23.9,21.4,89,96,89,22.0,22.1,20.6,1006.1,1006.1,1005.8,1.0,263,2.5,726.8,0.0
A765,12/03/2018,12,27.2,27.3,23.8,70,90,68,21.2,22.6,20.9,1006.4,1006.4,1006.1,0.7,292,3.0,1582.,0.0
A765,12/03/2018,13,30.4,31.0,27.1,////,72,56,////,22.5,21.2,1006.4,1006.5,1006.2,1.6,149,3.5,2340.,0.0
A765,12/03/2018,00,24.4,24.9,24.4,91,92,91,22.7,23.6,22.7,1007.8,1007.8,1007.5,1.0,321,2.0,-3.60,0.0
A765,12/03/2018,08,21.2,21.5,21.1,96,96,96,20.6,20.8,20.4,1005.3,1005.4,1005.3,0.8,282,1.4,-3.50,0.0
A765,12/03/2018,02,23.1,24.0,23.1,94,94,91,22.1,22.8,22.0,1007.8,1008.2,1007.8,0.2,314,2.1,-3.60,0.0
A765,12/03/2018,07,21.4,21.8,21.3,96,96,96,20.8,21.1,20.6,1005.3,1005.7,1005.3,0.4,318,1.5,-3.49,0.0
A765,12/03/2018,03,22.7,23.3,22.7,93,94,91,21.6,22.1,21.4,1007.3,1007.8,1007.3,0.5,312,1.9,-3.59,0.0
A765,12/03/2018,01,23.9,24.4,23.8,93,93,90,22.7,22.8,22.4,1008.1,1008.1,1007.8,0.7,345,1.9,-3.59,0.0
A765,12/03/2018,23,26.3,26.5,26.2,94,94,93,25.2,25.4,25.2,1007.2,1007.2,1006.3,0.9,254,2.2,-2.40,0.8
A765,12/03/2018,22,26.5,27.0,26.5,93,93,89,25.3,25.4,25.1,1006.3,1006.3,1005.8,1.0,265,2.1,26.70,0.2
A765,12/03/2018,20,28.9,30.7,28.9,77,77,66,24.4,24.4,23.5,1005.5,1005.5,1004.8,2.4,179,6.5,348.2,0.0
A765,12/03/2018,18,31.7,32.1,30.6,////,////,////,////,////,////,1005.0,1005.1,1004.8,2.6,221,9.5,2527.,0.0
A765,12/03/2018,09,21.0,21.3,20.9,96,96,96,20.3,20.6,20.1,1005.4,1005.5,1005.3,0.5,320,1.5,-3.52,0.0
A765,12/03/2018,15,34.7,34.7,32.8,////,////,////,////,////,////,1005.2,1006.3,1005.2,1.8,127,4.1,3167.,0.0
A765,12/03/2018,21,26.9,28.9,26.9,89,89,77,25.0,25.0,24.4,1005.8,1006.0,1005.4,0.7,67,5.5,42.50,0.2
A765,12/03/2018,04,22.2,22.7,22.1,94,94,93,21.2,21.5,21.0,1006.9,1007.3,1006.9,0.4,337,1.1,-3.59,0.0
A765,12/03/2018,10,21.4,21.4,20.9,96,96,96,20.7,20.7,20.2,1005.8,1005.8,1005.4,1.0,295,1.8,49.63,0.0
A765,12/03/2018,17,31.7,33.2,30.8,////,////,////,////,////,////,1004.9,1005.1,1004.6,3.9,209,9.7,2661.,0.0
A765,12/03/2018,16,32.6,35.2,32.3,////,////,////,////,////,////,1004.6,1005.2,1004.5,4.0,151,7.9,3177.,0.0
A765,13/03/2018,13,24.6,24.6,24.1,96,97,96,23.9,24.0,23.5,1012.0,1012.0,1011.6,2.0,314,4.0,161.7,1.0
A765,13/03/2018,23,24.6,24.9,24.3,97,97,96,24.0,24.3,23.7,1011.3,1011.4,1010.9,0.7,248,1.6,-0.01,0.0
A765,13/03/2018,17,25.1,25.1,24.7,96,96,95,24.3,24.3,23.9,1011.2,1011.5,1011.2,1.1,278,2.7,411.6,0.6
A765,13/03/2018,07,25.1,26.1,25.0,93,94,87,24.0,24.2,23.7,1008.1,1008.1,1007.8,2.7,154,7.3,-1.67,15.4
A765,13/03/2018,19,24.8,25.1,24.7,95,95,95,24.0,24.2,23.9,1010.6,1010.6,1010.2,1.0,286,2.4,214.2,0.0
A765,13/03/2018,05,26.6,26.6,26.4,86,88,86,24.0,24.3,24.0,1007.9,1008.3,1007.9,3.2,139,7.4,-2.50,0.0
A765,13/03/2018,14,24.9,25.0,24.6,96,96,95,24.1,24.2,23.9,1012.5,1012.5,1012.0,0.8,34,3.5,235.4,0.8
A765,13/03/2018,06,26.1,26.6,26.1,87,87,85,23.8,23.9,23.7,1007.8,1007.9,1007.7,2.8,143,8.6,-1.19,0.2
A765,13/03/2018,02,25.5,25.6,25.4,95,95,94,24.6,24.7,24.4,1008.6,1008.6,1008.5,0.6,160,2.6,-2.07,0.8
A765,13/03/2018,10,24.0,24.2,23.6,97,97,93,23.4,23.5,22.7,1009.9,1010.0,1008.8,1.9,115,7.1,15.87,51.2
A765,13/03/2018,15,24.9,25.1,24.8,95,96,95,24.1,24.3,24.0,1012.0,1012.5,1012.0,0.8,317,2.4,298.1,1.2
A765,13/03/2018,16,24.9,25.1,24.9,95,96,95,24.1,24.4,24.0,1011.4,1012.0,1011.3,0.7,346,2.0,349.0,0.2
A765,13/03/2018,03,25.4,25.7,25.3,95,95,94,24.5,24.7,24.3,1008.5,1008.6,1008.4,0.6,263,4.3,-1.66,5.6
A765,13/03/2018,04,26.4,26.5,25.3,88,95,88,24.3,25.2,24.3,1008.3,1008.5,1008.2,2.7,139,6.7,-0.56,0.0
A765,13/03/2018,21,24.7,24.9,24.6,96,96,95,24.0,24.2,23.8,1010.5,1010.5,1010.3,1.2,298,2.2,86.97,0.2
A765,13/03/2018,01,25.6,26.1,25.4,94,94,93,24.6,24.9,24.5,1008.5,1008.5,1008.1,1.1,356,3.0,-2.30,1.4
A765,13/03/2018,00,26.1,26.3,25.9,94,94,93,25.0,25.2,24.8,1008.1,1008.1,1007.2,1.3,37,2.9,-2.47,0.0
A765,13/03/2018,20,24.8,25.1,24.7,95,96,95,24.0,24.4,23.9,1010.4,1010.6,1010.4,0.9,248,2.1,150.9,0.2
A765,13/03/2018,12,24.1,24.3,24.0,97,97,97,23.5,23.8,23.4,1011.6,1011.6,1010.9,0.9,353,2.3,130.5,0.6
A765,13/03/2018,18,25.1,25.2,25.0,95,96,95,24.2,24.4,24.1,1010.5,1011.2,1010.5,1.2,289,2.6,401.4,0.0
A765,13/03/2018,11,24.3,24.3,23.9,97,97,97,23.8,23.8,23.4,1010.9,1010.9,1009.9,1.0,337,7.2,24.22,33.0
A765,13/03/2018,09,24.2,25.6,24.2,93,93,89,23.0,24.1,23.0,1008.9,1008.9,1008.2,1.6,73,7.1,-0.05,1.2
A765,13/03/2018,22,24.9,24.9,24.6,96,96,96,24.3,24.3,23.9,1011.0,1011.0,1010.4,0.7,230,2.2,10.59,0.2
A765,13/03/2018,08,25.5,25.5,25.1,92,93,92,24.1,24.2,23.9,1008.2,1008.2,1008.1,3.5,133,7.3,-0.95,2.4
A765,14/03/2018,10,23.4,23.4,23.0,97,97,97,22.9,22.9,22.5,1010.5,1010.5,1009.8,0.7,284,2.3,50.64,0.0
A765,14/03/2018,01,24.1,24.2,23.9,97,97,97,23.5,23.7,23.4,1012.0,1012.5,1012.0,0.9,231,2.5,-2.24,0.0
A765,14/03/2018,21,24.9,26.0,24.7,85,91,85,22.1,24.4,22.1,1009.1,1009.3,1008.6,2.8,34,5.9,64.32,4.0
A765,14/03/2018,11,25.0,25.0,23.4,97,98,97,24.4,24.4,23.0,1011.4,1011.4,1010.5,0.7,277,2.1,626.7,0.0
A765,14/03/2018,03,23.3,23.7,23.3,97,97,97,22.9,23.2,22.9,1011.0,1011.9,1011.0,0.7,304,1.8,-1.58,0.0
A765,14/03/2018,00,24.0,24.6,24.0,97,97,97,23.5,24.1,23.5,1012.1,1012.1,1011.2,1.0,270,2.3,-1.76,0.0
A765,14/03/2018,14,30.4,30.7,29.4,////,77,72,////,////,////,1011.2,1011.5,1011.1,2.5,117,4.2,2553.,0.0
A765,14/03/2018,20,26.0,29.6,26.0,90,90,73,24.3,25.1,23.9,1009.0,1009.0,1007.8,2.7,347,5.4,214.0,2.8
A765,14/03/2018,22,23.6,24.9,22.9,92,94,85,22.3,22.8,21.5,1010.0,1010.3,1009.1,3.3,357,10.8,-0.49,17.4
A765,14/03/2018,02,23.7,24.0,23.5,97,97,97,23.2,23.5,23.0,1011.9,1012.2,1011.8,0.9,271,2.3,-1.76,0.0
A765,14/03/2018,12,27.5,27.5,25.0,86,97,86,25.0,25.9,24.4,1011.7,1011.9,1011.4,0.9,265,2.0,1481.,0.0
A765,14/03/2018,13,29.9,30.1,27.5,73,86,72,24.6,25.4,23.5,1011.5,1011.9,1011.5,1.6,115,2.8,2088.,0.0
A765,14/03/2018,23,22.9,25.3,22.7,95,95,89,22.1,23.6,21.9,1013.3,1013.8,1009.5,6.0,257,18.8,0.028,22.6
A765,14/03/2018,09,23.0,23.5,23.0,97,97,97,22.6,23.0,22.6,1009.8,1010.1,1009.7,0.3,59,2.1,-1.19,0.0
A765,14/03/2018,17,30.8,31.6,30.3,////,////,////,////,////,////,1008.3,1009.2,1008.3,2.1,117,4.7,2978.,0.0
A765,14/03/2018,19,29.5,31.1,29.4,76,79,76,24.8,////,////,1007.8,1007.8,1007.3,1.9,123,5.2,1094.,0.0
A765,14/03/2018,07,23.9,23.9,23.5,97,97,97,23.5,23.5,23.0,1009.6,1010.1,1009.3,0.9,243,4.2,-1.44,0.0
A765,14/03/2018,06,23.7,23.9,23.5,97,97,97,23.3,23.4,23.1,1009.6,1010.6,1009.6,1.3,213,2.8,-1.53,0.0
A765,14/03/2018,15,30.6,30.7,29.6,////,////,////,////,////,////,1010.5,1011.2,1010.5,2.5,114,5.8,3298.,0.2
A765,14/03/2018,05,23.7,23.7,23.3,97,97,97,23.2,23.3,22.8,1010.5,1011.3,1010.5,0.4,309,2.7,-1.28,0.0
A765,14/03/2018,04,23.4,23.4,23.2,97,97,97,23.0,23.0,22.7,1011.0,1011.2,1010.8,0.6,214,2.4,-1.53,0.0
A765,14/03/2018,16,30.6,30.8,29.6,////,////,////,////,////,////,1009.2,1010.5,1009.2,2.2,120,5.3,3382.,0.0
A765,14/03/2018,18,31.1,31.6,30.3,////,////,////,////,////,////,1007.7,1008.3,1007.7,2.1,115,4.9,2398.,0.0
A765,14/03/2018,08,23.3,23.9,23.3,97,97,97,22.9,23.5,22.9,1009.8,1009.8,1009.3,0.5,304,3.3,-1.34,0.0
A765,15/03/2018,13,32.6,32.6,28.5,////,////,////,////,////,////,1009.8,1009.8,1009.5,2.3,159,5.4,2142.,0.0
A765,15/03/2018,05,27.6,28.2,22.9,63,95,61,19.9,22.7,19.8,1010.6,1012.3,1010.0,4.4,338,8.7,0.836,0.2
A765,15/03/2018,21,30.0,30.8,30.0,60,64,58,21.5,23.1,21.0,1008.7,1008.7,1008.2,0.8,95,3.0,358.4,0.0
A765,15/03/2018,04,23.2,23.2,22.8,95,96,95,22.3,22.4,22.1,1012.1,1014.8,1012.0,1.2,14,3.1,-0.03,0.0
A765,15/03/2018,10,29.4,29.5,28.4,53,57,52,18.7,19.0,18.6,1008.8,1008.8,1007.3,4.4,349,9.3,61.68,0.0
A765,15/03/2018,14,31.6,33.8,31.5,////,////,////,////,////,////,1009.4,1009.8,1009.4,2.0,204,5.1,2124.,0.0
A765,15/03/2018,06,27.7,28.8,26.5,60,67,56,19.3,19.9,19.2,1009.0,1010.8,1008.9,2.2,2,18.2,-0.16,0.0
A765,15/03/2018,12,28.7,31.6,28.3,64,64,46,21.2,21.2,18.3,1009.6,1009.6,1008.6,1.8,256,9.9,1226.,0.0
A765,15/03/2018,11,29.0,30.4,29.0,56,56,50,19.4,19.5,18.6,1008.8,1009.1,1008.6,2.5,28,10.8,505.4,0.0
A765,15/03/2018,00,23.2,23.8,22.7,94,95,90,22.1,22.8,21.6,1015.7,1015.7,1013.3,3.4,312,12.7,0.384,9.4
A765,15/03/2018,22,27.4,30.0,27.2,80,80,60,23.6,23.6,20.9,1008.9,1008.9,1008.7,0.5,358,2.1,61.27,0.0
A765,15/03/2018,23,26.1,27.5,25.6,90,91,79,24.3,24.8,23.2,1009.1,1009.1,1008.9,0.4,228,1.5,-3.18,0.0
A765,15/03/2018,15,30.3,32.3,29.7,70,////,////,24.3,////,////,1008.8,1009.4,1008.7,3.6,166,7.3,1904.,0.0
A765,15/03/2018,16,30.7,32.1,30.1,////,////,////,////,////,////,1008.5,1008.8,1008.2,3.2,163,8.4,2825.,0.0
A765,15/03/2018,07,28.3,29.8,27.2,58,63,50,19.1,19.5,18.2,1008.3,1009.0,1008.3,4.8,343,10.5,-2.33,0.0
A765,15/03/2018,08,29.5,29.6,28.1,52,59,52,18.5,19.3,18.5,1007.6,1008.4,1007.6,5.1,340,11.8,-2.18,0.0
A765,15/03/2018,03,22.9,23.0,22.8,96,96,95,22.2,22.3,22.0,1014.8,1016.3,1014.8,1.2,345,4.2,-0.15,2.0
A765,15/03/2018,20,30.6,31.4,30.5,////,////,////,////,////,////,1008.2,1008.5,1008.1,1.7,94,3.3,971.0,0.0
A765,15/03/2018,18,30.4,32.0,30.3,////,////,////,////,////,////,1008.4,1008.5,1008.2,2.8,104,4.8,1879.,0.0
A765,15/03/2018,09,28.8,29.9,28.1,55,58,51,18.9,19.1,18.5,1007.3,1007.8,1007.1,3.4,5,11.1,-3.13,0.0
A765,15/03/2018,17,31.9,31.9,30.7,////,////,////,////,////,////,1008.4,1008.6,1008.3,1.9,137,5.9,2615.,0.0
A765,15/03/2018,01,23.1,23.4,23.0,95,95,92,22.2,22.3,21.9,1016.6,1016.6,1015.5,1.0,283,5.8,0.025,3.4
A765,15/03/2018,02,22.8,23.7,22.8,95,95,94,22.1,22.8,22.0,1016.2,1016.7,1016.0,1.6,2,4.6,0.695,5.0
A765,15/03/2018,19,31.0,31.5,30.1,////,////,////,////,////,////,1008.4,1008.5,1008.2,1.4,124,4.9,1788.,0.0
A765,16/03/2018,02,26.0,26.4,25.3,94,95,91,24.8,25.0,24.0,1009.8,1010.1,1009.6,1.6,229,2.6,-1.91,0.0
A765,16/03/2018,11,28.7,28.8,27.6,72,77,72,23.2,23.7,22.9,1012.0,1012.0,1010.5,1.5,208,5.6,546.5,0.0
A765,16/03/2018,00,26.0,26.5,25.9,92,94,90,24.7,25.3,24.2,1010.2,1010.2,1009.1,0.9,279,1.8,-1.51,0.0
A765,16/03/2018,04,27.1,28.1,27.0,87,87,83,24.6,25.1,24.5,1008.9,1010.0,1008.9,0.6,179,7.6,-2.62,0.0
A765,16/03/2018,18,29.8,30.4,29.2,67,71,65,22.9,24.1,22.6,1011.0,1011.7,1011.0,1.8,205,5.0,1836.,0.0
A765,16/03/2018,19,28.7,30.0,28.2,75,75,67,23.8,23.8,22.9,1011.1,1011.1,1011.0,2.5,157,6.5,879.8,0.0
A765,16/03/2018,07,30.2,30.3,26.2,58,91,58,21.1,25.0,21.1,1007.1,1007.2,1006.6,1.2,123,4.3,-2.19,0.0
A765,16/03/2018,05,26.5,27.1,25.9,89,91,87,24.5,24.7,24.0,1007.7,1009.0,1007.7,1.0,207,3.9,-2.57,0.0
A765,16/03/2018,06,26.6,26.7,25.7,91,92,89,25.0,25.1,24.1,1006.8,1007.7,1006.7,1.6,311,4.0,-2.29,0.0
A765,16/03/2018,21,28.0,28.0,27.8,78,80,77,23.9,24.0,23.6,1011.7,1011.8,1011.5,0.8,118,3.0,174.5,0.0
A765,16/03/2018,22,27.2,28.1,26.9,83,84,78,24.1,24.1,23.6,1012.0,1012.1,1011.7,2.1,119,5.3,27.39,0.0
A765,16/03/2018,12,29.3,29.4,28.7,61,72,61,21.0,23.0,21.0,1012.8,1012.8,1012.0,2.5,230,6.1,1365.,0.0
A765,16/03/2018,20,28.0,29.1,27.9,77,78,73,23.6,24.0,23.4,1011.5,1011.5,1011.0,1.4,165,4.7,436.9,0.0
A765,16/03/2018,01,26.3,26.3,25.7,92,93,92,24.9,25.0,24.4,1010.1,1010.5,1010.1,0.5,246,1.8,-1.10,0.0
A765,16/03/2018,08,29.5,32.3,27.9,63,77,48,21.8,23.5,19.9,1008.4,1008.4,1007.1,2.4,217,6.0,-2.77,0.0
A765,16/03/2018,10,27.6,29.4,27.2,77,80,64,23.1,23.4,22.0,1010.5,1010.5,1009.4,1.1,232,2.6,27.21,0.0
A765,16/03/2018,03,27.5,27.5,25.8,86,94,86,25.0,25.0,24.5,1010.0,1010.0,1009.6,3.1,206,8.6,-2.43,0.0
A765,16/03/2018,09,29.4,30.4,28.4,64,69,58,22.0,23.0,21.2,1009.4,1009.5,1008.4,1.1,241,8.5,-2.22,0.0
A765,16/03/2018,17,29.4,30.5,29.3,69,69,65,23.2,23.5,22.5,1011.7,1012.3,1011.7,2.2,246,7.0,2448.,0.0
A765,16/03/2018,13,29.7,30.0,29.3,63,65,61,22.0,22.4,21.0,1013.5,1013.5,1012.8,2.9,230,7.1,2094.,0.0
A765,16/03/2018,14,29.9,30.3,29.4,65,66,62,22.5,23.2,21.6,1013.5,1013.7,1013.5,3.3,228,8.0,2798.,0.0
A765,16/03/2018,15,30.1,31.0,29.8,65,67,63,22.7,////,////,1012.8,1013.5,1012.8,3.0,240,8.0,3344.,0.0
A765,16/03/2018,16,30.4,30.6,29.4,65,68,63,23.1,23.6,22.4,1012.3,1012.8,1012.3,2.7,240,7.3,1931.,0.0
A765,16/03/2018,23,26.9,27.3,26.9,83,83,81,23.7,24.1,23.7,1012.4,1012.4,1012.0,2.4,127,6.0,0.496,0.0
A765,17/03/2018,18,28.9,29.9,28.4,73,75,71,23.6,24.4,23.2,1011.6,1012.3,1011.6,2.6,137,6.1,2557.,0.0
A765,17/03/2018,05,26.5,26.6,26.5,81,82,81,22.9,23.2,22.9,1012.6,1013.2,1012.6,2.5,142,6.1,-0.18,0.0
A765,17/03/2018,10,25.2,25.2,24.8,93,94,92,23.9,24.0,23.6,1012.4,1012.4,1012.1,2.5,271,4.0,5.000,0.8
A765,17/03/2018,09,25.0,25.5,25.0,92,92,88,23.6,23.7,23.3,1012.1,1012.1,1011.8,2.2,296,3.2,-0.46,0.4
A765,17/03/2018,17,29.3,29.4,28.1,74,77,73,24.2,24.4,23.4,1012.3,1013.0,1012.3,2.5,121,6.0,1875.,0.0
A765,17/03/2018,19,28.8,29.3,28.5,74,76,72,23.8,24.2,23.3,1011.2,1011.6,1011.2,2.2,120,6.0,1452.,0.0
A765,17/03/2018,06,26.5,26.5,26.4,82,82,81,23.1,23.1,22.9,1012.1,1012.6,1012.1,1.8,98,6.1,-0.16,0.0
A765,17/03/2018,11,24.9,25.2,24.7,94,94,92,23.9,23.9,23.5,1013.1,1013.1,1012.4,1.2,335,4.0,110.4,0.4
A765,17/03/2018,02,26.8,26.9,26.8,82,82,81,23.3,23.5,23.3,1013.6,1013.6,1013.4,1.7,123,6.2,-0.95,0.0
A765,17/03/2018,22,26.8,27.0,26.8,81,82,80,23.3,23.5,23.2,1010.7,1010.8,1010.7,1.8,109,6.0,25.32,0.0
A765,17/03/2018,21,27.0,28.0,27.0,80,80,77,23.2,23.7,23.1,1010.8,1011.0,1010.8,2.8,119,6.1,270.0,0.0
A765,17/03/2018,03,26.4,26.8,25.6,84,88,81,23.3,23.6,23.2,1013.5,1013.7,1013.5,1.7,78,4.6,0.098,0.0
A765,17/03/2018,07,26.5,26.5,25.6,82,87,81,23.0,23.4,23.0,1011.7,1012.1,1011.7,2.0,113,4.8,0.038,0.0
A765,17/03/2018,23,26.1,26.9,26.1,87,87,81,23.7,23.8,23.3,1011.0,1011.0,1010.7,1.7,293,4.5,-2.44,0.0
A765,17/03/2018,20,28.0,29.0,27.9,78,78,73,23.7,24.0,23.4,1011.0,1011.2,1010.9,2.6,124,6.8,900.7,0.0
A765,17/03/2018,16,28.4,29.2,28.0,75,77,73,23.5,24.2,23.3,1013.0,1013.3,1013.0,3.0,112,7.1,1316.,0.0
A765,17/03/2018,14,29.7,30.1,27.7,////,81,72,////,25.2,23.6,1013.8,1014.0,1013.8,2.4,123,5.3,2415.,0.0
A765,17/03/2018,13,28.1,28.2,25.5,79,93,78,24.0,24.4,23.6,1013.9,1013.9,1013.4,1.3,109,2.6,1502.,0.0
A765,17/03/2018,15,29.0,30.1,29.0,73,76,71,23.7,24.9,23.6,1013.3,1013.9,1013.3,3.5,136,7.1,3240.,0.0
A765,17/03/2018,12,25.5,25.6,24.8,93,95,93,24.2,24.5,23.7,1013.4,1013.4,1013.1,0.7,241,3.0,344.3,0.0
A765,17/03/2018,00,26.9,27.0,26.9,81,83,81,23.5,23.7,23.4,1013.0,1013.1,1012.4,2.2,137,5.6,0.528,0.0
A765,17/03/2018,08,25.2,26.5,25.0,90,92,81,23.5,23.6,23.0,1011.8,1011.8,1011.7,0.5,114,5.3,0.287,0.0
A765,17/03/2018,04,26.6,26.6,25.8,81,87,81,23.1,23.5,23.1,1013.2,1013.5,1013.2,2.1,119,5.0,0.018,0.0
A765,17/03/2018,01,26.9,27.0,26.9,81,82,80,23.3,23.6,23.3,1013.5,1013.5,1013.0,2.4,132,6.6,-1.17,0.0
A765,18/03/2018,05,23.5,23.5,23.2,96,96,95,22.8,22.8,22.4,1011.0,1011.7,1011.0,1.0,300,2.2,-3.07,0.0
A765,18/03/2018,15,28.8,29.6,27.8,72,76,67,23.3,23.9,22.3,1010.6,1011.2,1010.6,2.1,122,4.7,2450.,0.0
A765,18/03/2018,12,26.6,26.7,24.8,79,87,79,22.7,23.1,22.3,1011.3,1011.4,1011.0,0.6,5,1.3,1529.,0.0
A765,18/03/2018,02,23.7,24.4,23.7,95,95,94,22.8,23.3,22.8,1011.9,1011.9,1011.8,0.5,281,1.5,-3.56,0.0
A765,18/03/2018,22,26.0,27.4,26.0,89,89,80,24.0,24.2,23.6,1008.2,1008.3,1007.9,0.8,306,2.8,24.24,0.0
A765,18/03/2018,19,28.6,29.2,28.4,75,75,71,23.6,24.1,23.3,1008.7,1008.8,1008.7,1.2,123,4.6,700.0,0.0
A765,18/03/2018,23,25.0,26.0,25.0,93,93,89,23.7,24.1,23.7,1008.4,1008.4,1008.1,0.8,301,1.8,-3.59,0.0
A765,18/03/2018,11,24.8,25.1,23.3,87,95,87,22.5,23.1,22.2,1011.0,1011.0,1010.8,0.4,324,2.1,669.6,0.0
A765,18/03/2018,06,23.6,23.7,23.1,96,96,95,22.9,23.0,22.3,1010.5,1011.0,1010.5,0.9,288,1.5,-3.39,0.0
A765,18/03/2018,00,24.9,26.1,24.9,91,91,86,23.3,23.7,23.3,1011.5,1011.5,1011.0,1.4,320,2.5,-2.99,0.0
A765,18/03/2018,09,23.4,23.6,23.2,96,96,95,22.7,22.9,22.4,1010.4,1010.4,1009.9,1.0,273,2.5,-2.93,0.0
A765,18/03/2018,16,28.9,29.9,28.3,72,75,68,23.4,23.9,22.5,1009.8,1010.6,1009.8,2.1,118,4.5,2061.,0.0
A765,18/03/2018,13,29.0,29.0,26.6,69,80,67,22.8,23.2,21.8,1011.3,1011.4,1011.2,1.6,112,4.5,2351.,0.0
A765,18/03/2018,03,23.5,23.8,23.5,96,96,95,22.7,23.0,22.7,1012.0,1012.1,1011.9,0.9,306,1.8,-3.26,0.0
A765,18/03/2018,08,23.4,23.4,23.1,95,96,93,22.6,22.6,22.0,1009.9,1010.0,1009.6,0.9,291,2.1,-3.54,0.0
A765,18/03/2018,07,23.2,23.6,23.2,96,96,95,22.5,22.9,22.5,1009.7,1010.5,1009.7,1.3,350,2.3,-3.19,0.0
A765,18/03/2018,14,27.8,29.2,27.8,75,75,67,22.9,23.2,22.1,1011.2,1011.4,1011.2,1.9,136,4.7,1579.,0.0
A765,18/03/2018,18,29.2,30.1,28.9,71,74,67,23.3,24.4,22.9,1008.8,1009.3,1008.8,1.7,120,4.5,2009.,0.0
A765,18/03/2018,01,24.4,24.9,24.4,94,94,90,23.3,23.4,22.9,1011.8,1012.0,1011.5,0.9,286,2.4,-3.58,0.0
A765,18/03/2018,10,23.3,23.5,22.8,94,96,94,22.3,22.8,22.0,1010.8,1010.8,1010.3,1.5,295,2.4,55.47,0.0
A765,18/03/2018,04,23.2,23.5,23.1,96,96,95,22.4,22.8,22.3,1011.7,1012.0,1011.7,0.8,251,2.0,-3.53,0.0
A765,18/03/2018,20,28.3,28.7,28.3,76,76,74,23.7,23.9,23.4,1008.4,1008.7,1008.3,2.0,128,4.9,374.1,0.0
A765,18/03/2018,21,27.4,28.3,27.4,80,81,75,23.6,23.9,23.4,1008.0,1008.4,1008.0,0.7,6,4.8,156.1,0.0
A765,18/03/2018,17,29.6,29.8,28.4,70,74,69,23.7,24.3,22.7,1009.3,1009.8,1009.3,1.8,125,4.8,2294.,0.0
A765,19/03/2018,16,32.0,32.2,30.7,////,////,////,////,////,////,1006.9,1007.6,1006.9,2.7,104,5.4,3320.,0.0
A765,19/03/2018,20,31.1,31.7,30.3,////,////,////,////,////,////,1005.9,1006.0,1005.4,1.3,121,4.6,1285.,0.0
A765,19/03/2018,22,28.9,29.8,28.9,84,84,78,25.9,25.9,25.5,1005.9,1005.9,1005.8,0.7,120,3.4,24.50,0.0
A765,19/03/2018,00,24.6,25.0,24.6,93,93,93,23.5,23.8,23.4,1009.0,1009.0,1008.4,0.5,321,1.8,-3.59,0.0
A765,19/03/2018,21,29.8,31.4,29.8,78,78,74,25.6,////,////,1005.9,1006.0,1005.7,1.8,122,3.7,423.9,0.0
A765,19/03/2018,05,23.5,23.5,23.3,96,96,95,22.8,22.8,22.5,1008.2,1008.7,1008.2,0.6,233,2.0,-2.78,0.0
A765,19/03/2018,04,23.4,23.5,23.3,95,95,95,22.5,22.6,22.5,1008.7,1009.3,1008.7,0.6,297,1.5,-3.18,0.0
A765,19/03/2018,23,27.5,28.9,27.5,93,93,84,26.2,26.3,25.8,1006.7,1006.7,1005.9,0.8,287,1.5,-3.57,0.0
A765,19/03/2018,11,25.5,25.5,23.7,91,96,91,24.0,24.2,23.0,1008.8,1008.8,1008.4,0.8,252,2.4,607.7,0.0
A765,19/03/2018,07,23.6,23.7,23.5,96,96,96,22.9,23.0,22.8,1007.5,1007.8,1007.5,1.1,233,2.9,-2.13,0.0
A765,19/03/2018,06,23.6,23.8,23.5,96,96,96,22.9,23.1,22.8,1007.8,1008.3,1007.8,0.8,254,1.9,-2.41,0.0
A765,19/03/2018,12,28.3,28.3,25.5,80,92,79,24.4,24.5,23.8,1008.9,1009.0,1008.8,0.7,266,2.9,1469.,0.0
A765,19/03/2018,02,23.8,24.1,23.8,95,95,94,23.0,23.1,22.9,1009.6,1009.7,1009.5,0.6,305,1.3,-3.08,0.0
A765,19/03/2018,01,24.1,24.6,24.1,94,94,93,23.1,23.4,23.0,1009.6,1009.6,1009.0,0.5,282,1.6,-3.52,0.0
A765,19/03/2018,08,23.6,24.0,23.6,96,96,96,22.9,23.3,22.9,1007.6,1007.7,1007.5,0.6,309,2.4,-2.57,0.0
A765,19/03/2018,14,30.6,30.7,29.3,////,////,////,////,////,////,1008.2,1008.5,1008.2,1.8,148,4.3,2504.,0.0
A765,19/03/2018,03,23.4,23.8,23.4,95,95,95,22.6,23.0,22.6,1009.2,1009.7,1009.2,0.4,347,1.2,-3.39,0.0
A765,19/03/2018,13,29.9,29.9,27.8,77,80,75,25.4,25.5,23.9,1008.5,1008.9,1008.5,1.6,117,3.2,2085.,0.0
A765,19/03/2018,15,31.4,31.7,30.2,////,////,////,////,////,////,1007.6,1008.2,1007.6,2.3,112,4.9,3199.,0.0
A765,19/03/2018,19,30.7,32.1,30.5,////,////,////,////,////,////,1005.4,1005.7,1005.3,2.6,103,5.3,2000.,0.0
A765,19/03/2018,18,32.1,32.8,31.5,////,////,////,////,////,////,1005.6,1006.0,1005.2,2.0,133,5.1,2777.,0.0
A765,19/03/2018,09,23.5,23.6,23.4,96,96,96,22.8,22.9,22.7,1007.9,1007.9,1007.6,0.9,256,2.3,-2.87,0.0
A765,19/03/2018,10,23.7,23.8,23.4,96,96,96,23.0,23.1,22.7,1008.4,1008.4,1007.9,0.8,218,2.4,43.82,0.0
A765,19/03/2018,17,32.0,32.2,30.8,////,////,////,////,////,////,1006.0,1006.9,1006.0,2.5,125,5.8,3137.,0.0
A765,20/03/2018,22,25.8,26.8,25.8,95,95,94,24.9,25.7,24.9,1010.5,1010.5,1009.5,1.0,224,3.1,3.246,5.6
A765,20/03/2018,12,28.6,28.7,26.8,84,92,84,25.6,26.0,25.3,1010.8,1010.9,1010.7,0.4,353,1.8,1208.,0.0
A765,20/03/2018,11,26.9,27.1,25.7,91,95,89,25.3,25.8,24.0,1010.7,1010.7,1009.7,0.5,336,2.9,435.5,8.8
A765,20/03/2018,21,26.7,27.0,26.6,94,95,93,25.7,25.9,25.6,1009.5,1009.5,1008.9,1.2,305,2.3,56.78,0.0
A765,20/03/2018,05,25.9,25.9,25.5,94,95,94,24.9,25.0,24.7,1008.6,1009.0,1008.6,0.7,238,1.9,-2.09,0.0
A765,20/03/2018,14,29.4,29.7,29.0,81,82,79,25.9,26.2,25.3,1010.6,1010.7,1010.6,1.1,143,3.0,1368.,0.0
A765,20/03/2018,03,25.7,25.9,25.5,94,95,94,24.7,25.0,24.4,1009.1,1009.2,1009.0,0.5,333,1.3,-3.15,0.0
A765,20/03/2018,08,26.7,26.8,26.4,91,92,90,25.1,25.1,24.7,1008.4,1008.4,1008.2,0.4,243,1.6,-0.22,0.0
A765,20/03/2018,13,29.6,29.7,28.6,81,85,80,26.1,26.3,25.4,1010.7,1010.8,1010.7,1.2,138,2.9,1476.,0.0
A765,20/03/2018,23,22.6,25.9,22.1,97,97,94,22.1,25.0,21.6,1011.7,1011.8,1010.5,5.5,292,8.1,2.693,72.2
A765,20/03/2018,16,29.4,30.8,29.4,81,82,77,25.8,////,////,1010.0,1010.5,1010.0,3.8,157,7.0,2191.,0.0
A765,20/03/2018,00,26.7,27.5,26.7,92,94,92,25.2,26.1,25.2,1007.3,1007.3,1006.7,0.7,335,1.7,-3.52,0.0
A765,20/03/2018,01,26.2,26.7,26.2,94,94,92,25.2,25.3,24.9,1008.3,1008.3,1007.3,0.6,268,1.4,-3.38,0.0
A765,20/03/2018,06,26.1,26.1,25.8,93,94,93,24.9,24.9,24.7,1008.2,1008.6,1008.2,0.7,257,1.7,-1.22,0.0
A765,20/03/2018,07,26.4,26.4,26.1,92,93,92,24.9,25.0,24.8,1008.2,1008.2,1008.0,0.3,260,1.7,-1.16,0.0
A765,20/03/2018,15,29.5,30.0,29.3,81,82,79,25.9,26.3,25.5,1010.5,1010.6,1010.5,1.9,148,3.4,1433.,0.0
A765,20/03/2018,02,25.9,26.3,25.9,95,95,94,25.0,25.3,25.0,1009.1,1009.1,1008.3,0.3,321,1.7,-2.59,0.0
A765,20/03/2018,19,27.1,27.5,26.8,93,93,87,25.8,26.0,25.0,1008.7,1008.9,1008.4,1.6,343,5.0,339.4,6.6
A765,20/03/2018,17,29.2,29.7,28.9,80,83,79,25.4,26.0,25.3,1009.5,1010.1,1009.4,3.2,154,7.4,1138.,0.0
A765,20/03/2018,10,26.2,26.5,26.2,94,95,93,25.2,25.4,25.2,1009.7,1009.7,1009.0,0.9,183,2.3,12.49,3.6
A765,20/03/2018,18,27.6,29.6,27.6,87,87,79,25.2,25.7,24.9,1008.7,1009.5,1008.7,2.3,121,6.5,540.1,3.2
A765,20/03/2018,04,25.5,25.7,25.4,96,96,94,24.8,24.8,24.5,1009.0,1009.1,1009.0,0.9,302,1.5,-2.34,0.0
A765,20/03/2018,09,26.5,26.7,26.5,93,93,90,25.3,25.3,25.0,1009.0,1009.0,1008.4,0.7,303,1.6,-0.96,0.0
A765,20/03/2018,20,27.0,27.2,26.9,93,93,92,25.8,26.0,25.7,1008.9,1009.3,1008.3,0.9,288,2.3,66.62,0.2
A765,21/03/2018,11,24.8,24.8,23.5,94,96,94,23.8,23.8,22.8,1011.9,1011.9,1011.1,1.6,214,3.3,417.1,0.0
A765,21/03/2018,16,25.5,26.3,25.2,90,91,82,23.7,23.7,22.9,1012.2,1012.2,1012.1,0.8,172,6.3,608.2,0.0
A765,21/03/2018,13,27.4,27.4,26.0,77,87,77,23.0,23.9,23.0,1011.9,1011.9,1011.8,0.9,168,2.8,1389.,0.0
A765,21/03/2018,17,25.1,26.0,25.0,88,90,84,23.0,23.9,22.7,1011.9,1012.3,1011.9,1.1,173,4.5,363.1,0.0
A765,21/03/2018,05,23.0,23.1,22.8,95,96,94,22.2,22.3,21.9,1011.7,1012.9,1011.7,0.8,334,1.9,-0.90,0.4
A765,21/03/2018,01,23.6,24.3,23.1,94,95,92,22.7,22.9,22.1,1010.9,1010.9,1010.2,1.2,352,4.1,-1.17,2.4
A765,21/03/2018,15,26.3,26.9,26.3,82,84,81,23.0,23.7,23.0,1012.2,1012.2,1012.0,3.2,155,5.9,993.5,0.0
A765,21/03/2018,06,23.1,23.2,22.9,96,96,95,22.4,22.5,22.2,1010.7,1011.7,1010.7,1.1,301,2.1,-1.49,0.0
A765,21/03/2018,00,23.7,23.7,22.2,94,97,94,22.7,23.1,21.7,1010.3,1012.0,1010.3,1.8,83,7.9,-0.01,19.8
A765,21/03/2018,02,23.8,23.8,23.1,93,95,93,22.6,22.6,21.9,1013.6,1013.6,1010.9,1.8,192,4.4,-0.83,0.4
A765,21/03/2018,07,23.1,23.2,22.9,95,96,95,22.3,22.4,22.1,1010.6,1010.7,1010.2,0.7,219,2.1,-1.25,0.2
A765,21/03/2018,03,23.3,24.1,23.3,94,94,93,22.2,23.0,22.2,1013.3,1013.9,1013.3,1.1,357,5.3,-0.73,1.0
A765,21/03/2018,18,24.3,25.1,24.3,93,93,88,23.1,23.2,22.7,1011.5,1011.9,1011.5,1.4,316,4.7,362.2,0.2
A765,21/03/2018,08,23.5,23.7,23.1,93,96,93,22.3,22.8,22.3,1010.6,1010.7,1010.5,1.5,330,3.5,-1.03,0.0
A765,21/03/2018,20,24.3,24.5,24.1,94,94,91,23.3,23.3,22.7,1010.8,1010.8,1010.7,0.8,220,2.4,195.3,1.8
A765,21/03/2018,14,26.5,27.9,26.4,83,84,76,23.4,23.7,23.1,1012.1,1012.1,1011.8,2.4,159,5.1,1278.,0.0
A765,21/03/2018,19,24.5,24.5,24.2,92,94,92,23.1,23.3,22.9,1010.8,1011.5,1010.8,1.2,307,2.4,387.4,0.0
A765,21/03/2018,09,23.3,23.6,23.0,95,95,93,22.5,22.5,22.1,1010.7,1010.8,1010.5,0.4,335,2.8,-2.04,0.0
A765,21/03/2018,10,23.5,23.6,23.3,96,96,95,22.8,22.9,22.5,1011.1,1011.1,1010.7,0.6,266,1.9,18.82,0.0
A765,21/03/2018,21,24.0,24.5,24.0,94,94,92,23.0,23.2,22.9,1011.2,1011.2,1010.8,1.1,339,1.9,90.99,0.0
A765,21/03/2018,04,22.9,23.4,22.9,94,95,92,21.9,22.4,21.7,1012.9,1013.5,1012.9,0.5,236,2.3,-0.61,1.0
A765,21/03/2018,23,23.3,23.6,23.3,96,96,94,22.6,22.7,22.4,1012.2,1012.2,1011.5,1.7,2,6.1,-1.32,5.8
A765,21/03/2018,12,26.0,26.0,24.8,87,94,87,23.6,24.3,23.5,1011.9,1012.2,1011.9,1.3,208,3.4,870.5,0.0
A765,21/03/2018,22,23.5,24.1,23.5,94,95,93,22.4,23.1,22.4,1011.5,1011.7,1011.2,2.8,161,9.3,0.469,4.4
A765,22/03/2018,01,23.4,23.4,22.8,97,97,96,22.8,22.8,22.2,1013.2,1013.2,1012.7,3.0,123,7.1,-0.10,24.4
A765,22/03/2018,18,24.3,24.9,24.3,85,85,82,21.6,22.0,21.3,1012.6,1012.9,1012.6,2.9,300,4.1,706.7,0.0
A765,22/03/2018,19,23.1,24.4,23.0,93,93,84,22.0,22.0,21.4,1012.4,1012.6,1012.3,1.5,267,4.1,262.5,2.0
A765,22/03/2018,04,22.6,23.1,22.5,96,96,95,21.8,22.3,21.8,1013.2,1013.5,1013.1,0.6,357,3.7,0.309,5.0
A765,22/03/2018,17,24.6,24.6,23.8,83,88,83,21.5,21.9,21.5,1012.9,1013.6,1012.9,1.8,311,3.5,1391.,0.0
A765,22/03/2018,12,23.0,23.0,22.5,95,96,95,22.2,22.2,21.8,1014.1,1014.1,1013.6,0.9,334,2.8,374.9,0.4
A765,22/03/2018,00,22.8,23.4,22.7,97,97,96,22.3,22.6,22.1,1012.7,1012.7,1012.1,1.2,6,7.0,-0.03,20.4
A765,22/03/2018,10,22.5,22.7,22.4,96,96,96,21.9,22.1,21.8,1012.9,1012.9,1012.2,1.1,348,2.1,12.17,0.2
A765,22/03/2018,22,23.2,23.2,23.0,96,96,96,22.5,22.5,22.3,1012.7,1012.7,1012.3,0.9,194,4.5,3.080,0.4
A765,22/03/2018,23,23.2,23.3,23.0,96,96,95,22.5,22.6,22.3,1013.3,1013.3,1012.6,0.9,354,3.6,-1.64,0.4
A765,22/03/2018,09,22.6,22.8,22.5,96,96,96,22.0,22.1,21.9,1012.2,1012.2,1011.6,0.5,221,1.6,-0.22,0.0
A765,22/03/2018,20,23.3,23.4,23.0,95,95,92,22.4,22.5,21.8,1012.2,1012.4,1012.2,0.9,223,3.8,102.6,1.2
A765,22/03/2018,14,23.3,23.5,23.1,93,95,92,22.1,22.7,22.0,1014.6,1014.6,1014.5,0.7,81,2.3,623.9,0.8
A765,22/03/2018,06,22.4,22.6,22.3,96,97,96,21.8,22.1,21.7,1011.8,1012.5,1011.8,1.9,313,4.1,0.561,3.4
A765,22/03/2018,02,23.3,23.5,23.3,94,97,94,22.2,22.8,22.2,1013.5,1013.6,1013.2,2.7,138,7.1,0.050,6.6
A765,22/03/2018,03,23.0,23.3,22.6,95,95,94,22.2,22.2,21.7,1013.5,1013.7,1013.5,0.8,84,6.8,-0.13,8.4
A765,22/03/2018,11,22.7,22.7,22.4,96,97,96,22.0,22.1,21.8,1013.6,1013.6,1012.9,0.5,323,2.0,130.2,0.2
A765,22/03/2018,05,22.5,22.7,22.4,97,97,96,21.9,22.1,21.8,1012.5,1013.2,1012.5,2.1,305,3.5,0.183,2.2
A765,22/03/2018,21,23.1,23.4,23.0,96,96,95,22.4,22.5,22.3,1012.4,1012.4,1012.2,1.3,309,2.1,46.61,1.0
A765,22/03/2018,08,22.6,22.6,22.5,96,96,96,21.9,22.0,21.8,1011.6,1011.7,1011.5,0.6,165,2.5,-0.28,0.0
A765,22/03/2018,07,22.5,22.5,22.3,96,97,96,21.8,21.9,21.7,1011.6,1011.8,1011.6,1.3,316,3.9,0.096,0.8
A765,22/03/2018,13,23.1,23.4,22.9,95,95,94,22.2,22.5,21.9,1014.5,1014.6,1014.1,0.3,219,1.6,445.3,0.4
A765,22/03/2018,16,23.9,24.0,22.8,88,94,88,21.9,22.1,21.7,1013.6,1014.2,1013.6,1.3,298,3.4,953.0,0.2
A765,22/03/2018,15,22.8,23.5,22.8,94,94,93,21.8,22.5,21.8,1014.2,1014.7,1014.2,1.4,327,3.6,998.5,0.4
A765,23/03/2018,11,24.6,24.6,22.2,94,97,94,23.5,23.7,21.7,1012.7,1012.7,1012.5,0.6,126,2.2,678.9,0.0
A765,23/03/2018,21,27.6,28.6,27.5,78,78,73,23.5,23.7,22.8,1011.3,1011.3,1011.1,0.6,193,4.0,289.6,0.0
A765,23/03/2018,23,24.8,25.7,24.8,92,92,90,23.5,24.0,23.5,1012.3,1012.3,1012.0,0.8,221,1.6,-3.06,0.0
A765,23/03/2018,22,25.7,27.6,25.7,90,90,77,23.9,24.2,23.0,1012.0,1012.0,1011.3,0.5,255,2.2,24.53,0.0
A765,23/03/2018,10,22.2,22.2,21.8,97,97,97,21.8,21.8,21.3,1012.5,1012.5,1012.1,1.0,263,2.5,41.25,0.0
A765,23/03/2018,03,23.6,24.9,23.5,94,94,86,22.6,22.6,22.4,1013.7,1014.2,1013.7,1.3,289,6.2,-3.07,0.6
A765,23/03/2018,13,27.5,28.5,26.4,74,82,71,22.6,24.0,22.2,1013.7,1013.7,1013.5,1.6,148,3.8,2188.,0.2
A765,23/03/2018,00,23.6,23.8,23.1,94,96,94,22.6,23.0,22.3,1014.0,1014.0,1013.2,1.2,357,3.3,-1.71,0.0
A765,23/03/2018,01,24.6,25.0,23.4,90,94,87,22.8,23.0,22.0,1014.2,1014.2,1014.0,2.2,82,8.9,-1.21,0.0
A765,23/03/2018,12,26.4,26.4,23.9,81,94,81,23.0,23.8,22.7,1013.6,1013.6,1012.7,1.5,197,2.9,1520.,0.0
A765,23/03/2018,02,24.4,25.2,24.3,89,90,85,22.5,22.9,22.1,1014.2,1014.3,1014.1,2.8,108,9.4,-1.52,0.0
A765,23/03/2018,05,22.8,23.3,22.8,96,96,96,22.2,22.7,22.2,1012.9,1013.5,1012.9,0.4,232,1.2,-3.03,0.0
A765,23/03/2018,06,22.4,22.8,22.4,97,97,96,21.8,22.2,21.8,1012.0,1012.9,1012.0,0.6,332,1.7,-3.49,0.0
A765,23/03/2018,15,28.1,28.2,27.7,76,77,71,23.4,23.4,22.3,1013.2,1013.8,1013.2,1.6,95,4.6,1388.,0.0
A765,23/03/2018,04,23.3,23.6,23.3,96,96,94,22.6,22.7,22.6,1013.5,1013.7,1013.4,0.3,165,1.9,-2.21,0.0
A765,23/03/2018,19,29.1,29.7,28.8,72,75,68,23.6,24.3,23.3,1011.5,1011.7,1011.5,1.7,110,4.0,1897.,0.0
A765,23/03/2018,14,28.0,28.4,27.4,72,77,71,22.5,23.4,22.2,1013.8,1013.8,1013.7,2.4,157,5.2,1901.,0.0
A765,23/03/2018,09,21.8,22.0,21.8,97,97,97,21.3,21.6,21.3,1012.1,1012.2,1011.8,0.4,335,1.7,-3.51,0.0
A765,23/03/2018,07,22.0,22.4,22.0,97,97,97,21.5,21.8,21.5,1011.6,1012.0,1011.5,0.7,279,1.5,-3.54,0.0
A765,23/03/2018,18,28.8,29.1,27.9,73,78,73,23.4,24.2,23.4,1011.7,1012.2,1011.7,1.1,143,4.4,1334.,0.0
A765,23/03/2018,16,28.3,29.7,27.9,75,77,68,23.5,24.1,22.8,1012.4,1013.2,1012.4,2.0,121,5.5,2080.,0.0
A765,23/03/2018,17,27.9,28.7,27.7,77,78,74,23.5,24.3,23.2,1012.2,1012.4,1012.2,2.4,162,4.4,1402.,0.0
A765,23/03/2018,08,22.0,22.1,22.0,97,97,97,21.6,21.7,21.5,1011.9,1011.9,1011.6,1.0,302,2.1,-3.53,0.0
A765,23/03/2018,20,28.6,29.6,28.6,74,74,70,23.6,24.0,23.1,1011.1,1011.5,1011.0,1.7,123,3.6,1132.,0.0
A765,24/03/2018,11,24.5,24.5,22.9,94,97,94,23.5,23.7,22.4,1013.7,1013.7,1013.4,0.6,293,3.7,609.4,0.0
A765,24/03/2018,20,28.1,30.0,28.1,82,82,72,24.8,24.8,23.9,1010.9,1011.0,1010.8,0.6,257,2.1,600.9,0.0
A765,24/03/2018,19,29.8,30.0,29.2,73,78,73,24.4,25.2,24.1,1011.0,1011.1,1010.9,0.7,156,4.3,1249.,0.0
A765,24/03/2018,23,25.0,25.6,24.9,94,94,91,24.1,24.1,23.8,1011.0,1011.0,1010.6,0.6,173,1.5,-3.58,0.0
A765,24/03/2018,22,25.6,26.9,25.6,91,91,89,24.1,25.2,24.0,1010.6,1010.7,1010.5,0.3,337,2.4,14.39,0.0
A765,24/03/2018,00,24.1,24.9,24.1,95,95,92,23.2,23.6,23.2,1013.1,1013.1,1012.2,0.8,253,1.6,-3.50,0.0
A765,24/03/2018,21,26.9,28.2,26.9,90,90,82,25.1,25.4,24.6,1010.6,1010.9,1010.6,0.8,337,1.8,101.4,0.0
A765,24/03/2018,10,23.0,23.2,22.5,97,97,97,22.5,22.7,22.1,1013.4,1013.4,1013.0,0.7,273,2.6,43.85,0.0
A765,24/03/2018,03,23.7,24.1,23.6,96,96,96,23.0,23.4,23.0,1013.5,1013.7,1013.4,1.0,266,2.2,-2.46,0.0
A765,24/03/2018,05,23.3,23.6,23.3,97,97,96,22.8,22.9,22.7,1012.8,1013.3,1012.7,0.7,301,1.8,-3.14,0.0
A765,24/03/2018,18,29.7,30.5,29.1,77,80,72,25.2,25.5,24.5,1010.9,1011.5,1010.9,2.2,114,5.0,1919.,0.0
A765,24/03/2018,01,23.9,24.1,23.8,96,96,95,23.2,23.2,23.0,1013.5,1013.5,1013.1,0.8,242,2.4,-2.90,0.0
A765,24/03/2018,12,26.9,26.9,24.5,82,94,82,23.6,24.6,23.3,1013.9,1014.0,1013.7,0.7,326,1.5,1450.,0.0
A765,24/03/2018,09,22.5,22.9,22.5,97,97,97,22.1,22.5,22.0,1013.0,1013.0,1012.8,0.7,278,1.7,-3.00,0.0
A765,24/03/2018,04,23.6,23.9,23.5,96,97,96,23.0,23.3,22.9,1013.2,1013.5,1013.0,1.0,280,2.1,-3.02,0.0
A765,24/03/2018,13,29.4,29.4,26.9,75,82,74,24.5,25.0,23.4,1013.7,1013.9,1013.6,2.9,122,5.4,2211.,0.0
A765,24/03/2018,06,22.9,23.3,22.8,96,97,96,22.3,22.8,22.3,1012.5,1012.8,1012.5,0.5,286,2.0,-2.79,0.0
A765,24/03/2018,14,29.9,30.0,29.0,74,77,74,24.7,25.1,24.1,1013.0,1013.7,1013.0,3.0,113,5.9,2539.,0.0
A765,24/03/2018,15,30.0,30.2,29.4,72,76,71,24.3,25.0,24.1,1012.8,1013.1,1012.8,2.5,113,4.9,3224.,0.0
A765,24/03/2018,07,22.6,22.9,22.6,97,97,96,22.0,22.3,22.0,1012.2,1012.5,1012.1,0.6,328,1.3,-3.31,0.0
A765,24/03/2018,08,22.6,22.8,22.5,97,97,97,22.1,22.3,22.0,1012.8,1012.8,1012.2,0.8,275,1.5,-3.19,0.0
A765,24/03/2018,02,23.7,24.2,23.6,96,96,95,23.0,23.5,23.0,1013.4,1013.5,1013.2,0.8,292,2.4,-2.72,0.0
A765,24/03/2018,17,30.2,30.7,29.6,,,,,,,1011.5,1012.0,1011.5,2.7,127,5.5,3098.,0.0
A765,24/03/2018,16,29.7,30.6,29.6,,75,71,,,,1012.0,1012.8,1012.0,2.4,121,5.4,3337.,0.0
A765,25/03/2018,10,23.6,23.6,23.1,92,95,92,22.2,22.4,22.0,1011.9,1011.9,1011.1,1.7,200,3.9,48.47,0.0
A765,25/03/2018,05,24.1,24.3,23.9,95,96,95,23.3,23.5,23.2,1011.7,1011.8,1011.6,0.7,274,3.3,-3.56,0.0
A765,25/03/2018,22,26.4,28.3,26.4,85,85,70,23.7,24.1,22.5,1010.5,1010.6,1010.2,1.1,283,2.0,7.684,0.0
A765,25/03/2018,20,30.6,31.7,30.4,59,,,21.7,,,1010.1,1010.2,1010.0,2.0,114,4.3,1250.,0.0
A765,25/03/2018,21,28.3,30.6,28.3,70,70,55,22.2,22.7,20.3,1010.2,1010.2,1010.0,0.9,278,3.7,209.2,0.0
A765,25/03/2018,23,26.0,26.4,25.8,86,88,84,23.4,23.9,23.3,1010.9,1010.9,1010.5,1.2,291,2.1,-3.42,0.0
A765,25/03/2018,11,26.4,26.5,23.6,77,92,76,22.0,22.9,21.8,1012.5,1012.5,1011.9,1.0,174,3.6,709.3,0.0
A765,25/03/2018,12,29.3,30.1,26.2,61,79,55,20.9,22.3,20.1,1012.9,1012.9,1012.4,1.0,301,3.7,1634.,0.0
A765,25/03/2018,19,31.6,32.2,30.5,,,,,,,1010.0,1010.3,1010.0,2.3,108,4.2,1964.,0.0
A765,25/03/2018,00,24.6,25.1,24.6,95,95,94,23.8,24.1,23.8,1011.6,1011.6,1010.9,0.3,341,1.2,-3.58,0.0
A765,25/03/2018,01,24.3,24.6,24.2,95,96,95,23.5,23.8,23.4,1011.6,1011.8,1011.6,0.5,212,1.5,-3.55,0.0
A765,25/03/2018,18,30.7,32.0,30.5,,,,,,,1010.3,1010.8,1010.3,1.6,125,4.4,1942.,0.0
A765,25/03/2018,06,24.2,24.3,24.0,95,95,95,23.4,23.5,23.2,1010.9,1011.7,1010.9,0.9,267,2.7,-3.40,0.0
A765,25/03/2018,02,24.1,24.4,24.0,96,96,95,23.4,23.6,23.3,1011.5,1011.7,1011.4,0.7,277,1.3,-3.45,0.0
A765,25/03/2018,04,24.0,24.6,24.0,96,96,95,23.3,23.8,23.3,1011.8,1011.9,1011.7,0.8,270,2.3,-3.54,0.0
A765,25/03/2018,13,31.5,31.8,29.1,,,,,,,1012.7,1013.1,1012.7,0.6,23,3.7,2277.,0.0
A765,25/03/2018,03,24.4,24.5,24.1,96,96,96,23.7,23.7,23.4,1011.8,1011.8,1011.4,1.1,217,2.6,-3.50,0.0
A765,25/03/2018,07,23.9,24.2,23.9,96,96,95,23.2,23.5,23.2,1010.6,1010.9,1010.5,0.5,315,2.6,-3.53,0.0
A765,25/03/2018,14,32.6,32.9,31.3,,,,,,,1012.3,1012.7,1012.3,2.5,150,3.9,2372.,0.0
A765,25/03/2018,15,32.3,32.6,31.7,,,,,,,1011.9,1012.3,1011.9,3.1,130,6.3,3299.,0.0
A765,25/03/2018,08,23.6,24.2,23.6,95,96,94,22.7,23.4,22.7,1010.8,1010.8,1010.4,1.0,264,3.1,-3.60,0.0
A765,25/03/2018,09,23.1,23.8,23.1,94,95,94,22.1,22.8,22.1,1011.1,1011.1,1010.7,1.1,212,3.0,-3.60,0.0
A765,25/03/2018,17,31.7,32.2,30.2,,,,,,,1010.8,1011.5,1010.8,2.1,122,5.6,2448.,0.0
A765,25/03/2018,16,31.9,32.4,31.6,,,,,,,1011.5,1011.9,1011.5,2.6,112,6.3,3335.,0.0
A765,26/03/2018,14,30.1,30.1,28.6,,76,69,,24.7,23.4,1014.4,1014.5,1014.3,2.3,202,5.4,2274.,0.0
A765,26/03/2018,10,24.5,25.3,24.1,89,90,87,22.7,23.2,22.0,1013.1,1013.1,1012.6,0.6,278,3.2,23.23,0.0
A765,26/03/2018,13,28.8,28.9,27.6,75,80,75,23.9,24.5,23.7,1014.4,1014.4,1014.3,2.0,222,5.2,1288.,0.0
A765,26/03/2018,22,26.4,26.7,26.2,78,79,77,22.1,22.4,22.1,1014.1,1014.1,1013.8,1.6,235,5.5,7.291,0.0
A765,26/03/2018,20,26.7,26.9,26.7,79,80,76,22.7,22.9,22.4,1013.6,1013.6,1013.2,3.6,267,7.6,581.9,0.0
A765,26/03/2018,21,26.6,26.9,26.5,77,79,76,22.3,22.9,22.2,1014.1,1014.2,1013.5,1.8,247,6.8,218.7,0.0
A765,26/03/2018,11,26.6,26.7,24.5,83,90,83,23.5,23.6,22.7,1013.8,1013.9,1013.1,1.4,244,3.9,310.4,0.0
A765,26/03/2018,23,26.3,26.5,26.2,78,78,76,22.1,22.2,21.9,1015.1,1015.1,1014.1,1.7,249,4.6,-1.96,0.0
A765,26/03/2018,12,27.6,27.6,26.6,80,84,79,23.8,24.0,23.6,1014.3,1014.3,1013.8,1.8,232,5.3,734.0,0.0
A765,26/03/2018,05,24.1,24.5,24.1,93,93,90,22.9,23.0,22.6,1010.8,1011.4,1010.8,0.7,290,1.9,-3.58,0.0
A765,26/03/2018,02,24.6,25.5,24.6,91,91,83,23.0,23.3,22.5,1012.0,1012.1,1012.0,0.6,310,2.0,-3.60,0.0
A765,26/03/2018,19,26.7,27.4,26.6,80,80,78,23.0,23.3,22.5,1013.5,1013.8,1013.5,2.4,249,8.1,758.7,0.0
A765,26/03/2018,00,26.1,26.3,25.9,80,86,79,22.5,23.4,22.4,1011.5,1011.5,1010.9,1.2,215,2.5,-1.71,0.0
A765,26/03/2018,04,24.4,24.7,24.4,91,91,89,22.9,22.9,22.6,1011.3,1011.6,1011.3,0.7,316,2.1,-3.52,0.0
A765,26/03/2018,06,23.8,24.2,23.8,91,93,89,22.3,23.0,22.2,1010.3,1010.8,1010.1,0.6,115,2.8,-3.60,0.0
A765,26/03/2018,03,24.6,24.7,24.3,90,93,89,22.8,23.3,22.8,1011.6,1012.0,1011.6,0.7,262,1.9,-3.08,0.0
A765,26/03/2018,15,29.7,30.2,29.1,69,73,67,23.5,23.9,22.9,1014.2,1014.5,1014.2,1.0,281,4.6,2265.,0.0
A765,26/03/2018,18,27.4,28.3,27.4,78,78,75,23.2,23.7,23.1,1013.5,1013.7,1013.3,3.3,239,9.4,1418.,0.0
A765,26/03/2018,07,24.6,24.6,23.6,90,93,90,22.9,22.9,22.3,1010.8,1010.8,1010.3,2.1,208,5.6,-3.59,0.0
A765,26/03/2018,09,24.8,25.0,24.6,89,89,86,22.9,22.9,22.4,1012.6,1012.6,1011.4,0.8,271,4.7,-3.28,0.0
A765,26/03/2018,08,24.8,24.9,24.5,87,90,86,22.4,22.9,22.4,1011.4,1011.4,1010.7,1.7,220,5.4,-3.60,0.0
A765,26/03/2018,16,29.5,30.6,29.4,70,71,66,23.4,24.0,23.1,1013.6,1014.2,1013.6,2.4,234,7.2,2050.,0.0
A765,26/03/2018,01,25.5,26.1,25.4,84,85,80,22.6,22.9,22.4,1012.0,1012.1,1011.5,0.6,275,2.5,-3.13,0.0
A765,26/03/2018,17,28.1,29.5,28.1,76,76,70,23.4,23.8,23.4,1013.6,1013.6,1013.3,3.4,242,8.7,1233.,0.0
A765,27/03/2018,10,24.1,24.5,23.9,93,93,88,22.8,22.9,22.4,1016.0,1016.0,1015.6,0.8,266,2.6,34.99,0.0
A765,27/03/2018,12,25.5,25.6,24.6,84,90,83,22.6,22.9,22.4,1017.1,1017.1,1016.4,0.4,308,2.5,747.3,0.0
A765,27/03/2018,11,24.6,24.9,24.0,89,93,88,22.6,23.1,22.5,1016.4,1016.4,1015.9,0.9,354,1.7,284.6,0.0
A765,27/03/2018,21,24.9,24.9,24.7,94,94,93,23.8,23.9,23.6,1015.0,1015.0,1014.6,0.8,252,2.7,121.9,0.0
A765,27/03/2018,05,24.7,24.8,24.4,88,91,87,22.6,22.8,22.5,1015.1,1015.2,1014.9,0.8,178,2.3,-2.37,0.0
A765,27/03/2018,18,25.9,26.3,25.9,84,85,82,23.0,23.3,22.9,1014.6,1015.3,1014.6,1.1,239,3.9,251.5,0.0
A765,27/03/2018,17,26.2,26.9,26.1,83,83,81,23.0,23.5,22.9,1015.3,1016.0,1015.3,1.5,196,4.1,411.1,0.0
A765,27/03/2018,19,25.3,26.0,25.3,88,88,84,23.2,23.4,23.0,1014.6,1014.6,1014.4,1.3,245,3.2,218.9,0.0
A765,27/03/2018,20,24.9,25.3,24.8,93,93,88,23.8,23.8,23.2,1014.7,1014.8,1014.6,1.0,260,2.9,142.1,0.0
A765,27/03/2018,14,27.7,28.0,26.1,76,81,74,23.0,23.5,22.3,1017.0,1017.3,1017.0,1.4,109,3.0,1617.,0.0
A765,27/03/2018,13,26.1,26.2,25.5,80,84,79,22.4,22.8,22.1,1017.3,1017.3,1017.1,0.7,266,1.9,993.1,0.0
A765,27/03/2018,06,24.6,24.8,24.5,89,90,88,22.8,23.0,22.5,1015.2,1015.2,1015.1,0.7,281,2.4,-1.51,0.0
A765,27/03/2018,22,24.9,24.9,24.8,95,95,94,24.0,24.0,23.7,1015.1,1015.2,1014.8,0.9,281,1.6,7.985,0.0
A765,27/03/2018,15,27.0,27.8,26.8,80,80,73,23.2,23.3,22.4,1016.7,1017.1,1016.7,2.1,154,4.4,753.1,0.0
A765,27/03/2018,02,25.3,25.9,25.0,86,86,79,22.7,22.7,21.8,1015.9,1015.9,1015.7,0.5,287,3.7,-2.96,0.0
A765,27/03/2018,16,26.8,27.1,26.6,81,83,78,23.3,23.5,22.7,1016.0,1016.7,1016.0,1.0,246,4.4,680.3,0.0
A765,27/03/2018,07,24.7,24.8,24.6,88,90,88,22.5,23.0,22.5,1015.1,1015.2,1015.0,0.8,247,3.4,-1.78,0.0
A765,27/03/2018,03,24.5,25.3,24.5,89,89,85,22.6,22.8,22.5,1015.6,1015.9,1015.5,0.8,229,2.7,-3.46,0.0
A765,27/03/2018,23,24.8,24.9,24.8,95,95,94,24.0,24.1,23.8,1015.7,1015.7,1015.0,0.6,217,1.5,-2.47,0.4
A765,27/03/2018,00,26.0,26.3,25.8,79,80,77,22.0,22.4,21.8,1015.6,1015.6,1015.0,2.1,263,7.5,-2.06,0.0
A765,27/03/2018,01,25.7,26.1,25.7,79,79,77,21.8,22.1,21.7,1015.8,1015.9,1015.6,1.6,238,6.0,-2.98,0.0
A765,27/03/2018,09,24.5,24.7,24.4,88,89,86,22.4,22.7,21.9,1015.6,1015.6,1015.0,1.0,310,3.0,-2.55,0.0
A765,27/03/2018,08,24.4,24.8,24.4,86,90,86,22.0,22.9,22.0,1015.1,1015.2,1015.0,1.3,238,3.1,-2.97,0.0
A765,27/03/2018,04,24.4,24.6,24.2,91,92,89,22.8,23.1,22.6,1015.2,1015.8,1015.1,0.5,209,3.0,-3.35,0.0
A765,28/03/2018,22,25.8,26.4,25.8,90,90,87,24.0,24.2,23.9,1014.3,1014.3,1013.8,0.8,262,2.8,10.47,0.0
A765,28/03/2018,12,24.9,24.9,23.5,91,96,91,23.3,23.5,22.7,1016.3,1016.3,1016.0,1.1,207,2.5,685.1,0.0
A765,28/03/2018,15,27.3,27.5,26.8,81,82,78,23.7,23.8,23.0,1016.0,1016.3,1016.0,1.4,119,3.2,1355.,0.0
A765,28/03/2018,16,27.3,27.6,27.0,80,81,78,23.6,23.9,23.1,1015.4,1016.0,1015.4,1.1,105,3.2,1096.,0.0
A765,28/03/2018,09,22.7,22.8,22.5,96,97,96,22.1,22.2,21.9,1015.5,1015.5,1015.1,1.0,234,2.8,-1.82,0.0
A765,28/03/2018,05,22.7,23.0,22.7,96,96,95,22.0,22.2,21.9,1015.6,1016.1,1015.6,1.2,214,2.8,-1.20,0.2
A765,28/03/2018,02,22.5,23.0,22.4,93,95,92,21.3,22.0,21.2,1016.9,1017.1,1016.7,3.0,207,7.9,-0.13,1.8
A765,28/03/2018,21,26.4,26.9,26.4,87,87,82,24.0,24.1,23.5,1013.8,1013.9,1013.7,1.2,285,2.0,181.3,0.0
A765,28/03/2018,18,27.8,28.1,26.8,79,82,79,23.8,24.3,23.4,1013.9,1014.4,1013.9,2.0,121,4.2,1537.,0.0
A765,28/03/2018,11,23.6,23.6,22.9,96,96,95,22.9,22.9,22.3,1016.2,1016.2,1015.9,0.6,256,1.6,217.3,0.0
A765,28/03/2018,10,23.0,23.0,22.5,96,97,96,22.4,22.4,21.9,1015.9,1015.9,1015.5,0.7,287,1.8,16.37,0.0
A765,28/03/2018,20,26.8,27.5,26.8,83,83,79,23.6,23.9,23.5,1013.7,1013.7,1013.4,0.9,200,3.3,306.8,0.0
A765,28/03/2018,19,27.4,27.9,27.1,81,82,79,23.9,24.0,23.5,1013.5,1013.9,1013.5,1.7,124,4.7,759.1,0.0
A765,28/03/2018,23,25.4,25.8,25.4,91,91,89,23.9,24.0,23.9,1014.8,1014.8,1014.3,1.0,219,3.0,-2.45,0.0
A765,28/03/2018,14,27.1,27.4,26.6,81,81,77,23.6,23.6,22.4,1016.3,1016.5,1016.3,1.5,136,3.5,1763.,0.0
A765,28/03/2018,06,22.7,23.0,22.6,95,96,94,21.8,22.2,21.8,1015.1,1015.6,1015.1,0.6,206,3.3,-1.31,0.0
A765,28/03/2018,07,22.5,23.0,22.5,96,96,95,21.8,22.3,21.8,1014.7,1015.0,1014.6,0.6,203,1.8,-2.62,0.0
A765,28/03/2018,13,27.2,27.4,24.9,78,91,78,22.9,23.7,22.5,1016.3,1016.5,1016.3,1.3,145,3.5,1803.,0.0
A765,28/03/2018,17,26.8,27.7,26.8,82,82,79,23.4,24.0,23.1,1014.4,1015.4,1014.4,1.4,337,2.4,956.5,0.0
A765,28/03/2018,03,22.7,22.7,22.5,95,95,93,21.8,21.8,21.5,1016.4,1017.0,1016.3,1.6,213,6.6,-1.07,1.4
A765,28/03/2018,00,23.2,24.8,22.9,96,96,95,22.5,23.9,22.1,1016.2,1016.2,1015.6,0.4,281,6.6,1.329,21.4
A765,28/03/2018,01,22.9,23.6,22.9,95,96,95,22.0,22.8,22.0,1016.7,1016.8,1016.2,2.6,217,6.0,-0.42,0.0
A765,28/03/2018,08,22.5,22.6,22.4,96,96,96,21.9,22.0,21.8,1015.1,1015.1,1014.7,0.7,230,1.9,-2.10,0.0
A765,28/03/2018,04,23.0,23.0,22.6,96,96,95,22.2,22.2,21.8,1016.1,1016.4,1016.0,1.4,265,3.4,-1.62,1.4
A765,29/03/2018,01,24.6,25.3,24.6,91,92,90,23.0,23.9,23.0,1015.7,1015.7,1015.6,0.9,240,3.7,-1.67,0.0
A765,29/03/2018,18,27.6,27.9,27.6,79,80,77,23.5,24.0,23.3,1013.7,1014.3,1013.7,1.2,123,3.8,447.8,0.0
A765,29/03/2018,10,23.7,24.0,23.7,95,96,94,22.9,23.2,22.8,1014.7,1014.7,1014.2,0.4,326,2.4,35.33,0.0
A765,29/03/2018,19,27.0,27.8,26.9,85,85,76,24.1,24.3,23.0,1012.9,1013.7,1012.9,1.3,285,2.4,306.8,0.0
A765,29/03/2018,11,24.6,24.6,23.7,94,96,94,23.6,23.6,23.0,1015.5,1015.5,1014.7,0.4,273,1.4,275.4,0.0
A765,29/03/2018,05,24.3,24.6,24.1,95,95,95,23.4,23.7,23.2,1014.5,1015.2,1014.5,1.1,283,1.8,-0.52,0.0
A765,29/03/2018,17,27.8,28.8,27.8,79,80,75,23.9,24.2,23.5,1014.3,1015.2,1014.3,1.8,124,4.3,828.6,0.0
A765,29/03/2018,03,24.2,24.2,24.0,94,94,92,23.2,23.2,22.7,1015.3,1015.5,1015.3,0.9,269,1.9,-1.24,0.0
A765,29/03/2018,22,25.5,26.4,25.5,90,91,89,23.8,24.5,23.8,1013.0,1013.0,1012.9,0.8,277,2.7,5.529,0.0
A765,29/03/2018,20,27.0,27.1,26.9,83,85,82,24.0,24.1,23.8,1013.2,1013.2,1012.9,1.1,268,2.6,285.7,0.0
A765,29/03/2018,07,23.9,24.3,23.9,95,95,94,23.1,23.4,23.1,1013.4,1014.0,1013.4,0.4,326,1.6,-3.04,0.0
A765,29/03/2018,06,24.3,24.6,24.2,94,95,94,23.3,23.7,23.2,1014.0,1014.5,1014.0,0.8,301,2.2,-1.88,0.0
A765,29/03/2018,12,27.8,28.0,24.6,78,94,77,23.7,24.6,23.4,1015.8,1015.8,1015.5,0.6,134,1.4,1248.,0.0
A765,29/03/2018,21,26.4,27.1,26.4,89,89,83,24.4,24.6,24.0,1012.9,1013.2,1012.9,1.1,291,2.1,126.0,0.0
A765,29/03/2018,08,23.9,24.1,23.8,96,96,95,23.2,23.3,23.0,1013.7,1013.7,1013.4,0.6,263,1.5,-2.47,0.0
A765,29/03/2018,16,28.3,30.2,28.2,76,77,68,23.7,24.6,23.4,1015.2,1015.6,1015.2,2.0,134,5.6,2071.,0.0
A765,29/03/2018,14,29.8,29.9,28.8,71,76,71,24.0,24.5,23.3,1015.5,1015.8,1015.5,2.1,120,4.4,2684.,0.0
A765,29/03/2018,13,29.1,29.3,27.9,75,79,70,24.1,24.4,22.9,1015.7,1015.9,1015.7,1.9,119,3.9,2116.,0.0
A765,29/03/2018,15,29.7,30.1,29.3,70,73,69,23.7,24.3,23.1,1015.6,1015.6,1015.5,2.8,111,5.6,3168.,0.0
A765,29/03/2018,23,25.1,25.5,25.1,92,93,90,23.7,23.9,23.7,1013.6,1013.7,1013.0,0.7,297,1.8,-3.04,0.0
A765,29/03/2018,09,23.9,24.2,23.8,96,96,96,23.2,23.5,23.1,1014.2,1014.2,1013.7,1.2,316,2.4,-2.15,0.0
A765,29/03/2018,02,24.0,24.6,23.9,92,92,89,22.7,23.2,22.3,1015.5,1015.7,1015.5,0.7,231,2.3,-2.56,0.0
A765,29/03/2018,00,25.3,25.4,24.9,92,93,91,23.9,23.9,23.8,1015.6,1015.6,1014.8,1.7,204,3.5,-2.07,0.0
A765,29/03/2018,04,24.1,24.4,24.1,95,95,94,23.2,23.4,23.1,1015.2,1015.3,1015.2,0.6,302,1.9,-1.26,0.0
A765,30/03/2018,15,29.6,30.1,28.8,67,71,64,22.7,23.5,22.2,1013.4,1013.9,1013.4,2.7,117,5.3,3103.,0.0
A765,30/03/2018,10,22.9,23.2,22.8,95,96,95,22.1,22.4,21.9,1013.5,1013.5,1013.0,0.7,324,1.8,28.21,0.0
A765,30/03/2018,00,24.7,25.1,24.7,92,93,92,23.4,23.8,23.4,1014.3,1014.3,1013.6,1.4,360,2.6,-2.98,0.0
A765,30/03/2018,01,24.5,24.8,24.5,93,94,92,23.3,23.4,23.2,1014.5,1014.5,1014.3,0.6,276,2.6,-2.58,0.0
A765,30/03/2018,19,28.1,28.6,28.1,76,76,71,23.5,23.7,22.7,1011.2,1011.4,1011.1,1.8,114,4.1,476.1,0.0
A765,30/03/2018,05,23.8,24.0,23.6,94,95,94,22.8,23.1,22.7,1013.5,1014.1,1013.5,0.8,252,2.5,-3.51,0.0
A765,30/03/2018,21,26.4,27.4,26.4,88,88,78,24.3,24.5,23.2,1011.5,1011.5,1011.1,1.3,279,2.1,34.03,0.0
A765,30/03/2018,08,23.1,23.3,22.9,94,96,94,22.1,22.5,21.9,1012.5,1012.7,1012.5,0.5,358,1.6,-3.20,0.0
A765,30/03/2018,12,27.6,27.8,24.6,71,91,70,21.8,23.6,21.6,1014.2,1014.2,1013.9,1.4,131,2.6,1427.,0.0
A765,30/03/2018,20,27.3,28.1,27.3,80,80,75,23.5,23.7,23.0,1011.1,1011.5,1011.1,0.5,282,3.8,160.2,0.0
A765,30/03/2018,03,23.9,24.2,23.9,95,96,95,23.0,23.4,23.0,1014.3,1014.7,1014.3,0.6,258,1.5,-3.33,0.0
A765,30/03/2018,02,24.1,24.5,24.1,95,95,93,23.2,23.3,23.2,1014.7,1014.7,1014.4,0.7,263,1.5,-3.04,0.0
A765,30/03/2018,04,23.8,24.0,23.8,95,96,95,22.9,23.2,22.9,1014.1,1014.3,1014.1,1.3,286,2.5,-3.36,0.0
A765,30/03/2018,06,23.9,24.1,23.6,95,95,95,23.0,23.2,22.8,1013.1,1013.5,1013.1,1.0,286,2.4,-3.39,0.0
A765,30/03/2018,11,24.6,24.6,22.7,91,95,91,22.9,23.0,21.8,1013.9,1013.9,1013.5,0.5,331,1.6,577.7,0.0
A765,30/03/2018,14,29.2,29.7,28.8,66,69,63,22.3,22.8,21.3,1013.9,1014.0,1013.8,2.4,119,4.7,2677.,0.0
A765,30/03/2018,07,22.9,23.9,22.9,94,95,92,21.9,23.1,21.8,1012.7,1013.1,1012.6,0.2,257,1.9,-3.59,0.0
A765,30/03/2018,13,28.8,29.4,27.6,64,71,59,21.4,22.4,20.1,1014.0,1014.2,1014.0,1.9,133,3.8,2146.,0.0
A765,30/03/2018,16,29.5,30.2,29.2,,71,65,,23.9,22.5,1012.7,1013.4,1012.7,2.4,132,5.4,3227.,0.0
A765,30/03/2018,18,28.4,30.3,28.3,73,74,67,23.1,24.1,22.9,1011.4,1012.0,1011.4,1.6,137,5.6,1559.,0.0
A765,30/03/2018,17,29.5,30.3,29.2,70,71,66,23.4,24.1,22.8,1012.0,1012.7,1012.0,2.9,108,5.6,3084.,0.0
A765,30/03/2018,22,25.5,26.4,25.5,93,93,88,24.2,24.5,24.2,1011.8,1011.9,1011.5,0.8,247,2.0,-2.18,0.0
A765,30/03/2018,09,22.9,23.1,22.6,95,95,93,22.0,22.2,21.5,1013.0,1013.0,1012.5,1.1,295,1.8,-3.54,0.0
A765,30/03/2018,23,24.7,25.5,24.7,93,94,93,23.5,24.4,23.5,1012.2,1012.2,1011.8,1.3,338,2.0,-3.24,0.2
A765,31/03/2018,22,26.4,27.7,26.4,90,90,76,24.6,24.7,23.1,1009.7,1009.8,1009.3,1.5,269,2.4,-0.28,0.0
A765,31/03/2018,09,23.7,23.9,23.6,96,96,95,23.0,23.1,22.8,1011.1,1011.1,1010.7,1.0,214,2.3,-3.48,0.0
A765,31/03/2018,03,24.1,24.8,24.1,94,94,94,23.1,23.8,23.0,1012.5,1012.8,1012.5,1.1,337,3.2,-2.95,0.0
A765,31/03/2018,04,24.0,24.2,24.0,95,95,93,23.1,23.1,22.9,1012.3,1012.6,1012.3,0.6,294,1.9,-3.44,0.0
A765,31/03/2018,06,24.3,24.5,24.2,95,95,94,23.4,23.6,23.2,1011.1,1011.7,1011.1,0.7,253,2.0,-3.25,0.0
A765,31/03/2018,20,28.3,28.8,28.3,76,76,71,23.6,23.7,22.9,1009.3,1009.7,1009.3,1.1,146,2.9,518.1,0.0
A765,31/03/2018,11,25.7,25.7,23.8,91,95,90,24.1,24.1,23.0,1012.2,1012.2,1011.6,1.0,217,2.3,630.8,0.0
A765,31/03/2018,10,23.8,24.1,23.7,95,96,95,22.9,23.5,22.9,1011.6,1011.6,1011.1,0.7,279,2.7,49.11,0.0
A765,31/03/2018,17,29.4,30.9,29.1,74,75,70,24.4,,,1010.9,1011.6,1010.9,2.2,112,5.6,2701.,0.0
A765,31/03/2018,16,30.2,30.3,28.8,,78,70,,24.8,23.6,1011.6,1012.1,1011.5,2.0,117,6.0,2614.,0.0
A765,31/03/2018,05,24.2,24.3,24.0,95,95,95,23.3,23.4,23.1,1011.7,1012.3,1011.7,0.8,310,1.4,-2.84,0.0
A765,31/03/2018,12,28.4,28.6,25.7,74,91,72,23.4,24.0,22.5,1012.7,1012.7,1012.2,0.7,176,2.2,1370.,0.0
A765,31/03/2018,02,24.8,24.8,24.3,94,95,94,23.8,23.8,23.4,1012.8,1013.0,1012.8,1.0,241,3.2,-2.20,0.0
A765,31/03/2018,08,23.8,24.4,23.8,95,96,95,23.0,23.6,23.0,1010.7,1011.0,1010.7,0.6,298,2.2,-3.49,0.0
A765,31/03/2018,18,29.5,30.4,28.7,72,74,64,23.8,24.8,22.8,1010.1,1010.9,1010.1,1.2,129,4.9,1781.,0.0
A765,31/03/2018,19,28.5,30.4,28.5,72,74,68,23.0,24.4,23.0,1009.7,1010.1,1009.7,1.6,143,3.6,1359.,0.0
A765,31/03/2018,21,27.7,28.4,27.7,76,77,75,23.2,23.8,23.0,1009.3,1009.4,1009.2,0.9,163,2.8,126.7,0.0
A765,31/03/2018,07,24.2,24.5,24.2,95,96,95,23.4,23.7,23.3,1011.0,1011.2,1011.0,0.8,253,2.3,-3.38,0.0
A765,31/03/2018,23,26.1,26.4,26.1,90,91,88,24.3,24.7,24.3,1010.5,1010.5,1009.7,1.0,223,2.9,-2.57,0.0
A765,31/03/2018,15,28.8,29.7,28.5,76,78,69,24.1,24.6,23.4,1012.1,1012.7,1012.1,3.1,171,6.4,2534.,0.0
A765,31/03/2018,13,29.7,29.9,28.1,,74,61,,23.4,21.2,1012.7,1012.8,1012.6,1.4,127,3.0,2103.,0.0
A765,31/03/2018,14,29.8,30.4,29.6,,69,58,,,,1012.7,1012.7,1012.6,2.2,126,4.6,2702.,0.0
A765,31/03/2018,01,24.3,24.5,24.2,95,95,94,23.4,23.6,23.3,1012.8,1012.8,1012.5,0.9,313,1.9,-2.44,0.0
A765,31/03/2018,00,24.3,24.7,24.3,94,94,93,23.3,23.6,23.2,1012.5,1012.5,1012.2,0.8,277,2.1,-3.01,0.0
A765,01/04/2018,15,28.5,28.6,27.3,72,77,68,22.9,23.3,22.0,1010.0,1010.2,1009.9,1.6,99,3.3,1520.,0.0
A765,01/04/2018,22,26.6,28.0,26.6,90,90,83,24.8,25.0,24.6,1007.1,1007.3,1007.1,0.7,277,2.4,23.21,0.0
A765,01/04/2018,00,23.1,26.1,23.1,92,93,88,21.6,24.5,21.6,1011.5,1011.5,1010.5,2.7,216,7.4,-2.89,1.4
A765,01/04/2018,03,23.3,23.4,23.2,96,96,96,22.6,22.7,22.4,1011.1,1012.1,1010.9,1.1,359,2.4,-0.51,0.2
A765,01/04/2018,02,23.4,23.5,22.8,96,96,95,22.7,22.8,22.0,1012.1,1012.4,1011.9,1.1,264,3.7,-1.09,3.0
A765,01/04/2018,04,22.5,23.3,22.5,93,96,92,21.4,22.7,21.3,1010.4,1011.2,1010.4,0.2,318,2.5,-1.24,0.0
A765,01/04/2018,01,22.8,23.1,22.7,95,95,92,22.0,22.0,21.6,1012.0,1012.1,1011.5,1.7,218,6.8,-0.89,2.2
A765,01/04/2018,16,28.8,28.9,28.2,75,76,70,24.0,24.0,22.5,1009.3,1010.0,1009.3,1.6,120,3.6,1540.,0.0
A765,01/04/2018,05,22.7,22.8,22.5,93,94,93,21.5,21.8,21.4,1009.5,1010.4,1009.5,1.0,284,2.1,-0.97,0.0
A765,01/04/2018,23,25.7,26.6,25.7,93,93,90,24.4,25.0,24.4,1007.8,1007.8,1007.1,0.6,263,1.9,-3.58,0.0
A765,01/04/2018,14,27.4,27.4,25.8,74,86,73,22.4,23.7,22.1,1010.2,1010.8,1010.2,0.4,303,1.3,1062.,0.0
A765,01/04/2018,10,23.6,23.7,23.4,93,93,92,22.3,22.5,22.0,1009.3,1009.3,1008.6,1.0,259,4.5,17.35,0.0
A765,01/04/2018,21,28.0,28.7,28.0,84,84,77,25.0,25.3,23.7,1007.1,1007.1,1006.8,1.1,72,4.0,320.6,0.0
A765,01/04/2018,11,24.1,24.1,23.6,92,94,92,22.8,22.9,22.3,1010.4,1010.4,1009.3,1.1,278,2.5,105.4,0.0
A765,01/04/2018,17,28.7,30.0,28.2,73,78,69,23.4,24.8,22.9,1008.4,1009.3,1008.4,1.6,121,4.1,1928.,0.0
A765,01/04/2018,19,28.7,30.0,28.6,77,79,73,24.2,25.0,24.1,1007.0,1007.5,1007.0,1.8,114,3.9,1067.,0.0
A765,01/04/2018,13,25.9,25.9,24.7,85,89,84,23.3,23.3,22.7,1010.8,1011.0,1010.8,0.3,307,1.6,681.9,0.0
A765,01/04/2018,18,29.9,30.2,28.5,75,76,72,25.0,25.3,23.5,1007.5,1008.4,1007.5,1.3,117,4.5,1894.,0.0
A765,01/04/2018,12,24.8,24.8,24.0,89,92,88,22.9,22.9,22.4,1010.9,1010.9,1010.4,0.7,254,2.3,400.7,0.0
A765,01/04/2018,20,28.2,29.5,28.2,76,77,72,23.7,24.5,23.5,1006.9,1007.0,1006.7,2.3,97,4.3,869.2,0.0
A765,01/04/2018,09,23.5,23.6,23.4,93,94,93,22.3,22.5,22.3,1008.6,1008.6,1008.2,1.9,213,4.5,0.001,0.0
A765,01/04/2018,06,23.0,23.2,22.6,93,95,93,21.8,22.2,21.5,1008.7,1009.5,1008.7,0.7,267,2.1,-1.10,0.0
A765,01/04/2018,07,23.0,23.3,23.0,95,95,93,22.1,22.4,21.8,1007.8,1008.7,1007.8,0.8,223,1.9,-1.39,0.0
A765,01/04/2018,08,23.5,23.7,23.0,93,96,93,22.4,23.0,22.2,1008.2,1008.2,1007.8,1.5,280,2.5,-0.81,0.0
A765,02/04/2018,08,25.8,26.9,25.0,74,83,65,20.8,22.1,19.7,1006.3,1007.1,1006.3,1.4,152,3.2,-1.53,0.0
A765,02/04/2018,00,25.4,25.7,25.4,94,95,93,24.4,24.7,24.4,1008.5,1008.5,1007.8,0.8,272,1.9,-3.27,0.0
A765,02/04/2018,02,25.4,25.5,25.3,92,94,92,24.1,24.4,24.1,1009.0,1009.2,1008.8,0.9,102,2.6,-1.98,0.0
A765,02/04/2018,09,25.8,26.2,25.4,75,77,72,20.9,21.2,20.6,1006.3,1006.4,1006.2,1.7,169,3.0,-1.46,0.0
A765,02/04/2018,05,25.8,26.2,25.6,84,88,83,22.9,23.6,22.8,1008.3,1008.5,1008.2,1.1,211,3.8,-1.68,0.0
A765,02/04/2018,01,25.5,25.6,25.4,94,95,94,24.5,24.6,24.4,1008.8,1008.8,1008.4,1.1,264,2.6,-2.57,0.0
A765,02/04/2018,16,30.0,30.5,29.1,,69,59,,23.1,21.0,1008.3,1008.9,1008.3,1.3,144,3.6,1599.,0.0
A765,02/04/2018,06,25.1,25.8,25.1,84,86,83,22.1,23.0,22.1,1007.7,1008.3,1007.7,1.3,195,4.4,-2.85,0.0
A765,02/04/2018,20,28.6,29.3,28.3,70,73,67,22.6,23.2,22.3,1006.8,1007.0,1006.8,1.4,115,4.6,908.0,0.0
A765,02/04/2018,10,24.9,26.0,24.9,81,81,74,21.4,21.9,20.8,1007.2,1007.2,1006.3,1.8,220,4.0,10.44,0.0
A765,02/04/2018,22,26.4,27.5,26.4,87,87,76,24.1,24.2,22.9,1006.9,1006.9,1006.4,1.5,323,2.4,6.733,0.0
A765,02/04/2018,07,25.2,25.2,24.7,83,86,82,22.0,22.4,21.8,1007.1,1007.7,1007.1,1.0,228,2.6,-2.78,0.0
A765,02/04/2018,11,25.6,25.7,24.7,79,83,78,21.7,22.0,21.2,1008.5,1008.5,1007.2,1.1,138,5.0,164.5,0.0
A765,02/04/2018,14,27.4,28.0,26.4,76,81,72,22.8,23.2,22.2,1009.5,1009.7,1009.5,0.9,258,4.3,891.2,0.0
A765,02/04/2018,15,30.1,30.1,27.4,,76,60,,22.9,21.1,1008.8,1009.5,1008.8,1.1,68,3.6,1731.,0.0
A765,02/04/2018,23,25.8,26.4,25.8,89,90,87,23.9,24.3,23.9,1007.6,1007.7,1006.9,1.0,332,2.4,-3.21,0.0
A765,02/04/2018,17,30.0,31.7,29.6,65,,,22.7,,,1007.4,1008.3,1007.4,2.0,152,3.8,2074.,0.0
A765,02/04/2018,18,29.4,30.5,29.3,63,67,59,21.7,23.2,21.2,1007.1,1007.4,1006.9,1.3,156,4.3,1448.,0.0
A765,02/04/2018,12,26.0,26.1,25.6,82,82,77,22.7,22.7,21.6,1009.1,1009.1,1008.5,0.8,320,2.8,309.9,0.0
A765,02/04/2018,19,28.4,30.2,28.4,70,73,61,22.4,23.3,21.2,1006.9,1007.1,1006.9,2.6,153,4.6,821.9,0.0
A765,02/04/2018,04,26.2,27.1,26.2,83,84,75,23.1,23.2,22.2,1008.2,1008.8,1008.2,1.3,205,3.4,-2.61,0.0
A765,02/04/2018,21,27.5,28.7,27.5,77,78,69,23.2,23.2,22.5,1006.5,1006.8,1006.5,0.9,95,3.0,216.8,0.0
A765,02/04/2018,13,26.6,26.6,26.0,78,83,76,22.6,22.9,21.8,1009.6,1009.6,1009.1,1.7,206,4.3,506.8,0.0
A765,02/04/2018,03,27.1,29.7,25.4,75,92,62,22.3,24.1,21.5,1008.8,1009.0,1008.7,0.8,327,5.3,-2.97,0.0
A765,03/04/2018,00,25.5,25.8,25.4,90,90,89,23.6,23.9,23.5,1007.7,1007.7,1007.5,0.9,358,2.0,-2.01,0.0
A765,03/04/2018,01,25.1,25.6,25.1,91,91,88,23.5,23.7,23.4,1007.7,1007.9,1007.6,0.6,243,1.7,-2.12,0.0
A765,03/04/2018,03,24.9,25.3,24.9,92,93,91,23.6,23.8,23.5,1006.7,1007.1,1006.7,0.7,358,2.4,-2.52,0.0
A765,03/04/2018,02,25.0,25.1,24.9,92,92,91,23.6,23.7,23.5,1007.1,1007.7,1007.1,1.1,209,2.3,-2.00,0.0
A765,03/04/2018,05,24.7,25.6,24.7,89,91,86,22.8,23.3,22.7,1006.4,1006.9,1006.4,1.1,161,4.0,-3.00,0.0
A765,03/04/2018,06,24.9,25.3,24.6,86,90,85,22.4,23.1,22.4,1006.1,1006.5,1006.0,2.1,224,5.0,-3.26,0.0
A765,03/04/2018,09,24.8,25.8,24.7,85,86,77,22.2,22.2,21.4,1006.0,1006.0,1005.7,1.2,196,4.9,-2.60,0.0
A765,03/04/2018,04,24.8,25.2,24.8,91,93,90,23.2,23.7,23.2,1006.8,1006.9,1006.7,1.1,360,2.9,-2.12,0.0
A765,03/04/2018,07,25.3,25.8,24.5,83,89,80,22.2,22.8,22.1,1005.8,1006.2,1005.8,1.3,185,5.0,-3.32,0.0
A765,03/04/2018,08,25.5,27.7,25.2,79,83,68,21.7,22.2,21.2,1005.7,1005.8,1005.7,1.0,113,4.8,-3.29,0.0
A765,03/04/2018,17,25.0,25.6,23.9,91,94,86,23.5,23.6,22.4,1008.0,1008.6,1008.0,1.3,260,6.8,508.8,8.0
A765,03/04/2018,11,26.8,26.9,24.6,78,85,78,22.6,23.1,21.8,1007.6,1007.6,1006.9,1.0,212,2.3,669.5,0.0
A765,03/04/2018,12,28.6,28.6,26.3,71,79,70,22.7,23.2,22.2,1008.5,1008.5,1007.6,1.6,201,3.4,942.3,0.0
A765,03/04/2018,20,23.5,23.7,23.0,96,96,95,22.9,22.9,22.3,1008.5,1008.6,1008.2,1.5,357,4.8,86.58,9.8
A765,03/04/2018,16,25.6,29.8,25.6,86,86,65,23.0,23.5,22.0,1008.6,1009.1,1008.6,2.3,209,7.6,1407.,0.0
A765,03/04/2018,13,29.8,29.9,28.3,62,71,60,21.8,23.1,21.3,1008.9,1008.9,1008.4,2.8,229,7.4,2084.,0.0
A765,03/04/2018,19,23.5,24.3,23.3,95,96,94,22.7,23.3,22.4,1008.3,1008.3,1008.1,0.7,312,5.0,160.8,16.0
A765,03/04/2018,22,22.8,23.5,22.7,95,95,95,22.0,22.7,21.9,1009.5,1009.5,1008.8,1.2,228,3.3,4.800,6.8
A765,03/04/2018,18,24.3,25.4,24.1,94,95,91,23.3,23.9,23.1,1008.2,1008.3,1007.9,1.5,239,4.9,603.5,4.4
A765,03/04/2018,10,24.6,25.1,24.5,85,86,84,21.9,22.5,21.9,1006.9,1006.9,1006.0,1.0,201,3.3,21.85,0.0
A765,03/04/2018,23,23.2,23.3,22.8,96,96,95,22.5,22.6,22.0,1010.1,1010.1,1009.5,0.7,208,3.1,-0.26,1.6
A765,03/04/2018,21,23.3,23.6,23.3,95,96,95,22.5,22.9,22.5,1008.8,1008.8,1008.5,1.2,46,3.1,91.25,1.2
A765,03/04/2018,15,29.0,29.5,28.4,67,71,65,22.2,23.0,22.0,1009.1,1009.3,1009.0,2.4,238,6.9,2330.,0.0
A765,03/04/2018,14,28.6,29.8,28.5,69,69,61,22.4,22.4,21.0,1009.3,1009.3,1008.9,2.9,234,7.4,1429.,0.0
A765,04/04/2018,00,23.1,23.6,23.1,95,96,95,22.3,23.0,22.3,1010.7,1010.7,1010.1,0.8,230,2.1,0.170,0.2
A765,04/04/2018,11,23.5,23.5,22.1,94,96,94,22.4,22.6,21.5,1010.7,1010.7,1010.3,0.6,289,1.5,504.2,0.0
A765,04/04/2018,03,22.6,22.9,22.5,96,96,95,21.9,22.2,21.7,1010.4,1010.6,1010.3,0.9,238,2.7,0.060,0.0
A765,04/04/2018,04,22.3,22.6,22.2,96,96,96,21.6,22.0,21.6,1010.1,1010.4,1010.1,1.2,235,3.1,-1.01,0.0
A765,04/04/2018,05,22.1,22.6,22.1,96,96,96,21.4,21.9,21.4,1010.0,1010.2,1010.0,0.7,265,2.4,-1.88,0.0
A765,04/04/2018,07,22.0,22.2,21.9,97,97,96,21.4,21.6,21.3,1009.6,1009.8,1009.5,0.8,257,2.6,-2.61,0.0
A765,04/04/2018,02,22.8,23.1,22.7,96,96,95,22.1,22.3,21.9,1010.6,1011.0,1010.6,1.3,273,2.3,-0.35,3.2
A765,04/04/2018,06,22.1,22.4,21.9,96,97,96,21.5,21.9,21.3,1009.7,1010.0,1009.7,1.6,289,2.6,-2.66,0.2
A765,04/04/2018,14,27.8,28.0,26.7,69,78,69,21.7,23.1,21.5,1011.3,1011.5,1011.3,2.4,180,5.2,2825.,0.0
A765,04/04/2018,12,25.2,25.5,23.5,83,94,83,22.0,23.0,22.0,1011.2,1011.2,1010.7,1.3,197,2.9,1083.,0.0
A765,04/04/2018,08,22.0,22.3,21.9,96,97,96,21.3,21.7,21.3,1009.5,1009.6,1009.4,1.0,321,1.9,-2.85,0.0
A765,04/04/2018,16,27.3,29.1,27.2,72,75,67,21.9,23.3,21.8,1010.2,1010.9,1010.2,2.9,163,5.3,2210.,0.0
A765,04/04/2018,22,24.3,25.6,24.3,90,90,80,22.5,22.8,21.9,1009.6,1009.6,1009.3,0.6,36,2.2,5.690,0.0
A765,04/04/2018,13,26.9,27.5,25.2,76,83,74,22.2,22.9,21.8,1011.5,1011.5,1011.2,2.6,186,5.2,2285.,0.0
A765,04/04/2018,09,21.6,22.1,21.6,96,96,96,21.0,21.5,20.9,1009.7,1009.7,1009.5,0.6,275,1.6,-2.77,0.0
A765,04/04/2018,21,25.6,26.0,25.6,80,82,77,21.8,22.2,21.5,1009.4,1009.4,1009.2,0.8,202,3.1,131.6,0.0
A765,04/04/2018,17,26.5,27.3,26.5,75,77,72,21.7,22.1,21.6,1009.7,1010.2,1009.7,2.6,147,5.7,754.2,0.0
A765,04/04/2018,10,22.1,22.2,21.6,96,97,96,21.5,21.6,21.0,1010.3,1010.3,1009.7,0.8,258,1.6,14.57,0.0
A765,04/04/2018,15,28.1,29.0,27.4,72,74,62,22.7,22.7,20.8,1010.9,1011.3,1010.9,2.6,172,5.3,2791.,0.0
A765,04/04/2018,18,26.2,26.5,26.2,76,78,75,21.7,22.3,21.6,1009.6,1009.7,1009.6,2.7,158,5.5,653.0,0.0
A765,04/04/2018,19,26.2,26.4,25.8,76,79,76,21.6,22.1,21.6,1009.4,1009.7,1009.4,2.5,158,5.0,510.7,0.0
A765,04/04/2018,23,23.8,24.4,23.8,93,94,90,22.6,22.9,22.5,1010.1,1010.1,1009.6,1.0,280,2.0,-3.57,0.0
A765,04/04/2018,20,25.9,26.2,25.9,77,79,76,21.7,22.0,21.4,1009.4,1009.5,1009.4,1.1,162,5.2,248.2,0.0
A765,04/04/2018,01,23.0,23.3,23.0,95,96,95,22.2,22.5,22.2,1011.0,1011.0,1010.7,1.3,301,2.3,0.049,0.4
A765,05/04/2018,20,26.1,26.5,26.0,79,82,78,22.3,23.1,22.1,1010.4,1010.6,1010.4,1.1,200,3.4,446.6,0.0
A765,05/04/2018,23,24.5,25.1,24.5,90,90,86,22.8,22.9,22.6,1011.6,1011.6,1011.0,0.9,299,2.4,-2.06,0.0
A765,05/04/2018,07,21.7,21.8,21.5,96,96,96,21.1,21.2,20.9,1009.0,1009.0,1008.8,0.8,307,1.5,-3.51,0.0
A765,05/04/2018,02,23.1,23.3,23.1,93,94,92,22.0,22.2,21.9,1010.9,1011.0,1010.8,0.8,244,1.8,-3.35,0.0
A765,05/04/2018,06,21.6,22.1,21.6,96,96,93,20.9,21.0,20.8,1008.9,1009.7,1008.9,0.9,264,1.5,-3.58,0.0
A765,05/04/2018,01,23.2,23.6,23.1,93,95,93,22.1,22.6,22.1,1010.9,1011.1,1010.7,1.0,353,1.8,-3.56,0.0
A765,05/04/2018,09,21.5,21.9,21.5,96,96,95,20.8,21.2,20.7,1010.3,1010.3,1009.8,0.9,292,2.5,-3.42,0.0
A765,05/04/2018,03,22.7,23.1,22.6,95,95,94,21.8,22.0,21.7,1010.7,1010.9,1010.7,0.6,42,1.9,-3.58,0.0
A765,05/04/2018,05,22.1,22.6,22.1,93,95,93,21.0,21.7,21.0,1009.7,1010.4,1009.7,0.5,10,1.8,-3.45,0.0
A765,05/04/2018,11,22.7,22.8,21.3,93,96,93,21.5,21.8,20.6,1011.6,1011.6,1010.8,1.7,212,3.4,461.5,0.0
A765,05/04/2018,04,22.5,22.7,22.4,95,95,94,21.7,21.8,21.4,1010.4,1010.7,1010.3,0.6,267,1.9,-3.36,0.0
A765,05/04/2018,08,21.6,21.7,21.4,96,96,96,20.9,21.1,20.8,1009.8,1009.8,1009.0,1.3,281,2.1,-3.53,0.0
A765,05/04/2018,10,21.4,21.6,21.1,96,96,95,20.7,20.9,20.3,1010.8,1010.8,1010.3,1.2,309,1.8,22.73,0.0
A765,05/04/2018,15,29.5,29.7,28.2,62,70,61,21.4,22.6,21.2,1010.4,1011.0,1010.4,1.5,126,3.7,3072.,0.0
A765,05/04/2018,22,25.1,25.9,25.1,86,86,79,22.6,22.7,21.9,1011.0,1011.0,1010.5,1.1,269,2.3,2.057,0.0
A765,05/04/2018,00,23.4,23.8,23.4,93,94,93,22.3,22.7,22.3,1010.8,1010.8,1010.1,0.5,224,2.0,-3.41,0.0
A765,05/04/2018,19,26.4,26.7,25.4,79,87,77,22.6,23.4,22.1,1010.6,1010.8,1010.5,1.3,213,4.5,816.7,0.0
A765,05/04/2018,12,25.5,25.5,22.7,79,93,79,21.6,22.1,21.4,1012.1,1012.1,1011.6,1.0,205,3.9,916.0,0.0
A765,05/04/2018,17,26.6,29.1,26.4,78,79,63,22.5,22.6,21.0,1010.4,1010.4,1010.0,3.2,153,8.4,945.0,0.0
A765,05/04/2018,21,25.9,26.1,25.6,79,84,78,22.0,22.8,21.8,1010.5,1010.6,1010.4,1.1,172,3.4,84.07,0.0
A765,05/04/2018,13,27.1,27.1,25.5,70,80,70,21.2,21.9,21.1,1011.7,1012.1,1011.7,1.2,170,4.0,2079.,0.0
A765,05/04/2018,16,28.8,29.8,28.6,66,67,60,21.8,22.3,20.8,1010.0,1010.4,1010.0,3.2,149,7.1,3192.,0.0
A765,05/04/2018,18,25.5,26.8,25.5,84,84,76,22.6,22.6,21.8,1010.7,1010.7,1010.4,1.8,208,7.3,524.9,0.0
A765,05/04/2018,14,28.3,28.5,26.9,68,72,68,21.8,22.3,20.7,1011.0,1011.7,1011.0,1.8,109,4.1,2610.,0.2
A765,06/04/2018,03,23.7,23.9,23.7,95,95,94,22.8,23.0,22.7,1012.3,1012.6,1012.3,1.3,301,1.8,-2.04,0.0
A765,06/04/2018,16,28.3,28.8,26.7,68,75,67,21.9,23.2,21.1,1012.2,1012.8,1012.2,2.6,154,5.0,2954.,0.0
A765,06/04/2018,00,24.4,24.6,24.3,91,91,90,22.8,23.0,22.5,1012.0,1012.1,1011.6,0.6,16,2.0,-1.99,0.0
A765,06/04/2018,01,24.2,24.5,24.1,91,92,90,22.7,22.9,22.4,1012.4,1012.4,1012.0,0.4,304,2.3,-3.48,0.0
A765,06/04/2018,04,23.7,23.8,23.6,94,95,94,22.7,22.9,22.7,1011.8,1012.3,1011.8,1.2,222,3.4,-2.51,0.0
A765,06/04/2018,10,22.4,22.4,21.9,96,96,94,21.6,21.6,20.9,1012.2,1012.2,1011.7,1.1,305,2.0,18.70,0.0
A765,06/04/2018,05,23.0,23.8,23.0,94,95,94,22.0,22.8,22.0,1011.7,1011.8,1011.7,0.8,343,3.4,-3.56,0.0
A765,06/04/2018,07,23.5,23.5,23.0,94,95,94,22.4,22.5,22.2,1011.3,1011.4,1011.3,0.9,273,3.0,-1.92,0.0
A765,06/04/2018,09,22.1,22.7,22.0,94,95,94,21.0,21.7,21.0,1011.7,1011.7,1011.6,0.5,243,1.9,-3.48,0.0
A765,06/04/2018,06,23.0,23.0,22.8,95,95,94,22.2,22.2,21.8,1011.3,1011.7,1011.3,0.8,226,2.1,-2.92,0.0
A765,06/04/2018,08,22.6,23.4,22.6,94,94,94,21.6,22.3,21.6,1011.6,1011.6,1011.2,0.8,281,2.7,-3.59,0.0
A765,06/04/2018,12,24.6,24.6,23.1,89,94,89,22.7,22.8,22.0,1013.2,1013.2,1012.8,0.7,244,2.1,479.3,0.0
A765,06/04/2018,13,27.2,27.3,24.6,76,90,74,22.7,23.4,22.0,1013.3,1013.3,1013.1,1.3,202,4.5,2011.,0.0
A765,06/04/2018,21,26.0,26.7,26.0,78,78,75,21.7,22.0,21.5,1012.0,1012.0,1011.5,1.9,135,6.1,79.16,0.0
A765,06/04/2018,11,23.3,23.3,22.4,94,96,94,22.2,22.3,21.7,1012.8,1012.8,1012.2,1.2,267,2.1,226.4,0.0
A765,06/04/2018,14,28.6,28.6,27.0,70,77,69,22.7,23.2,21.6,1013.1,1013.3,1013.1,2.1,158,4.7,2850.,0.0
A765,06/04/2018,17,27.7,29.0,27.7,69,72,66,21.6,22.9,21.3,1011.9,1012.2,1011.9,2.9,150,5.7,2536.,0.0
A765,06/04/2018,02,23.9,24.3,23.9,94,94,91,22.8,22.9,22.6,1012.4,1012.6,1012.3,0.5,282,1.7,-3.31,0.0
A765,06/04/2018,18,27.5,28.2,26.9,72,76,69,22.0,23.1,21.5,1011.7,1011.9,1011.6,2.1,131,5.3,1254.,0.0
A765,06/04/2018,20,26.6,27.6,26.6,76,76,72,21.9,22.6,21.7,1011.6,1011.6,1011.3,2.7,128,6.1,389.1,0.0
A765,06/04/2018,19,27.3,27.5,26.8,74,75,72,22.1,22.4,21.7,1011.4,1011.7,1011.4,1.5,140,4.2,500.8,0.0
A765,06/04/2018,22,26.0,26.2,26.0,76,78,74,21.5,21.7,21.2,1012.4,1012.4,1012.0,1.6,119,5.3,0.002,0.0
A765,06/04/2018,15,26.7,29.3,26.7,73,75,68,21.5,23.2,21.5,1012.8,1013.1,1012.8,2.5,164,6.1,2614.,0.0
A765,06/04/2018,23,24.4,26.0,24.3,90,90,75,22.6,22.6,21.2,1012.8,1012.8,1012.4,0.5,299,4.2,-2.75,0.0
A765,07/04/2018,12,25.0,25.0,23.0,83,93,83,21.9,22.5,21.7,1015.0,1015.1,1014.6,0.8,295,2.2,1342.,0.0
A765,07/04/2018,01,24.2,25.4,23.9,89,90,81,22.2,22.6,21.8,1013.8,1013.8,1013.3,0.9,309,4.5,-2.69,0.0
A765,07/04/2018,00,24.2,25.6,24.1,90,90,79,22.5,22.6,21.8,1013.3,1013.3,1012.8,0.8,309,3.7,-2.63,0.0
A765,07/04/2018,03,23.8,24.8,23.8,91,91,86,22.2,22.6,22.1,1013.9,1014.0,1013.6,0.4,277,4.5,-3.03,0.0
A765,07/04/2018,20,26.9,29.0,26.9,76,76,70,22.4,23.7,22.3,1013.4,1013.4,1013.2,2.7,139,5.6,375.7,0.0
A765,07/04/2018,06,22.0,22.4,22.0,96,96,94,21.3,21.5,21.1,1013.4,1013.6,1013.4,0.8,297,2.0,-3.59,0.0
A765,07/04/2018,02,24.2,25.9,23.8,89,91,80,22.3,22.4,21.7,1013.7,1013.8,1013.6,0.8,40,4.6,-2.61,0.0
A765,07/04/2018,07,21.7,22.1,21.6,96,96,95,21.0,21.4,20.8,1013.3,1013.5,1013.3,1.0,267,1.8,-3.57,0.0
A765,07/04/2018,08,21.4,21.8,21.3,96,96,96,20.7,21.1,20.7,1013.4,1013.4,1013.3,0.8,246,1.9,-3.41,0.0
A765,07/04/2018,05,22.4,23.0,22.3,95,95,93,21.5,22.0,21.4,1013.6,1013.9,1013.6,1.0,276,2.4,-3.59,0.0
A765,07/04/2018,09,21.1,21.4,20.9,96,96,95,20.4,20.8,20.2,1013.6,1013.6,1013.3,0.8,308,1.4,-3.55,0.0
A765,07/04/2018,18,27.7,28.9,27.3,71,73,68,22.0,22.8,21.4,1013.6,1013.9,1013.6,1.6,165,4.2,1595.,0.0
A765,07/04/2018,04,23.0,23.8,23.0,94,94,91,22.0,22.4,22.0,1013.7,1014.0,1013.7,0.6,322,1.4,-3.60,0.0
A765,07/04/2018,10,21.3,21.4,20.8,96,97,96,20.7,20.8,20.1,1014.4,1014.4,1013.6,0.8,261,2.0,32.49,0.0
A765,07/04/2018,14,28.3,28.3,27.3,68,70,63,21.8,21.9,19.9,1015.0,1015.2,1015.0,2.4,116,4.5,2702.,0.0
A765,07/04/2018,21,26.7,26.9,26.7,79,80,76,22.8,22.9,22.4,1013.5,1013.5,1013.4,2.5,143,5.6,107.3,0.0
A765,07/04/2018,11,23.0,23.0,21.2,93,96,93,21.8,21.9,20.5,1014.6,1014.7,1014.4,1.6,281,2.1,574.5,0.0
A765,07/04/2018,15,28.7,29.1,27.6,66,71,65,21.8,22.8,20.9,1014.7,1015.0,1014.7,2.2,114,4.8,3122.,0.0
A765,07/04/2018,13,27.3,28.0,25.0,63,83,63,19.8,22.1,19.6,1015.2,1015.2,1015.0,1.3,142,3.2,2036.,0.0
A765,07/04/2018,19,27.8,29.1,27.6,73,73,67,22.6,22.8,21.7,1013.2,1013.6,1013.2,1.3,130,4.2,1581.,0.0
A765,07/04/2018,22,26.6,26.7,26.5,81,81,79,23.1,23.1,22.7,1013.8,1013.8,1013.5,1.9,129,6.0,2.732,0.0
A765,07/04/2018,17,27.9,28.9,27.4,70,73,67,21.8,22.8,21.4,1013.9,1014.3,1013.9,1.7,150,4.9,1583.,0.0
A765,07/04/2018,16,27.8,29.5,27.7,70,71,65,21.8,22.9,21.4,1014.3,1014.7,1014.3,2.0,136,5.1,2602.,0.0
A765,07/04/2018,23,26.4,26.7,26.4,81,82,79,22.9,23.3,22.6,1014.3,1014.3,1013.7,1.0,86,5.2,-3.28,0.0
A765,08/04/2018,12,25.5,25.5,23.6,84,93,83,22.6,22.9,22.4,1017.1,1017.1,1016.5,0.8,219,1.8,941.5,0.0
A765,08/04/2018,18,29.2,29.6,28.2,71,75,69,23.3,23.7,22.7,1014.9,1015.3,1014.8,2.3,138,6.7,2391.,0.0
A765,08/04/2018,09,21.9,22.1,21.7,96,96,96,21.3,21.5,21.1,1015.2,1015.2,1014.4,0.9,260,2.7,-3.24,0.0
A765,08/04/2018,21,26.7,26.9,26.7,80,80,77,22.9,22.9,22.5,1014.9,1014.9,1014.6,2.3,128,6.0,58.37,0.0
A765,08/04/2018,20,26.9,27.2,26.7,78,79,77,22.7,23.1,22.6,1014.6,1014.7,1014.6,2.5,123,6.7,178.5,0.0
A765,08/04/2018,00,25.0,26.4,25.0,90,90,81,23.2,23.3,22.8,1015.0,1015.0,1014.3,0.8,273,2.8,-3.17,0.0
A765,08/04/2018,16,29.9,30.2,29.4,,68,62,,23.6,21.7,1015.7,1016.2,1015.7,2.9,119,5.6,3174.,0.0
A765,08/04/2018,22,26.2,26.7,26.2,81,81,78,22.7,22.9,22.5,1015.1,1015.1,1014.8,2.2,142,6.5,1.675,0.0
A765,08/04/2018,11,23.7,23.7,22.1,93,96,93,22.5,22.6,21.4,1016.5,1016.5,1016.0,1.0,270,2.1,548.7,0.0
A765,08/04/2018,14,29.4,29.6,27.1,63,73,62,21.6,22.7,21.1,1016.8,1017.1,1016.8,1.8,116,4.1,2503.,0.0
A765,08/04/2018,07,21.9,22.5,21.9,96,96,94,21.2,21.5,21.2,1014.3,1014.6,1014.3,0.6,270,2.2,-3.55,0.0
A765,08/04/2018,19,27.1,29.3,27.1,78,78,70,23.0,23.1,22.6,1014.7,1014.9,1014.7,2.4,139,5.7,442.4,0.0
A765,08/04/2018,01,24.4,25.0,24.4,93,93,90,23.1,23.4,23.1,1015.5,1015.5,1015.0,0.8,42,1.5,-3.23,0.0
A765,08/04/2018,17,29.1,30.0,28.4,70,72,66,23.1,23.9,22.3,1015.3,1015.7,1015.3,2.6,151,6.6,3046.,0.0
A765,08/04/2018,08,21.7,21.9,21.7,96,96,96,21.1,21.3,21.0,1014.4,1014.4,1014.2,1.1,261,2.1,-3.43,0.0
A765,08/04/2018,04,23.0,23.5,23.0,95,95,94,22.2,22.6,22.2,1015.3,1015.3,1015.2,0.6,328,1.5,-3.56,0.0
A765,08/04/2018,02,23.9,24.5,23.9,94,94,92,22.8,23.2,22.8,1015.6,1015.6,1015.5,1.2,336,1.8,-2.63,0.0
A765,08/04/2018,10,22.1,22.2,21.8,96,97,96,21.4,21.6,21.2,1016.0,1016.0,1015.2,0.9,281,2.1,23.89,0.0
A765,08/04/2018,13,27.4,27.4,25.5,70,85,68,21.4,22.9,20.7,1017.0,1017.2,1017.0,0.6,37,2.5,2053.,0.0
A765,08/04/2018,15,29.4,29.9,28.9,64,67,61,22.0,22.8,20.9,1016.2,1016.8,1016.2,2.4,130,4.9,3065.,0.0
A765,08/04/2018,03,23.4,24.0,23.4,95,95,93,22.5,22.9,22.5,1015.3,1015.6,1015.3,0.3,236,2.1,-3.57,0.0
A765,08/04/2018,23,26.3,26.3,26.1,82,82,80,22.9,22.9,22.4,1015.4,1015.4,1015.1,2.8,150,5.8,-3.59,0.0
A765,08/04/2018,06,22.5,22.7,22.1,94,96,94,21.4,21.8,21.3,1014.6,1015.0,1014.6,1.2,278,2.6,-3.58,0.0
A765,08/04/2018,05,22.5,23.1,22.4,94,96,94,21.5,22.3,21.4,1015.0,1015.4,1015.0,0.8,309,2.2,-3.58,0.0
A765,09/04/2018,22,26.2,26.5,26.2,79,80,78,22.3,22.6,22.2,1015.2,1015.3,1015.2,3.3,120,6.6,1.916,0.0
A765,09/04/2018,00,26.5,26.6,26.3,79,82,78,22.5,23.1,22.5,1016.0,1016.0,1015.4,3.9,124,8.2,-3.42,0.0
A765,09/04/2018,01,26.3,26.5,26.2,79,80,78,22.3,22.7,22.1,1016.6,1016.6,1016.0,3.4,123,8.9,-3.44,0.0
A765,09/04/2018,02,26.2,26.5,26.1,77,79,76,21.8,22.3,21.6,1017.0,1017.1,1016.6,3.3,127,7.3,-2.17,0.0
A765,09/04/2018,06,22.9,23.2,22.7,93,94,92,21.6,22.0,21.5,1015.8,1016.2,1015.8,0.8,292,1.8,-3.58,0.0
A765,09/04/2018,04,24.1,25.2,24.1,90,90,85,22.4,22.7,22.3,1016.5,1016.9,1016.5,0.8,323,1.7,-3.55,0.0
A765,09/04/2018,03,25.2,26.3,25.2,85,85,76,22.4,22.4,21.7,1016.9,1017.0,1016.7,1.0,357,6.8,-3.38,0.0
A765,09/04/2018,09,22.2,22.4,22.0,95,95,95,21.4,21.5,21.2,1015.8,1015.8,1015.4,0.9,305,1.8,-3.36,0.0
A765,09/04/2018,11,23.3,23.4,22.0,91,95,91,21.7,21.8,21.2,1016.8,1016.8,1016.4,0.8,290,1.1,564.9,0.0
A765,09/04/2018,07,22.6,22.9,22.5,94,95,92,21.7,21.7,21.4,1015.5,1015.8,1015.5,0.5,289,1.5,-3.48,0.0
A765,09/04/2018,14,28.6,29.0,27.5,63,68,62,20.9,21.9,20.3,1017.5,1017.6,1017.4,2.4,116,4.4,2625.,0.0
A765,09/04/2018,05,23.2,24.1,23.2,93,93,90,21.9,22.4,21.9,1016.2,1016.5,1016.1,0.4,345,1.3,-3.60,0.0
A765,09/04/2018,10,22.0,22.2,21.7,95,96,95,21.2,21.4,20.9,1016.4,1016.4,1015.8,0.4,343,1.5,31.82,0.0
A765,09/04/2018,23,26.4,26.4,26.2,79,80,79,22.5,22.6,22.3,1015.7,1015.7,1015.2,2.2,131,6.6,-3.59,0.0
A765,09/04/2018,08,22.4,22.7,22.4,95,95,94,21.5,21.8,21.5,1015.5,1015.5,1015.4,0.6,289,1.4,-3.30,0.0
A765,09/04/2018,15,28.6,29.5,28.3,65,68,62,21.5,22.4,20.8,1016.6,1017.5,1016.6,2.1,123,5.5,3067.,0.0
A765,09/04/2018,17,28.7,29.4,28.3,65,67,61,21.5,22.0,20.4,1015.1,1015.6,1015.1,2.6,124,5.1,2522.,0.0
A765,09/04/2018,12,25.7,25.8,23.3,74,91,74,20.7,22.0,20.7,1017.1,1017.1,1016.8,0.7,296,1.1,1383.,0.0
A765,09/04/2018,18,29.2,29.6,28.3,65,68,61,21.9,22.1,21.1,1014.8,1015.1,1014.7,1.9,130,5.9,2428.,0.0
A765,09/04/2018,19,28.4,29.7,27.8,70,72,62,22.4,22.8,21.1,1015.0,1015.0,1014.8,2.3,137,5.5,1523.,0.0
A765,09/04/2018,16,29.0,29.4,28.6,64,67,62,21.5,22.1,21.0,1015.5,1016.7,1015.5,2.5,120,4.9,3115.,0.0
A765,09/04/2018,21,26.5,27.1,26.5,79,79,75,22.5,22.6,22.2,1015.3,1015.5,1015.2,3.1,121,5.7,107.1,0.0
A765,09/04/2018,20,27.1,28.4,27.0,76,76,70,22.4,22.5,21.9,1015.5,1015.5,1015.0,2.7,135,5.4,442.0,0.0
A765,09/04/2018,13,27.9,28.2,25.7,65,74,61,20.6,21.6,20.0,1017.5,1017.5,1017.1,1.8,115,3.3,1912.,0.0
A765,10/04/2018,15,29.4,29.4,28.0,61,64,58,21.0,21.0,19.5,1017.6,1017.9,1017.6,2.7,114,5.7,3046.,0.0
A765,10/04/2018,00,25.5,26.8,25.5,85,85,74,22.7,22.8,21.7,1016.5,1016.5,1015.7,0.7,10,5.7,-2.50,0.0
A765,10/04/2018,06,22.4,23.1,22.3,93,93,91,21.3,21.8,21.1,1016.0,1016.4,1016.0,0.6,331,1.9,-3.60,0.0
A765,10/04/2018,17,27.5,29.0,27.4,66,67,62,20.7,21.4,20.4,1016.9,1017.3,1016.9,2.0,132,5.8,1297.,0.0
A765,10/04/2018,01,24.2,25.5,24.2,91,91,84,22.6,22.8,22.6,1016.9,1016.9,1016.5,0.3,331,1.9,-3.60,0.0
A765,10/04/2018,08,21.7,22.0,21.6,95,95,94,20.8,21.1,20.6,1015.8,1015.8,1015.7,0.7,306,1.5,-3.58,0.0
A765,10/04/2018,02,24.3,25.7,24.2,90,92,75,22.6,22.9,20.9,1017.1,1017.2,1016.9,0.7,299,4.1,-2.20,0.0
A765,10/04/2018,09,21.4,21.7,21.4,94,95,94,20.5,20.9,20.5,1016.1,1016.1,1015.8,0.5,282,1.7,-3.59,0.0
A765,10/04/2018,22,26.6,26.8,26.6,73,74,70,21.3,21.8,20.8,1016.2,1016.5,1016.2,2.1,114,5.6,2.161,0.0
A765,10/04/2018,03,24.0,24.3,24.0,90,91,90,22.3,22.6,22.2,1016.9,1017.2,1016.9,1.2,325,2.0,-2.76,0.0
A765,10/04/2018,04,23.4,24.2,23.4,91,91,89,21.9,22.4,21.9,1016.8,1016.9,1016.8,0.4,350,2.1,-3.11,0.0
A765,10/04/2018,19,27.1,27.6,26.8,69,72,66,20.8,21.4,20.6,1015.9,1016.3,1015.8,1.1,92,4.7,520.0,0.0
A765,10/04/2018,16,29.0,29.4,28.2,63,66,59,21.3,21.9,20.4,1017.3,1017.6,1017.2,2.4,133,5.4,3115.,0.0
A765,10/04/2018,18,27.6,28.0,27.1,66,70,65,20.7,21.6,20.2,1016.3,1016.9,1016.3,2.1,101,4.1,916.8,0.0
A765,10/04/2018,23,24.6,26.7,24.6,85,85,68,21.9,21.9,20.2,1017.0,1017.0,1016.2,0.8,290,5.5,-3.59,0.0
A765,10/04/2018,20,27.0,27.3,27.0,71,71,67,21.2,21.4,20.5,1016.0,1016.1,1015.8,1.8,135,4.2,342.0,0.0
A765,10/04/2018,07,22.0,22.4,22.0,94,94,93,21.0,21.3,20.9,1015.8,1016.1,1015.8,0.8,297,1.3,-3.58,0.0
A765,10/04/2018,11,22.8,22.8,21.3,91,95,91,21.2,21.3,20.5,1017.5,1017.5,1016.8,1.3,283,2.0,579.4,0.0
A765,10/04/2018,14,28.0,28.9,27.2,61,64,57,19.7,20.2,18.9,1017.7,1017.7,1017.5,2.4,142,4.8,2692.,0.0
A765,10/04/2018,21,26.7,27.0,26.7,72,73,70,21.3,21.5,21.0,1016.4,1016.4,1016.0,1.7,124,4.6,128.9,0.0
A765,10/04/2018,05,22.8,23.5,22.8,92,92,91,21.5,22.0,21.3,1016.4,1016.8,1016.4,0.5,248,1.3,-3.59,0.0
A765,10/04/2018,12,25.0,25.0,22.8,80,91,80,21.2,21.8,21.0,1017.7,1017.7,1017.3,0.9,290,1.8,1354.,0.0
A765,10/04/2018,10,21.3,21.5,21.1,95,95,94,20.5,20.7,20.2,1016.8,1016.8,1016.1,0.9,260,1.9,28.94,0.0
A765,10/04/2018,13,27.2,27.2,25.0,62,80,62,19.2,21.5,18.9,1017.6,1017.8,1017.6,0.5,277,2.1,1965.,0.0
A765,11/04/2018,21,25.8,27.8,25.8,80,80,67,22.0,22.1,20.8,1015.9,1016.0,1015.9,1.5,292,2.4,223.4,0.0
A765,11/04/2018,17,28.9,29.4,27.6,64,70,63,21.4,22.3,20.8,1016.1,1016.8,1016.1,2.3,150,5.6,2922.,0.0
A765,11/04/2018,08,21.4,22.0,21.3,95,96,95,20.7,21.2,20.5,1016.2,1016.4,1016.1,0.5,318,2.3,-3.53,0.0
A765,11/04/2018,14,27.8,28.0,27.3,65,65,60,20.6,20.8,19.2,1017.9,1018.4,1017.9,1.9,122,4.3,2696.,0.0
A765,11/04/2018,18,28.8,29.1,28.2,65,67,62,21.5,22.0,20.8,1015.9,1016.2,1015.9,2.2,148,5.9,2572.,0.0
A765,11/04/2018,16,28.6,29.1,27.8,66,68,62,21.6,21.8,20.4,1016.8,1017.3,1016.8,2.0,127,5.2,3011.,0.0
A765,11/04/2018,06,22.2,22.4,21.9,94,94,93,21.2,21.4,20.9,1016.7,1017.0,1016.7,0.8,276,2.4,-3.59,0.0
A765,11/04/2018,04,22.1,22.6,22.1,93,94,93,20.9,21.5,20.9,1017.4,1017.8,1017.4,0.8,245,1.5,-3.59,0.0
A765,11/04/2018,05,21.9,22.3,21.9,94,94,93,20.9,21.3,20.8,1017.0,1017.4,1017.0,1.6,291,2.4,-3.57,0.0
A765,11/04/2018,00,23.5,24.6,23.4,90,90,85,21.7,22.1,21.5,1017.9,1017.9,1017.0,0.6,303,1.6,-3.60,0.0
A765,11/04/2018,02,22.7,23.3,22.7,92,92,90,21.3,21.8,21.3,1017.9,1017.9,1017.6,0.4,290,1.5,-3.59,0.0
A765,11/04/2018,09,21.2,21.7,21.2,95,96,95,20.4,21.0,20.4,1016.6,1016.6,1016.2,0.4,16,1.9,-3.49,0.0
A765,11/04/2018,13,27.8,27.8,25.4,63,77,60,20.0,21.2,18.9,1018.4,1018.4,1018.0,1.2,89,3.1,1960.,0.0
A765,11/04/2018,01,23.3,23.6,23.2,91,92,89,21.9,22.0,21.6,1017.7,1018.0,1017.7,0.7,307,1.8,-3.59,0.0
A765,11/04/2018,03,22.4,22.8,22.4,93,93,92,21.1,21.6,21.1,1017.7,1017.9,1017.7,0.8,261,1.8,-3.56,0.0
A765,11/04/2018,07,22.0,22.2,21.6,95,95,94,21.1,21.2,20.7,1016.4,1016.8,1016.4,1.1,296,2.1,-3.59,0.0
A765,11/04/2018,15,27.8,28.9,27.7,64,65,60,20.3,21.1,19.9,1017.3,1017.9,1017.3,2.7,128,5.5,3078.,0.0
A765,11/04/2018,11,23.0,23.0,20.7,91,95,91,21.6,21.6,20.0,1017.6,1017.6,1017.3,0.6,253,1.6,554.0,0.0
A765,11/04/2018,12,25.5,25.5,23.0,77,91,77,21.1,22.1,20.6,1018.0,1018.0,1017.6,0.5,296,1.3,1363.,0.0
A765,11/04/2018,10,20.7,21.3,20.6,95,96,95,19.9,20.6,19.7,1017.3,1017.3,1016.6,0.8,335,2.4,27.62,0.0
A765,11/04/2018,19,28.3,29.2,28.0,65,67,61,21.1,21.8,20.5,1015.8,1015.9,1015.6,1.8,146,5.3,1736.,0.0
A765,11/04/2018,20,27.7,28.5,27.1,68,70,65,21.3,21.6,20.7,1015.9,1015.9,1015.7,1.1,179,4.5,662.1,0.0
A765,11/04/2018,22,24.2,25.7,24.2,87,87,79,21.8,22.5,21.7,1016.2,1016.2,1015.9,0.9,253,2.9,4.030,0.0
A765,11/04/2018,23,24.1,24.3,24.0,89,89,85,22.1,22.2,21.6,1016.6,1016.6,1016.1,1.0,291,2.9,-3.23,0.0
A765,12/04/2018,06,22.0,22.3,21.8,94,95,93,21.0,21.2,20.8,1015.9,1016.2,1015.9,1.5,284,2.7,-3.56,0.0
A765,12/04/2018,08,21.6,21.9,21.4,95,95,94,20.7,21.1,20.5,1015.6,1015.8,1015.5,1.0,251,2.6,-3.53,0.0
A765,12/04/2018,19,28.3,29.6,27.3,71,71,65,22.5,22.6,21.3,1015.3,1015.3,1015.1,2.0,110,4.3,1966.,0.0
A765,12/04/2018,18,27.4,28.7,27.3,70,73,59,21.5,22.3,20.1,1015.3,1016.1,1015.3,1.1,141,4.3,931.4,0.0
A765,12/04/2018,20,27.8,29.0,27.7,72,73,67,22.3,22.7,22.1,1015.7,1015.7,1015.3,1.7,130,4.3,1011.,0.0
A765,12/04/2018,23,23.5,24.4,23.5,89,90,88,21.6,22.5,21.5,1016.4,1016.4,1015.7,1.4,278,2.5,-3.59,0.0
A765,12/04/2018,02,22.7,23.1,22.7,91,91,89,21.1,21.5,20.9,1017.1,1017.3,1017.1,1.5,346,2.8,-3.59,0.0
A765,12/04/2018,01,23.1,23.3,22.8,90,91,89,21.3,21.5,21.1,1017.3,1017.5,1017.1,0.7,288,2.3,-2.51,0.0
A765,12/04/2018,04,22.1,22.2,22.0,95,95,93,21.2,21.3,20.8,1016.6,1017.0,1016.6,0.9,281,1.7,-3.52,0.0
A765,12/04/2018,00,23.4,24.1,23.4,90,91,88,21.6,22.0,21.6,1017.1,1017.1,1016.6,1.0,355,2.2,-3.60,0.0
A765,12/04/2018,07,21.7,22.1,21.6,94,95,94,20.7,21.2,20.6,1015.7,1015.9,1015.5,0.9,251,2.2,-3.57,0.0
A765,12/04/2018,03,22.1,22.8,22.1,93,93,91,20.8,21.4,20.8,1017.0,1017.1,1016.9,0.4,269,2.8,-3.60,0.0
A765,12/04/2018,05,22.2,22.2,22.0,94,95,94,21.2,21.4,20.9,1016.2,1016.6,1016.2,1.0,251,2.1,-3.58,0.0
A765,12/04/2018,10,21.3,21.6,21.3,94,95,94,20.3,20.8,20.3,1016.8,1016.8,1016.0,1.0,264,2.8,17.42,0.0
A765,12/04/2018,11,23.4,23.4,21.2,88,95,88,21.2,21.2,20.2,1017.4,1017.4,1016.8,1.5,198,3.8,424.2,0.0
A765,12/04/2018,09,21.6,21.8,21.3,95,95,94,20.8,20.9,20.3,1016.0,1016.0,1015.6,1.3,269,2.5,-3.55,0.0
A765,12/04/2018,13,27.5,27.5,25.6,66,76,66,20.7,21.3,20.4,1018.2,1018.3,1017.8,1.3,183,3.8,1717.,0.0
A765,12/04/2018,12,25.6,25.6,23.4,74,88,74,20.6,21.2,20.3,1018.0,1018.0,1017.4,2.0,195,3.8,1302.,0.0
A765,12/04/2018,16,29.3,29.4,28.0,63,65,60,21.4,21.5,20.2,1016.7,1017.3,1016.7,2.6,116,5.6,2784.,0.0
A765,12/04/2018,15,29.1,29.2,28.2,61,65,60,20.8,21.6,20.2,1017.3,1017.7,1017.3,2.6,118,5.6,2928.,0.0
A765,12/04/2018,22,24.4,26.4,24.4,88,89,78,22.3,22.9,22.2,1015.9,1015.9,1015.6,1.2,330,1.9,-0.22,0.0
A765,12/04/2018,21,26.4,28.0,26.4,78,78,71,22.2,22.6,22.0,1015.7,1015.8,1015.6,0.7,168,3.5,268.3,0.0
A765,12/04/2018,17,28.3,29.4,27.9,61,67,60,20.2,21.4,20.0,1016.1,1016.7,1016.1,1.5,120,5.5,2118.,0.0
A765,12/04/2018,14,28.2,28.9,27.4,63,67,60,20.4,21.3,19.9,1017.7,1018.3,1017.7,2.3,104,4.7,2601.,0.0
A765,13/04/2018,12,25.3,25.4,23.4,79,91,79,21.4,22.2,21.3,1017.5,1017.6,1017.2,0.5,330,1.9,1283.,0.0
A765,13/04/2018,09,21.7,21.8,21.4,95,95,93,20.8,21.0,20.4,1016.1,1016.1,1015.8,0.9,289,1.8,-3.48,0.0
A765,13/04/2018,18,29.2,30.0,28.9,72,75,70,23.7,24.2,23.3,1015.6,1015.8,1015.5,2.3,133,5.7,2463.,0.0
A765,13/04/2018,17,28.9,29.7,28.4,75,76,70,24.0,24.3,23.1,1015.8,1016.3,1015.8,2.1,146,7.0,2627.,0.0
A765,13/04/2018,19,27.8,29.8,27.6,78,78,71,23.5,24.2,23.1,1015.8,1015.8,1015.5,1.8,162,5.3,1137.,0.0
A765,13/04/2018,21,27.0,27.4,27.0,80,80,78,23.2,23.4,23.1,1016.6,1016.6,1016.1,0.9,147,3.1,140.3,0.0
A765,13/04/2018,20,27.4,28.2,27.4,78,79,75,23.3,23.7,23.2,1016.1,1016.1,1015.8,1.4,160,4.2,578.9,0.0
A765,13/04/2018,00,23.2,23.5,23.1,91,93,89,21.6,22.0,21.5,1016.9,1016.9,1016.4,0.7,268,2.5,-3.59,0.0
A765,13/04/2018,02,23.3,23.3,22.8,94,95,94,22.2,22.2,21.8,1017.3,1017.3,1017.0,0.9,285,2.2,-2.74,0.0
A765,13/04/2018,04,22.5,22.9,22.3,93,93,90,21.3,21.4,20.9,1017.3,1017.7,1017.3,0.7,325,2.0,-3.58,0.0
A765,13/04/2018,01,22.8,23.2,22.5,94,94,91,21.7,21.7,21.2,1017.0,1017.1,1016.9,0.7,254,2.2,-3.53,0.0
A765,13/04/2018,08,21.6,22.0,21.3,93,94,91,20.4,20.7,19.9,1015.8,1016.1,1015.7,0.6,14,1.4,-3.60,0.0
A765,13/04/2018,22,26.0,27.0,26.0,89,89,80,24.0,24.0,23.2,1016.9,1016.9,1016.6,1.0,294,2.1,0.455,0.0
A765,13/04/2018,03,22.7,23.4,22.6,92,94,92,21.3,22.3,21.2,1017.7,1017.7,1017.3,0.8,331,2.0,-3.10,0.0
A765,13/04/2018,05,22.4,22.6,22.4,94,94,92,21.3,21.5,21.1,1016.6,1017.3,1016.6,0.7,317,1.4,-3.51,0.0
A765,13/04/2018,07,22.0,22.0,21.6,92,94,89,20.7,20.9,20.0,1016.1,1016.3,1016.1,0.8,344,2.8,-3.60,0.0
A765,13/04/2018,23,25.3,26.0,25.3,92,92,88,23.8,24.1,23.8,1017.9,1017.9,1016.9,1.0,279,1.5,-3.03,0.0
A765,13/04/2018,06,21.9,22.4,21.9,94,95,94,20.9,21.5,20.9,1016.3,1016.6,1016.3,0.9,337,1.4,-3.44,0.0
A765,13/04/2018,11,23.4,23.4,21.6,91,96,90,21.8,21.8,20.8,1017.2,1017.2,1016.6,0.9,266,2.8,523.0,0.0
A765,13/04/2018,10,21.6,21.7,21.2,95,96,94,20.9,20.9,20.3,1016.6,1016.6,1016.1,1.1,266,1.8,18.35,0.0
A765,13/04/2018,13,28.4,28.6,25.3,66,79,66,21.4,22.4,21.2,1017.9,1017.9,1017.5,2.1,190,4.7,1890.,0.0
A765,13/04/2018,14,29.1,29.3,28.2,71,73,66,23.3,23.5,21.3,1017.6,1018.1,1017.6,2.3,144,5.1,2601.,0.0
A765,13/04/2018,15,29.5,30.1,28.5,70,73,68,23.5,24.2,22.7,1016.9,1017.6,1016.9,2.3,134,4.9,2910.,0.0
A765,13/04/2018,16,29.7,29.9,28.7,72,74,70,24.1,24.3,23.1,1016.3,1016.9,1016.3,2.4,133,5.6,2977.,0.0
A765,14/04/2018,19,24.2,24.4,23.1,91,94,91,22.7,23.1,21.8,1020.4,1020.6,1020.3,2.0,275,5.3,712.7,1.6
A765,14/04/2018,10,23.2,23.3,22.7,94,94,89,22.2,22.2,21.0,1020.2,1020.2,1019.4,0.5,262,1.5,11.41,0.0
A765,14/04/2018,12,26.7,27.0,24.1,78,94,78,22.6,23.7,22.6,1021.3,1021.3,1020.7,1.4,205,2.5,1301.,0.0
A765,14/04/2018,15,27.3,29.0,27.1,75,77,68,22.4,22.9,22.0,1021.4,1021.8,1021.4,1.0,202,5.8,1267.,0.0
A765,14/04/2018,14,29.0,29.5,27.3,70,72,66,22.9,23.2,21.2,1021.8,1021.8,1021.6,2.3,155,5.8,2818.,0.0
A765,14/04/2018,17,23.5,25.6,23.3,93,93,86,22.2,23.5,21.7,1020.5,1020.9,1020.4,2.1,261,5.1,291.4,2.8
A765,14/04/2018,23,22.6,22.8,21.9,95,97,95,21.8,22.1,21.2,1021.4,1021.4,1020.6,1.4,168,5.6,0.628,13.6
A765,14/04/2018,21,24.7,24.8,24.5,93,93,91,23.4,23.5,23.1,1020.3,1020.4,1020.2,1.5,286,2.0,163.9,0.0
A765,14/04/2018,18,23.3,23.7,23.0,94,95,92,22.2,22.6,22.0,1020.5,1020.6,1020.4,2.7,310,5.6,325.8,7.2
A765,14/04/2018,03,23.6,24.0,23.5,93,93,90,22.3,22.5,22.1,1019.1,1019.2,1019.1,0.9,311,1.5,-3.56,0.0
A765,14/04/2018,22,22.0,24.7,21.9,96,96,92,21.2,23.4,21.2,1020.6,1020.6,1020.3,2.9,198,7.8,3.838,13.6
A765,14/04/2018,20,24.6,24.8,24.0,91,92,90,23.1,23.3,22.4,1020.4,1020.5,1020.2,0.8,275,3.0,512.2,0.0
A765,14/04/2018,02,23.8,24.2,23.6,93,93,89,22.5,22.6,22.0,1019.2,1019.3,1019.1,0.7,263,1.5,-3.41,0.0
A765,14/04/2018,05,23.8,24.0,23.4,95,95,94,22.9,23.2,22.5,1019.1,1019.1,1018.9,0.7,262,2.8,-3.19,0.0
A765,14/04/2018,01,24.2,24.9,24.2,91,94,91,22.6,23.5,22.6,1019.2,1019.3,1019.0,0.8,280,2.4,-3.44,0.0
A765,14/04/2018,06,23.6,23.8,23.6,95,95,95,22.8,23.1,22.8,1019.0,1019.1,1018.8,0.9,287,2.0,-3.22,0.0
A765,14/04/2018,00,24.9,25.3,24.8,92,92,92,23.5,23.9,23.4,1019.1,1019.1,1017.9,0.8,202,2.1,-3.59,0.0
A765,14/04/2018,08,22.5,23.5,22.5,93,95,93,21.3,22.7,21.3,1018.9,1018.9,1018.4,0.9,335,1.9,-3.42,0.0
A765,14/04/2018,09,22.9,23.1,22.5,90,93,89,21.1,21.6,21.1,1019.4,1019.4,1018.8,0.3,208,1.9,-3.59,0.0
A765,14/04/2018,07,23.5,23.7,23.3,95,95,94,22.6,22.8,22.3,1018.6,1019.0,1018.5,0.9,298,1.8,-3.56,0.0
A765,14/04/2018,04,23.5,23.6,23.3,94,94,93,22.6,22.6,22.3,1019.0,1019.1,1018.9,0.7,259,2.5,-3.42,0.0
A765,14/04/2018,11,24.1,24.1,23.1,94,95,94,23.1,23.1,22.2,1020.7,1020.7,1020.2,0.9,296,1.9,319.1,0.0
A765,14/04/2018,16,25.0,27.7,24.9,89,89,73,23.1,23.2,22.3,1020.8,1021.4,1020.8,1.1,209,6.0,568.0,0.8
A765,14/04/2018,13,27.7,28.2,26.7,70,79,70,21.8,23.0,21.7,1021.6,1021.6,1021.2,0.5,349,3.4,1780.,0.0
A765,15/04/2018,06,22.6,23.2,22.5,95,95,92,21.7,22.3,21.6,1020.7,1021.0,1020.5,1.3,217,5.4,0.043,4.8
A765,15/04/2018,12,21.7,22.0,21.6,97,97,95,21.2,21.4,21.1,1022.9,1023.0,1022.4,2.8,352,6.3,17.56,23.0
A765,15/04/2018,17,21.8,22.1,21.4,95,96,94,21.0,21.3,20.4,1022.5,1023.0,1022.3,1.5,53,5.3,311.3,5.0
A765,15/04/2018,14,21.5,22.2,21.1,97,97,96,20.9,21.6,20.4,1024.2,1024.3,1023.5,1.1,68,8.3,69.73,16.6
A765,15/04/2018,13,21.9,22.0,21.6,97,97,97,21.4,21.5,21.0,1023.5,1023.5,1022.8,1.3,152,4.9,48.65,10.6
A765,15/04/2018,18,22.0,22.1,21.7,93,95,93,20.9,21.1,20.9,1022.2,1022.6,1022.0,1.4,302,5.0,224.2,2.2
A765,15/04/2018,16,21.5,21.6,20.5,94,96,94,20.5,20.9,19.8,1023.0,1023.8,1023.0,2.8,288,4.4,202.7,14.8
A765,15/04/2018,19,22.1,22.3,21.9,95,95,93,21.2,21.3,20.9,1022.1,1022.3,1022.0,0.7,220,3.0,216.9,2.2
A765,15/04/2018,15,21.5,21.7,21.4,96,97,96,20.9,21.1,20.7,1023.7,1024.3,1023.5,1.5,254,3.2,160.0,3.6
A765,15/04/2018,04,23.8,24.2,23.5,92,93,87,22.5,22.5,21.6,1020.9,1021.6,1020.8,2.4,151,6.9,1.550,1.4
A765,15/04/2018,00,23.2,23.3,22.5,95,96,95,22.4,22.5,21.7,1021.8,1021.8,1021.4,0.7,236,3.4,0.021,0.4
A765,15/04/2018,03,23.5,23.7,23.0,89,96,89,21.6,22.6,21.5,1021.6,1021.7,1021.3,1.0,167,4.1,1.424,0.4
A765,15/04/2018,08,22.5,22.6,22.2,94,95,93,21.5,21.7,21.2,1021.1,1021.5,1020.9,1.7,311,2.7,0.232,4.4
A765,15/04/2018,23,22.2,23.3,22.1,91,91,83,20.6,20.7,20.1,1022.3,1022.4,1022.1,0.8,301,4.4,0.199,0.0
A765,15/04/2018,21,23.0,23.0,22.5,89,94,89,21.1,21.6,21.1,1021.9,1022.0,1021.6,4.6,117,10.1,27.58,1.0
A765,15/04/2018,22,23.3,23.4,22.8,83,89,83,20.2,20.9,20.1,1022.1,1022.1,1021.9,1.7,111,10.0,4.727,0.0
A765,15/04/2018,20,22.6,22.6,22.0,94,95,93,21.5,21.7,21.0,1022.0,1022.1,1021.8,3.2,130,7.4,104.5,4.0
A765,15/04/2018,02,23.1,23.4,23.1,95,96,95,22.3,22.7,22.3,1021.5,1021.5,1021.2,1.2,259,2.3,0.342,0.0
A765,15/04/2018,01,23.2,23.3,23.1,96,96,95,22.5,22.6,22.3,1021.3,1021.9,1021.3,0.8,259,2.0,0.339,0.2
A765,15/04/2018,11,22.0,22.1,21.5,96,96,95,21.2,21.4,20.6,1022.4,1022.4,1021.5,1.4,314,3.0,20.67,6.4
A765,15/04/2018,05,22.9,23.9,22.9,92,93,91,21.6,22.5,21.6,1020.9,1021.3,1020.9,1.8,161,8.7,0.085,0.8
A765,15/04/2018,07,22.3,22.6,22.3,94,96,93,21.2,21.8,21.2,1020.9,1020.9,1020.5,0.6,225,5.6,0.694,5.6
A765,15/04/2018,09,22.3,22.5,22.2,93,94,93,21.1,21.5,21.0,1021.2,1021.2,1021.0,1.9,308,2.9,0.108,3.2
A765,15/04/2018,10,21.5,22.2,21.4,94,95,92,20.5,21.1,20.4,1021.6,1021.6,1021.2,1.0,271,2.9,2.346,5.6
A765,16/04/2018,07,20.7,21.1,20.5,93,96,93,19.5,20.3,19.5,1021.6,1021.7,1021.6,3.5,127,11.2,1.237,9.2
A765,16/04/2018,00,21.8,22.3,21.8,93,93,90,20.6,20.7,20.5,1022.4,1022.4,1022.2,0.8,339,2.0,0.928,0.0
A765,16/04/2018,19,22.2,22.4,20.0,84,91,82,19.2,19.4,18.4,1021.7,1022.2,1021.6,1.7,140,5.4,655.4,0.0
A765,16/04/2018,03,21.6,22.0,21.4,94,96,94,20.6,21.1,20.6,1022.6,1022.7,1022.5,4.1,131,10.6,1.057,7.6
A765,16/04/2018,22,20.7,21.4,20.7,94,94,88,19.7,19.8,19.3,1021.7,1021.8,1021.5,1.4,241,3.3,0.740,0.0
A765,16/04/2018,09,20.1,20.2,20.0,95,96,95,19.3,19.5,19.2,1021.7,1021.7,1021.4,1.7,311,3.9,0.986,2.0
A765,16/04/2018,10,20.2,20.3,20.0,94,95,94,19.1,19.3,19.0,1022.0,1022.0,1021.6,0.9,330,2.7,8.366,0.2
A765,16/04/2018,17,24.5,24.9,24.4,69,74,68,18.5,19.7,18.4,1022.2,1022.8,1022.2,0.6,19,3.2,860.8,0.0
A765,16/04/2018,11,20.8,20.8,20.1,93,94,92,19.6,19.6,19.1,1022.6,1022.6,1022.0,1.3,145,2.6,128.4,0.0
A765,16/04/2018,23,20.4,20.9,20.4,93,94,92,19.3,19.8,19.2,1022.2,1022.2,1021.7,0.9,241,3.4,-2.41,0.0
A765,16/04/2018,12,21.0,21.3,20.6,91,93,86,19.5,19.7,18.7,1023.4,1023.4,1022.6,1.2,284,6.5,332.4,0.6
A765,16/04/2018,14,23.6,23.7,22.2,72,83,72,18.3,19.2,18.3,1023.9,1024.2,1023.9,0.8,313,3.3,1155.,0.0
A765,16/04/2018,13,22.2,22.2,21.0,83,91,81,19.2,19.9,18.6,1024.0,1024.0,1023.4,1.6,323,5.1,754.2,0.0
A765,16/04/2018,16,24.6,25.0,24.4,72,73,68,19.2,19.6,18.3,1022.8,1023.4,1022.8,1.9,85,4.1,946.3,0.0
A765,16/04/2018,15,24.6,25.1,23.5,69,75,65,18.6,19.3,18.0,1023.4,1023.9,1023.3,1.4,16,3.3,1498.,0.0
A765,16/04/2018,20,21.7,22.2,21.6,87,89,83,19.3,19.7,19.1,1021.8,1021.8,1021.6,1.9,328,4.8,225.1,0.0
A765,16/04/2018,01,21.7,22.1,21.6,94,95,93,20.7,21.1,20.6,1022.7,1022.8,1022.4,3.1,134,8.9,0.374,11.8
A765,16/04/2018,18,20.1,24.8,19.4,90,91,68,18.4,19.4,17.4,1022.2,1022.5,1022.0,2.0,269,11.5,460.1,3.6
A765,16/04/2018,02,22.0,22.2,21.6,95,95,94,21.1,21.3,20.7,1022.5,1022.8,1022.5,4.5,137,9.2,0.560,5.6
A765,16/04/2018,04,21.6,21.9,21.5,93,95,93,20.4,21.0,20.4,1022.3,1022.7,1022.3,4.2,124,10.0,1.285,3.2
A765,16/04/2018,06,20.9,22.0,20.9,94,94,88,20.0,20.4,19.8,1021.6,1021.9,1021.6,4.0,122,10.4,0.610,2.0
A765,16/04/2018,05,22.0,22.2,21.6,90,93,86,20.2,20.6,19.6,1021.9,1022.3,1021.9,4.4,124,10.2,2.767,0.2
A765,16/04/2018,08,20.1,21.0,20.1,96,96,92,19.4,19.8,19.3,1021.6,1021.6,1021.3,1.1,66,6.9,0.955,7.6
A765,16/04/2018,21,21.4,21.7,21.4,88,88,86,19.3,19.5,19.1,1021.7,1021.8,1021.5,0.6,223,3.3,80.21,0.0
A765,17/04/2018,07,19.7,20.0,19.6,96,97,96,19.2,19.4,19.1,1021.4,1021.5,1021.2,0.5,323,2.2,-0.13,0.8
A765,17/04/2018,15,24.9,26.1,24.9,67,69,61,18.5,19.6,17.5,1023.1,1023.5,1023.1,1.4,122,3.8,2139.,0.0
A765,17/04/2018,05,19.4,19.4,19.0,96,97,96,18.7,18.8,18.5,1022.0,1022.4,1021.9,0.4,209,1.5,0.144,0.2
A765,17/04/2018,04,19.1,19.3,19.0,97,97,96,18.5,18.7,18.5,1022.3,1022.5,1022.3,0.8,340,1.6,-2.28,0.0
A765,17/04/2018,02,20.0,20.2,19.9,96,96,96,19.3,19.5,19.3,1022.3,1022.6,1022.2,0.5,262,2.5,-1.55,0.0
A765,17/04/2018,13,24.8,24.9,23.5,65,80,65,17.8,19.7,17.8,1023.4,1023.4,1022.9,1.5,130,3.4,1479.,0.0
A765,17/04/2018,11,21.1,21.1,19.8,95,96,95,20.3,20.3,19.2,1022.5,1022.5,1022.0,0.5,263,1.7,329.5,0.0
A765,17/04/2018,10,19.8,19.9,19.7,96,96,95,19.2,19.3,18.9,1022.0,1022.0,1021.5,0.7,197,1.8,10.24,0.0
A765,17/04/2018,14,25.4,25.8,24.7,63,68,62,17.7,19.2,17.5,1023.4,1023.4,1023.3,1.3,112,4.5,2518.,0.0
A765,17/04/2018,01,20.2,20.3,19.9,96,96,95,19.5,19.7,19.2,1022.6,1022.6,1022.3,0.9,13,2.5,-1.48,0.4
A765,17/04/2018,03,19.3,20.0,19.3,97,97,96,18.7,19.3,18.7,1022.4,1022.4,1022.1,0.7,348,1.6,-3.35,0.0
A765,17/04/2018,08,20.0,20.1,19.7,95,96,95,19.1,19.4,19.0,1021.2,1021.4,1021.0,1.1,300,3.0,-1.45,0.0
A765,17/04/2018,12,23.5,23.5,21.1,80,95,80,19.8,20.8,19.7,1022.9,1022.9,1022.5,0.7,289,2.0,1157.,0.0
A765,17/04/2018,00,20.0,20.5,20.0,95,95,93,19.2,19.4,19.1,1022.4,1022.6,1022.1,0.3,325,1.9,-3.20,0.0
A765,17/04/2018,19,26.7,27.4,26.3,64,64,58,19.3,19.9,18.0,1021.5,1021.8,1021.5,3.0,125,6.2,1892.,0.0
A765,17/04/2018,17,25.7,26.6,23.6,63,78,60,18.1,20.0,17.8,1022.3,1023.0,1022.2,2.0,115,9.3,1903.,0.0
A765,17/04/2018,16,23.6,25.3,23.2,78,83,66,19.5,20.6,18.2,1023.0,1023.1,1022.6,4.2,131,10.3,1245.,0.0
A765,17/04/2018,20,26.0,27.2,26.0,63,65,61,18.5,19.7,18.5,1021.5,1021.5,1021.4,1.9,123,6.2,1268.,0.0
A765,17/04/2018,18,27.0,27.5,25.5,61,64,56,18.8,19.3,17.2,1021.8,1022.3,1021.8,1.6,113,4.9,2021.,0.0
A765,17/04/2018,21,22.8,26.1,22.8,82,82,61,19.7,19.7,17.8,1021.9,1021.9,1021.5,1.2,309,4.7,160.1,0.0
A765,17/04/2018,22,21.5,22.8,21.5,87,88,83,19.2,20.0,19.2,1021.9,1022.0,1021.8,1.7,293,3.3,-0.68,0.0
A765,17/04/2018,23,20.5,21.9,20.5,91,91,84,19.0,19.3,18.9,1022.4,1022.4,1021.9,0.6,308,3.3,-3.60,0.0
A765,17/04/2018,09,19.8,20.0,19.8,95,95,94,19.0,19.2,19.0,1021.5,1021.5,1021.1,0.6,215,2.1,-0.85,0.0
A765,17/04/2018,06,19.8,19.8,19.3,96,96,96,19.2,19.2,18.7,1021.4,1022.0,1021.4,0.5,310,1.2,-0.76,0.0
A765,18/04/2018,08,17.8,18.0,17.6,94,96,92,16.8,17.2,16.4,1022.5,1022.5,1022.2,0.7,262,3.4,-3.56,0.0
A765,18/04/2018,11,19.1,19.1,17.5,90,95,90,17.4,17.5,16.7,1023.2,1023.2,1022.6,0.7,301,1.4,495.4,0.0
A765,18/04/2018,07,17.7,18.2,17.7,95,96,95,16.9,17.4,16.9,1022.3,1022.6,1022.2,0.8,319,2.4,-3.57,0.0
A765,18/04/2018,20,26.6,27.0,26.1,56,58,52,17.0,17.7,15.9,1020.7,1020.9,1020.7,1.1,139,4.2,1082.,0.0
A765,18/04/2018,09,17.7,17.9,17.3,95,96,94,17.0,17.0,16.5,1022.4,1022.5,1022.4,1.0,254,2.3,-3.50,0.0
A765,18/04/2018,13,25.1,25.3,21.6,59,79,56,16.4,18.6,15.8,1023.9,1023.9,1023.5,1.2,110,2.4,1943.,0.0
A765,18/04/2018,12,21.6,21.6,19.1,79,90,78,17.7,18.8,17.3,1023.5,1023.5,1023.2,0.6,310,1.4,1293.,0.0
A765,18/04/2018,14,26.4,26.4,25.0,55,60,51,16.6,17.1,15.0,1023.7,1023.9,1023.7,1.7,115,3.5,2626.,0.0
A765,18/04/2018,16,26.7,27.0,25.6,60,63,59,18.3,19.0,17.3,1022.0,1022.9,1022.0,2.0,119,4.6,3062.,0.0
A765,18/04/2018,17,26.6,27.3,26.3,58,64,53,17.6,19.0,16.8,1021.3,1022.0,1021.3,2.0,124,5.2,2896.,0.0
A765,18/04/2018,15,26.0,26.7,25.3,61,62,54,18.0,18.0,15.8,1022.9,1023.7,1022.9,2.0,121,4.1,2967.,0.2
A765,18/04/2018,18,26.6,27.4,26.3,59,60,52,18.0,18.2,16.5,1020.9,1021.3,1020.9,1.5,115,4.6,2484.,0.0
A765,18/04/2018,22,21.0,23.0,21.0,85,85,73,18.3,18.6,17.8,1021.0,1021.0,1020.7,0.7,266,2.7,-1.45,0.0
A765,18/04/2018,19,27.0,27.3,26.6,55,59,52,17.1,18.2,16.5,1020.8,1020.9,1020.8,2.1,129,4.2,1850.,0.0
A765,18/04/2018,21,23.0,26.6,23.0,75,75,56,18.2,18.7,17.4,1020.7,1020.8,1020.7,1.6,336,5.9,260.7,0.0
A765,18/04/2018,23,20.1,21.1,20.1,88,88,84,18.1,18.8,18.0,1021.2,1021.2,1021.0,0.6,293,2.4,-3.60,0.0
A765,18/04/2018,00,20.1,20.7,19.9,93,93,90,18.8,19.3,18.6,1023.0,1023.0,1022.4,0.5,12,1.6,-3.59,0.0
A765,18/04/2018,01,19.8,20.1,19.7,94,94,92,18.8,18.9,18.5,1023.2,1023.3,1023.0,0.4,343,1.4,-3.60,0.0
A765,18/04/2018,05,18.5,18.7,18.4,95,96,95,17.8,18.0,17.6,1023.0,1023.0,1022.8,1.3,295,2.0,-3.59,0.0
A765,18/04/2018,04,18.6,19.3,18.6,95,95,93,17.8,18.2,17.7,1023.0,1023.2,1023.0,0.7,301,1.4,-3.60,0.0
A765,18/04/2018,10,17.5,17.9,17.2,95,96,95,16.7,17.1,16.4,1022.6,1022.6,1022.3,0.6,281,1.9,16.94,0.0
A765,18/04/2018,03,19.2,20.1,19.2,93,93,90,18.1,18.5,17.9,1023.2,1023.3,1023.1,0.3,51,2.3,-3.60,0.0
A765,18/04/2018,02,19.8,20.1,19.8,91,94,91,18.3,18.9,18.3,1023.3,1023.3,1023.2,1.0,328,1.9,-3.60,0.0
A765,18/04/2018,06,18.1,18.6,18.1,95,95,95,17.3,17.9,17.2,1022.6,1023.0,1022.6,1.2,347,2.4,-3.59,0.0
A765,19/04/2018,05,17.8,18.7,17.8,94,95,94,16.9,17.8,16.9,1021.0,1021.5,1021.0,0.7,332,2.3,-3.60,0.0
A765,19/04/2018,08,17.7,17.8,17.2,96,96,95,17.1,17.2,16.4,1019.9,1020.0,1019.8,0.9,278,1.8,-3.59,0.0
A765,19/04/2018,06,17.8,17.9,17.4,95,95,94,17.0,17.2,16.6,1020.5,1021.0,1020.5,0.7,274,1.8,-3.59,0.0
A765,19/04/2018,14,25.8,26.0,24.1,63,65,58,18.2,18.4,16.4,1020.5,1020.9,1020.5,1.6,131,3.5,2579.,0.0
A765,19/04/2018,09,17.7,17.9,17.4,96,96,96,17.1,17.3,16.8,1020.0,1020.0,1019.8,0.9,265,2.3,-3.59,0.0
A765,19/04/2018,07,17.8,18.1,17.3,96,96,95,17.1,17.4,16.5,1020.0,1020.5,1020.0,1.0,294,2.3,-3.55,0.0
A765,19/04/2018,10,17.4,17.8,17.2,96,96,96,16.8,17.2,16.6,1020.2,1020.2,1019.9,0.6,268,1.7,17.52,0.0
A765,19/04/2018,11,20.1,20.1,17.4,93,96,93,18.9,18.9,16.8,1020.5,1020.5,1020.2,0.5,215,1.7,528.5,0.0
A765,19/04/2018,12,22.3,22.4,20.1,75,93,75,17.7,19.3,17.7,1020.8,1020.8,1020.5,1.0,221,2.8,1217.,0.0
A765,19/04/2018,15,25.7,26.7,25.6,64,65,59,18.4,19.0,17.5,1019.9,1020.5,1019.9,2.9,155,5.6,2901.,0.2
A765,19/04/2018,13,24.1,24.4,22.3,61,76,61,16.1,18.2,16.1,1020.9,1020.9,1020.7,1.8,193,3.5,1919.,0.0
A765,19/04/2018,17,25.8,26.2,25.5,64,65,61,18.4,18.8,17.9,1018.9,1019.3,1018.9,3.4,156,6.7,2803.,0.0
A765,19/04/2018,22,22.1,23.6,22.1,89,89,77,20.2,20.2,19.1,1019.4,1019.4,1019.3,0.5,316,1.7,-1.79,0.0
A765,19/04/2018,21,23.6,25.0,23.6,77,77,68,19.3,19.3,18.4,1019.3,1019.3,1018.8,0.6,8,3.4,196.6,0.0
A765,19/04/2018,19,25.5,26.6,25.2,68,68,62,19.2,19.2,18.0,1018.6,1018.6,1018.5,1.9,151,5.3,1525.,0.0
A765,19/04/2018,18,26.3,26.4,25.6,63,65,61,18.7,18.9,17.8,1018.6,1018.9,1018.6,2.3,157,6.2,2308.,0.0
A765,19/04/2018,23,21.0,22.1,21.0,92,92,89,19.6,20.2,19.6,1019.4,1019.4,1019.3,1.0,317,1.7,-3.60,0.0
A765,19/04/2018,20,24.9,25.8,24.9,69,70,65,18.8,19.4,18.4,1018.8,1018.8,1018.6,1.6,161,4.3,830.0,0.0
A765,19/04/2018,00,19.5,20.1,19.3,90,92,88,17.8,18.3,17.7,1021.6,1021.6,1021.2,0.7,13,1.6,-3.60,0.0
A765,19/04/2018,16,25.9,26.7,25.6,64,65,61,18.7,19.0,17.9,1019.3,1019.9,1019.3,3.7,155,7.2,2994.,0.0
A765,19/04/2018,02,18.4,18.9,18.4,94,94,91,17.3,17.5,16.9,1021.6,1021.7,1021.6,0.9,290,1.7,-3.60,0.0
A765,19/04/2018,04,18.4,18.6,18.2,94,95,93,17.5,17.8,17.1,1021.5,1021.7,1021.5,0.9,283,2.6,-3.59,0.0
A765,19/04/2018,03,18.6,18.6,18.3,94,95,94,17.6,17.7,17.3,1021.7,1021.7,1021.6,1.2,279,2.1,-3.60,0.0
A765,19/04/2018,01,18.5,19.8,18.5,91,91,84,17.0,17.7,17.0,1021.6,1021.8,1021.6,0.4,197,2.5,-3.60,0.0
A765,20/04/2018,04,17.8,18.2,17.5,87,93,87,15.6,17.0,15.6,1018.7,1019.1,1018.7,0.9,360,1.7,-3.60,0.0
A765,20/04/2018,12,21.9,21.9,18.6,78,92,78,18.0,18.3,17.1,1018.9,1018.9,1018.5,0.7,262,1.4,1326.,0.0
A765,20/04/2018,05,17.3,17.9,17.1,93,93,85,16.1,16.1,15.1,1018.3,1018.8,1018.3,0.8,283,2.1,-3.60,0.0
A765,20/04/2018,06,17.4,17.8,17.2,95,96,93,16.7,17.1,16.2,1018.1,1018.3,1018.1,1.1,268,1.8,-3.60,0.0
A765,20/04/2018,08,16.6,17.2,16.2,95,95,93,15.7,16.4,15.1,1017.5,1017.6,1017.4,0.8,295,2.0,-3.56,0.0
A765,20/04/2018,09,17.1,17.1,16.6,96,96,94,16.3,16.4,15.8,1017.6,1017.6,1017.4,1.2,292,2.0,-3.60,0.0
A765,20/04/2018,22,22.4,23.7,22.4,88,89,77,20.3,20.5,19.5,1016.8,1016.9,1016.8,1.3,321,1.9,-1.42,0.0
A765,20/04/2018,11,18.6,18.6,17.2,91,96,91,17.1,17.2,16.5,1018.5,1018.5,1018.2,0.8,275,2.2,499.8,0.0
A765,20/04/2018,10,17.2,17.2,16.8,96,96,95,16.5,16.5,16.1,1018.2,1018.2,1017.6,1.1,276,2.1,20.28,0.0
A765,20/04/2018,13,23.8,24.7,21.9,72,80,69,18.4,19.2,16.9,1019.1,1019.2,1018.9,0.5,316,2.2,1922.,0.0
A765,20/04/2018,00,20.4,21.1,20.4,91,93,91,19.0,19.8,18.9,1019.4,1019.5,1019.4,1.3,286,2.2,-3.60,0.0
A765,20/04/2018,17,25.9,26.4,25.3,67,71,66,19.2,20.3,18.8,1016.6,1017.5,1016.6,2.5,156,6.7,2747.,0.0
A765,20/04/2018,15,26.3,26.6,25.5,65,72,64,19.2,20.1,18.4,1018.3,1018.9,1018.3,2.2,121,4.7,2875.,0.0
A765,20/04/2018,23,21.3,22.4,21.3,92,92,88,19.9,20.5,19.9,1017.1,1017.1,1016.7,1.1,303,1.9,-3.60,0.0
A765,20/04/2018,21,23.7,24.0,23.7,77,78,76,19.5,19.7,19.3,1016.9,1016.9,1016.7,0.4,235,4.3,109.0,0.0
A765,20/04/2018,19,26.2,26.6,24.6,69,74,67,20.1,20.6,19.0,1016.1,1016.3,1016.1,1.3,125,5.0,1273.,0.0
A765,20/04/2018,16,25.9,26.6,25.4,66,67,60,19.1,19.6,17.3,1017.5,1018.3,1017.5,2.9,157,5.9,2989.,0.0
A765,20/04/2018,20,24.0,26.3,24.0,76,76,68,19.5,20.2,19.3,1016.7,1016.7,1016.1,2.1,157,4.0,576.2,0.0
A765,20/04/2018,18,24.7,26.2,24.7,70,73,67,19.0,20.4,18.8,1016.2,1016.6,1016.2,2.6,159,5.2,1410.,0.0
A765,20/04/2018,14,25.5,25.7,23.8,71,74,69,19.9,20.1,18.6,1018.9,1019.1,1018.9,2.1,108,4.2,2612.,0.0
A765,20/04/2018,01,19.8,20.4,19.8,91,93,91,18.3,19.0,18.2,1019.4,1019.5,1019.4,1.0,294,2.2,-3.60,0.0
A765,20/04/2018,02,19.0,19.8,18.9,93,93,90,17.7,18.3,17.5,1019.3,1019.5,1019.3,0.6,332,1.5,-3.60,0.0
A765,20/04/2018,03,17.8,19.0,17.7,92,93,88,16.5,17.8,16.0,1019.1,1019.3,1019.1,0.5,320,1.4,-3.60,0.0
A765,20/04/2018,07,17.2,17.6,17.2,95,96,95,16.4,16.9,16.4,1017.6,1018.1,1017.6,1.2,315,2.2,-3.59,0.0
A765,21/04/2018,08,17.3,17.7,16.8,96,96,94,16.6,16.9,15.8,1016.2,1016.3,1016.1,1.0,289,1.7,-3.58,0.0
A765,21/04/2018,04,18.2,18.8,18.2,93,95,93,17.2,17.9,17.2,1017.5,1017.5,1017.4,1.4,332,2.0,-3.59,0.0
A765,21/04/2018,02,18.9,19.7,18.9,88,92,88,16.9,18.4,16.9,1017.8,1017.8,1017.7,0.5,328,1.4,-3.60,0.0
A765,21/04/2018,06,17.6,17.9,17.2,95,95,90,16.8,17.1,15.7,1016.4,1017.0,1016.4,0.8,285,1.3,-3.60,0.0
A765,21/04/2018,11,18.9,18.9,17.0,89,95,89,17.1,17.5,16.1,1017.6,1017.6,1017.1,0.6,19,1.7,366.1,0.0
A765,21/04/2018,07,17.6,18.0,17.5,95,96,95,16.8,17.3,16.7,1016.3,1016.4,1016.2,1.0,312,2.2,-3.59,0.0
A765,21/04/2018,13,23.2,24.0,20.8,73,87,71,18.0,18.9,17.9,1018.1,1018.1,1017.9,0.8,139,1.9,1474.,0.0
A765,21/04/2018,16,26.1,26.6,25.5,65,66,60,18.9,19.5,17.7,1016.9,1017.4,1016.9,2.3,126,5.2,2957.,0.0
A765,21/04/2018,09,17.2,17.4,16.7,89,96,89,15.5,16.8,15.4,1016.7,1016.7,1016.2,1.1,302,2.2,-3.42,0.0
A765,21/04/2018,21,23.2,24.1,23.2,77,77,70,19.0,19.0,18.2,1016.2,1016.2,1016.1,1.4,294,2.9,41.34,0.0
A765,21/04/2018,10,17.0,17.3,16.5,95,95,88,16.1,16.3,15.2,1017.1,1017.1,1016.7,1.3,299,1.9,9.331,0.0
A765,21/04/2018,22,22.7,23.2,22.7,82,83,78,19.4,19.7,19.0,1016.3,1016.3,1016.1,0.8,283,2.1,-1.87,0.0
A765,21/04/2018,18,25.6,26.5,25.3,67,68,63,19.0,19.7,18.1,1015.9,1016.3,1015.9,2.1,109,5.0,2179.,0.0
A765,21/04/2018,12,20.8,20.8,18.9,87,89,81,18.6,18.6,16.6,1017.9,1017.9,1017.6,0.8,292,1.7,950.8,0.0
A765,21/04/2018,14,25.3,25.4,23.2,64,74,61,18.1,19.0,17.0,1017.8,1018.2,1017.8,1.5,88,3.1,2572.,0.0
A765,21/04/2018,15,26.1,26.2,25.2,62,67,61,18.4,19.2,17.4,1017.4,1017.8,1017.4,2.5,117,4.8,2857.,0.2
A765,21/04/2018,19,24.9,26.3,24.9,65,67,61,17.9,19.4,17.9,1015.8,1015.9,1015.7,2.1,130,4.2,1393.,0.0
A765,21/04/2018,17,25.9,26.7,25.7,67,67,62,19.2,19.7,18.3,1016.3,1016.9,1016.3,2.2,128,5.6,2756.,0.0
A765,21/04/2018,20,24.0,24.9,24.0,71,72,65,18.4,18.7,17.8,1016.1,1016.1,1015.8,0.9,141,4.2,238.2,0.0
A765,21/04/2018,23,22.4,22.7,22.2,82,85,82,19.2,19.9,19.2,1016.5,1016.5,1016.2,1.4,297,1.8,-1.84,0.0
A765,21/04/2018,03,18.8,19.0,18.7,93,94,88,17.7,17.9,16.8,1017.5,1017.8,1017.5,0.7,303,1.3,-3.60,0.0
A765,21/04/2018,00,20.6,21.3,20.6,89,93,88,18.7,20.0,18.6,1017.6,1017.6,1017.1,1.2,278,2.5,-3.60,0.0
A765,21/04/2018,01,19.6,20.6,19.6,92,92,88,18.2,18.7,18.2,1017.7,1017.7,1017.6,0.5,289,2.4,-3.60,0.0
A765,21/04/2018,05,17.3,19.2,17.3,89,94,82,15.5,17.3,15.4,1017.0,1017.5,1017.0,0.6,258,3.2,-3.60,0.0
A765,22/04/2018,02,20.8,21.4,20.7,91,91,88,19.2,19.5,19.1,1016.5,1016.8,1016.5,0.5,229,1.8,-2.68,0.0
A765,22/04/2018,01,21.4,22.0,21.3,88,89,87,19.3,19.9,19.2,1016.8,1016.9,1016.7,1.1,317,2.0,-2.42,0.0
A765,22/04/2018,04,20.9,20.9,20.4,92,94,92,19.6,19.6,19.2,1016.3,1016.5,1016.3,0.8,250,1.6,-2.70,0.0
A765,22/04/2018,09,19.0,19.5,19.0,96,96,95,18.3,18.8,18.3,1015.8,1015.8,1015.3,0.8,309,1.5,-3.57,0.0
A765,22/04/2018,05,20.5,20.9,20.4,94,94,92,19.4,19.6,19.3,1016.0,1016.3,1016.0,0.8,330,1.7,-2.92,0.0
A765,22/04/2018,06,20.1,20.6,20.0,94,94,93,19.1,19.5,19.1,1015.7,1016.0,1015.7,0.4,356,1.6,-3.28,0.0
A765,22/04/2018,08,19.3,19.9,19.3,96,96,95,18.6,19.2,18.6,1015.3,1015.4,1015.2,0.5,262,2.0,-3.51,0.0
A765,22/04/2018,07,19.7,20.1,19.6,95,95,94,18.9,19.3,18.9,1015.4,1015.7,1015.4,0.6,300,1.2,-3.52,0.0
A765,22/04/2018,10,19.1,19.2,18.9,96,96,96,18.5,18.6,18.3,1016.4,1016.4,1015.8,0.6,265,1.5,12.89,0.0
A765,22/04/2018,12,22.8,23.2,20.4,84,93,83,20.0,20.8,19.3,1017.6,1017.6,1017.0,1.1,273,2.3,1058.,0.0
A765,22/04/2018,11,20.4,20.4,19.1,93,96,93,19.3,19.3,18.5,1017.0,1017.0,1016.4,0.6,316,2.0,407.2,0.0
A765,22/04/2018,15,26.0,26.9,25.6,65,68,63,19.0,20.0,18.5,1017.3,1017.8,1017.3,2.1,135,4.8,2435.,0.0
A765,22/04/2018,13,25.7,25.7,22.8,69,85,68,19.5,20.4,18.8,1018.1,1018.1,1017.6,1.0,81,3.3,1670.,0.0
A765,22/04/2018,16,26.3,26.6,25.8,67,69,64,19.7,19.9,18.9,1016.6,1017.3,1016.6,1.7,119,4.5,1569.,0.0
A765,22/04/2018,19,26.1,26.3,25.3,67,74,67,19.5,20.8,19.5,1015.4,1015.7,1015.4,0.7,230,2.8,1050.,0.0
A765,22/04/2018,14,26.0,26.7,25.5,65,70,62,18.9,19.7,18.4,1017.8,1018.1,1017.8,2.0,132,4.1,2414.,0.0
A765,22/04/2018,18,25.3,25.8,25.3,71,73,69,19.8,20.3,19.6,1015.7,1016.0,1015.7,1.3,131,3.9,749.1,0.0
A765,22/04/2018,17,25.4,26.6,25.4,71,71,66,19.8,20.3,19.0,1016.0,1016.6,1016.0,2.0,153,4.5,1259.,0.0
A765,22/04/2018,20,25.5,26.5,25.5,73,73,65,20.2,20.2,18.9,1015.6,1015.6,1015.3,1.2,121,2.7,844.5,0.0
A765,22/04/2018,00,22.0,22.5,21.9,88,88,81,19.8,19.9,19.1,1016.8,1016.8,1016.5,0.5,350,1.8,-1.19,0.0
A765,22/04/2018,22,22.0,23.5,22.0,91,91,83,20.5,20.9,20.4,1016.1,1016.1,1015.7,1.0,282,1.9,-1.98,0.0
A765,22/04/2018,23,21.3,22.0,21.3,93,93,91,20.1,20.5,20.0,1016.9,1016.9,1016.1,1.0,284,1.8,-3.60,0.0
A765,22/04/2018,21,23.5,25.6,23.5,83,84,73,20.5,20.7,20.1,1015.7,1015.7,1015.5,1.0,289,2.5,133.5,0.0
A765,22/04/2018,03,20.4,20.9,20.4,93,93,91,19.2,19.4,19.1,1016.4,1016.6,1016.4,0.6,288,1.2,-3.36,0.0
A765,23/04/2018,02,20.2,20.6,20.2,95,95,94,19.4,19.6,19.3,1017.5,1017.5,1017.4,1.1,292,1.5,-3.51,0.0
A765,23/04/2018,01,20.6,21.4,20.6,94,95,92,19.7,20.0,19.5,1017.5,1017.5,1017.4,0.5,323,1.6,-3.59,0.0
A765,23/04/2018,03,20.2,20.5,20.1,95,95,95,19.4,19.8,19.3,1017.2,1017.5,1017.2,0.9,313,2.1,-3.49,0.0
A765,23/04/2018,05,19.7,19.8,19.5,95,95,94,18.9,18.9,18.5,1016.7,1017.0,1016.6,0.4,324,1.6,-3.54,0.0
A765,23/04/2018,04,19.8,20.3,19.8,94,95,94,18.8,19.6,18.7,1016.9,1017.2,1016.9,0.9,283,2.0,-3.58,0.0
A765,23/04/2018,08,19.6,19.7,19.3,96,96,96,18.9,19.0,18.6,1016.0,1016.1,1015.9,0.5,307,1.1,-2.13,0.0
A765,23/04/2018,07,19.4,19.9,19.4,96,96,96,18.8,19.3,18.8,1016.1,1016.3,1016.1,0.4,339,1.8,-3.31,0.0
A765,23/04/2018,06,19.5,19.7,19.4,96,96,94,18.8,18.9,18.6,1016.3,1016.7,1016.3,0.6,272,1.7,-3.35,0.0
A765,23/04/2018,09,19.8,19.9,19.6,96,96,96,19.2,19.3,19.0,1016.5,1016.5,1016.0,1.0,283,1.6,-3.27,0.0
A765,23/04/2018,21,24.5,25.3,24.5,81,81,78,21.0,21.3,20.8,1017.3,1017.3,1016.8,0.6,172,2.6,113.6,0.0
A765,23/04/2018,22,23.4,24.5,23.4,90,90,81,21.7,21.7,21.0,1018.0,1018.0,1017.3,0.9,283,1.8,-2.11,0.0
A765,23/04/2018,13,25.7,25.7,23.0,75,87,75,20.9,21.1,20.3,1018.4,1018.4,1017.9,1.3,189,2.6,1533.,0.0
A765,23/04/2018,10,20.0,20.0,19.5,97,97,96,19.4,19.4,18.9,1017.1,1017.1,1016.5,0.8,248,2.0,9.232,0.0
A765,23/04/2018,16,26.0,27.7,26.0,73,74,67,20.7,21.8,20.6,1017.6,1018.3,1017.6,2.9,108,5.4,2337.,0.0
A765,23/04/2018,11,20.6,20.6,19.8,96,97,96,19.9,19.9,19.2,1017.4,1017.4,1017.1,0.4,280,2.4,264.2,0.0
A765,23/04/2018,23,22.9,23.4,22.9,92,92,90,21.6,21.8,21.6,1018.6,1018.6,1018.0,0.6,269,1.8,-2.14,0.0
A765,23/04/2018,15,27.0,27.1,26.0,72,74,68,21.5,21.5,20.2,1018.3,1018.5,1018.3,1.8,115,6.4,2079.,0.0
A765,23/04/2018,12,23.0,23.0,20.6,87,96,87,20.7,20.8,20.0,1017.9,1017.9,1017.4,1.2,289,1.8,1089.,0.0
A765,23/04/2018,19,25.4,25.9,25.4,77,77,75,21.0,21.5,20.9,1016.6,1016.6,1016.3,1.7,162,3.9,625.3,0.0
A765,23/04/2018,17,25.6,27.1,25.6,75,75,69,20.9,21.5,20.6,1017.1,1017.6,1017.1,2.2,142,5.2,1580.,0.0
A765,23/04/2018,14,26.7,27.0,25.6,70,75,68,20.7,21.2,20.2,1018.4,1018.5,1018.3,2.0,132,4.9,2439.,0.0
A765,23/04/2018,18,25.6,26.3,25.6,76,77,74,20.9,21.6,20.8,1016.4,1017.1,1016.4,2.0,162,4.8,1046.,0.0
A765,23/04/2018,20,25.1,25.8,25.0,79,79,76,21.1,21.4,20.9,1016.8,1016.8,1016.5,1.0,137,3.3,409.2,0.0
A765,23/04/2018,00,21.4,21.4,21.0,92,93,92,20.0,20.2,19.8,1017.4,1017.4,1016.9,0.8,274,2.7,-3.54,0.0
A765,24/04/2018,01,21.7,22.2,21.7,95,96,94,20.9,21.2,20.8,1019.0,1019.0,1019.0,0.4,333,1.3,-3.45,0.0
A765,24/04/2018,23,22.5,23.5,22.5,93,93,89,21.3,21.7,21.3,1019.4,1019.4,1018.8,0.9,295,1.4,-3.10,0.0
A765,24/04/2018,03,20.9,21.4,20.9,95,95,93,20.0,20.4,19.9,1018.5,1018.9,1018.5,0.7,269,2.6,-3.33,0.0
A765,24/04/2018,00,22.2,22.9,22.2,94,94,92,21.2,21.6,21.2,1019.0,1019.0,1018.6,0.4,329,0.9,-3.37,0.0
A765,24/04/2018,06,20.1,20.7,20.1,96,96,96,19.4,20.0,19.4,1017.3,1017.5,1017.2,0.5,292,1.5,-3.43,0.0
A765,24/04/2018,19,25.3,26.0,25.3,80,80,74,21.5,21.6,20.8,1017.7,1017.8,1017.4,1.9,152,5.6,367.6,0.0
A765,24/04/2018,07,20.1,20.5,20.0,96,97,96,19.5,20.0,19.4,1017.1,1017.3,1017.0,0.6,307,1.8,-3.43,0.0
A765,24/04/2018,02,21.3,21.7,21.0,95,96,95,20.4,20.9,20.3,1018.9,1019.0,1018.9,1.7,328,2.6,-3.22,0.0
A765,24/04/2018,05,20.7,21.2,20.5,96,96,96,20.1,20.5,19.8,1017.5,1018.2,1017.5,0.5,267,1.7,-3.44,0.0
A765,24/04/2018,11,21.5,21.5,19.9,96,97,96,20.8,20.8,19.4,1018.9,1019.0,1018.6,0.8,229,2.2,337.8,0.0
A765,24/04/2018,12,23.9,24.1,21.5,84,96,83,21.1,21.7,20.8,1019.2,1019.2,1018.9,0.8,251,2.4,999.5,0.0
A765,24/04/2018,08,20.5,20.5,20.1,97,97,96,19.9,19.9,19.5,1017.5,1017.5,1017.1,1.0,282,1.8,-3.41,0.0
A765,24/04/2018,10,19.9,20.7,19.9,97,97,96,19.4,20.1,19.3,1018.6,1018.6,1018.0,1.1,310,2.0,11.55,0.0
A765,24/04/2018,09,20.6,20.7,20.4,97,97,96,20.0,20.1,19.8,1018.0,1018.0,1017.5,1.2,284,2.0,-3.28,0.0
A765,24/04/2018,15,26.1,27.8,25.9,75,75,67,21.4,21.9,20.8,1018.9,1019.2,1018.9,2.9,161,5.3,1774.,0.0
A765,24/04/2018,13,26.0,26.0,23.6,75,85,75,21.2,21.7,20.8,1019.5,1019.6,1019.2,1.6,198,3.7,1778.,0.0
A765,24/04/2018,20,25.2,25.3,25.1,80,81,79,21.5,21.6,21.3,1018.0,1018.1,1017.7,1.5,133,4.5,220.5,0.0
A765,24/04/2018,16,26.4,26.8,25.6,75,79,74,21.7,22.3,21.4,1018.4,1018.9,1018.4,2.4,151,5.3,1068.,0.0
A765,24/04/2018,21,24.7,25.2,24.7,80,81,80,21.1,21.6,21.1,1018.4,1018.4,1018.0,0.7,135,3.4,61.60,0.0
A765,24/04/2018,14,26.8,26.8,25.4,72,76,68,21.3,21.3,20.0,1019.2,1019.6,1019.2,1.2,145,3.7,2099.,0.0
A765,24/04/2018,17,25.9,27.8,25.8,76,77,71,21.4,22.5,21.0,1017.9,1018.4,1017.9,2.8,152,6.9,1604.,0.0
A765,24/04/2018,22,23.5,24.7,23.5,90,90,80,21.7,21.7,21.0,1018.8,1018.8,1018.4,0.4,257,1.8,-2.20,0.0
A765,24/04/2018,18,26.0,27.0,25.9,74,77,72,21.1,21.9,21.0,1017.5,1017.9,1017.4,1.9,144,6.2,1569.,0.0
A765,24/04/2018,04,20.9,21.0,20.9,96,96,95,20.2,20.3,20.0,1018.2,1018.5,1018.2,0.5,255,1.4,-3.16,0.0
A765,25/04/2018,20,24.6,25.3,24.6,84,84,79,21.7,21.8,21.2,1018.0,1018.0,1017.8,0.7,345,3.6,139.2,0.0
A765,25/04/2018,21,24.2,24.6,24.2,86,87,84,21.7,21.9,21.7,1018.4,1018.4,1018.0,0.8,298,1.9,14.73,0.0
A765,25/04/2018,08,20.3,20.6,20.2,95,96,95,19.6,19.9,19.5,1017.9,1017.9,1017.7,0.5,312,1.8,-1.68,0.0
A765,25/04/2018,02,21.0,21.3,21.0,95,96,95,20.2,20.6,20.2,1019.4,1019.5,1019.4,0.6,293,1.2,-3.49,0.0
A765,25/04/2018,04,20.4,20.8,20.4,96,96,96,19.7,20.2,19.7,1018.5,1019.0,1018.5,0.7,228,1.6,-3.31,0.0
A765,25/04/2018,05,20.6,20.7,20.3,96,96,96,19.9,20.0,19.7,1018.1,1018.5,1018.1,1.1,287,2.0,-3.22,0.0
A765,25/04/2018,22,23.7,24.2,23.7,90,90,86,22.0,22.0,21.7,1018.6,1018.6,1018.4,0.6,318,1.3,-0.38,0.0
A765,25/04/2018,23,23.1,23.7,23.1,93,93,90,22.0,22.1,21.9,1018.9,1018.9,1018.6,0.4,337,1.5,-2.68,0.0
A765,25/04/2018,03,20.6,21.0,20.6,96,96,95,19.9,20.3,19.9,1019.0,1019.4,1019.0,0.4,296,1.5,-3.47,0.0
A765,25/04/2018,00,21.9,22.5,21.9,95,95,93,21.1,21.4,21.1,1019.6,1019.7,1019.4,0.7,268,1.2,-3.04,0.0
A765,25/04/2018,01,21.3,21.9,21.3,96,96,95,20.6,21.1,20.6,1019.5,1019.6,1019.5,0.5,304,1.1,-3.37,0.0
A765,25/04/2018,16,25.6,27.8,25.6,79,79,73,21.6,23.1,21.0,1019.2,1020.0,1019.2,2.5,154,5.3,1513.,0.0
A765,25/04/2018,11,22.0,22.0,20.4,94,96,94,21.0,21.0,19.7,1019.7,1019.7,1018.9,1.0,277,2.0,359.1,0.0
A765,25/04/2018,12,23.7,23.7,22.0,84,94,84,20.8,21.4,20.8,1020.3,1020.3,1019.7,0.6,340,2.0,1088.,0.0
A765,25/04/2018,18,25.4,25.6,25.2,79,80,78,21.5,21.8,21.4,1018.0,1018.5,1018.0,1.8,160,5.2,432.4,0.0
A765,25/04/2018,19,25.3,25.7,25.3,79,79,77,21.3,21.6,21.2,1017.8,1018.0,1017.7,1.2,163,3.9,342.0,0.0
A765,25/04/2018,06,20.0,20.7,20.0,95,96,95,19.3,20.0,19.3,1017.7,1018.1,1017.7,0.6,263,1.9,-2.83,0.0
A765,25/04/2018,10,20.4,20.5,20.1,96,96,95,19.7,19.8,19.3,1018.9,1018.9,1018.1,0.8,259,1.9,11.19,0.0
A765,25/04/2018,07,20.4,20.4,20.0,96,96,95,19.7,19.8,19.2,1017.7,1017.7,1017.6,1.0,291,1.6,-2.98,0.2
A765,25/04/2018,09,20.1,20.6,20.1,95,96,95,19.3,19.8,19.3,1018.1,1018.1,1017.9,0.3,274,1.5,-1.92,0.0
A765,25/04/2018,13,25.9,26.7,23.7,73,84,71,20.7,21.5,20.2,1020.5,1020.5,1020.3,1.4,136,3.0,1709.,0.0
A765,25/04/2018,14,27.2,27.4,25.9,72,74,68,21.7,22.1,20.2,1020.3,1020.5,1020.3,2.1,122,4.7,2467.,0.0
A765,25/04/2018,15,25.9,27.5,25.8,76,77,71,21.4,22.0,21.0,1020.0,1020.3,1020.0,2.2,155,5.4,1507.,0.0
A765,25/04/2018,17,25.5,25.9,25.3,80,80,78,21.7,21.9,21.4,1018.5,1019.2,1018.5,1.7,153,4.6,579.6,0.0
A765,26/04/2018,02,21.7,22.0,21.7,96,96,95,21.1,21.3,21.0,1018.7,1018.9,1018.7,0.6,294,1.2,-3.09,0.0
A765,26/04/2018,03,21.4,21.7,21.4,96,96,96,20.7,21.1,20.7,1018.4,1018.8,1018.4,0.5,253,1.5,-3.09,0.0
A765,26/04/2018,04,21.5,21.7,21.3,96,96,96,20.9,21.1,20.6,1018.2,1018.4,1018.2,0.8,285,1.7,-2.99,0.0
A765,26/04/2018,05,21.5,21.7,21.2,96,97,96,20.9,21.1,20.5,1017.7,1018.2,1017.7,0.6,321,1.6,-2.87,0.0
A765,26/04/2018,06,21.6,21.7,21.3,96,96,96,20.9,21.1,20.7,1017.4,1017.7,1017.4,0.8,264,1.6,-1.53,0.0
A765,26/04/2018,07,21.7,22.0,21.5,95,96,95,21.0,21.3,20.8,1016.8,1017.4,1016.8,1.1,301,1.7,-2.13,0.0
A765,26/04/2018,18,26.5,27.2,26.3,75,76,72,21.7,22.2,21.3,1016.3,1016.8,1016.3,1.2,159,3.9,841.5,0.0
A765,26/04/2018,08,21.0,21.8,20.9,96,96,95,20.4,21.0,20.2,1016.5,1016.8,1016.4,0.8,249,1.5,-3.47,0.0
A765,26/04/2018,23,23.8,24.8,23.8,90,90,83,22.1,22.1,21.7,1017.0,1017.1,1016.8,1.2,332,3.2,-2.62,0.0
A765,26/04/2018,21,24.9,25.7,24.9,85,85,80,22.3,22.4,21.8,1016.8,1016.9,1016.7,1.0,319,3.0,58.20,0.0
A765,26/04/2018,15,28.4,28.9,26.5,66,70,62,21.4,22.0,20.1,1018.1,1018.7,1018.1,1.6,116,3.7,2690.,0.0
A765,26/04/2018,10,21.3,21.3,21.0,96,96,96,20.6,20.7,20.4,1018.0,1018.0,1017.1,1.4,238,2.5,6.339,0.0
A765,26/04/2018,09,21.3,21.3,21.0,96,97,96,20.7,20.8,20.3,1017.1,1017.1,1016.5,1.3,292,1.9,-3.18,0.0
A765,26/04/2018,11,22.2,22.2,21.3,95,96,95,21.4,21.4,20.6,1018.6,1018.6,1018.0,0.9,250,2.5,187.5,0.0
A765,26/04/2018,22,24.8,25.2,24.8,84,86,84,21.9,22.4,21.9,1016.8,1016.9,1016.6,1.4,120,3.5,-1.52,0.0
A765,26/04/2018,17,26.8,27.6,26.6,73,77,71,21.6,22.3,21.5,1016.8,1017.3,1016.8,1.7,131,5.3,1066.,0.0
A765,26/04/2018,13,25.6,25.6,23.2,78,91,77,21.4,22.2,21.0,1019.2,1019.2,1019.1,0.9,230,2.2,1046.,0.0
A765,26/04/2018,20,25.5,26.0,25.5,81,81,76,22.0,22.0,21.5,1016.7,1016.7,1016.3,1.5,141,3.5,157.9,0.0
A765,26/04/2018,12,23.2,23.5,22.3,91,95,89,21.6,22.0,21.4,1019.1,1019.1,1018.7,1.3,270,2.2,606.6,0.0
A765,26/04/2018,16,27.6,28.9,27.6,72,72,62,22.1,22.6,20.4,1017.3,1018.1,1017.3,2.4,115,4.9,2218.,0.0
A765,26/04/2018,14,26.6,26.8,25.7,68,78,67,20.1,21.5,19.7,1018.7,1019.3,1018.7,0.7,327,2.6,2137.,0.0
A765,26/04/2018,19,26.0,26.5,26.0,76,76,74,21.6,21.8,21.3,1016.3,1016.4,1016.2,1.5,153,3.1,438.5,0.0
A765,26/04/2018,01,22.0,22.8,22.0,95,95,94,21.2,21.8,21.2,1018.9,1019.2,1018.9,0.3,266,1.4,-3.45,0.0
A765,26/04/2018,00,22.8,23.1,22.8,94,94,93,21.8,22.0,21.8,1019.2,1019.3,1018.9,0.8,302,1.4,-1.65,0.0
A765,27/04/2018,10,22.0,22.8,22.0,95,96,95,21.2,21.9,21.2,1017.8,1017.8,1017.2,0.3,50,1.7,9.322,0.0
A765,27/04/2018,01,22.1,22.8,22.0,95,95,94,21.2,21.7,21.2,1017.5,1017.5,1017.1,0.6,20,1.5,-3.43,0.0
A765,27/04/2018,08,22.9,23.0,22.7,93,95,93,21.8,22.1,21.7,1016.8,1017.0,1016.8,0.7,306,1.4,-1.25,0.0
A765,27/04/2018,00,22.8,23.8,22.8,94,94,90,21.7,22.1,21.7,1017.1,1017.1,1017.0,0.6,334,2.1,-3.58,0.0
A765,27/04/2018,04,22.3,22.3,21.8,96,96,95,21.5,21.5,21.0,1017.5,1017.6,1017.5,0.2,342,1.7,-0.37,0.0
A765,27/04/2018,06,22.8,23.0,22.7,95,96,95,22.0,22.2,21.9,1017.1,1017.3,1017.0,0.7,250,2.5,-1.03,0.0
A765,27/04/2018,02,21.8,22.1,21.8,95,95,95,21.0,21.3,21.0,1017.8,1017.8,1017.5,0.4,299,1.0,-3.30,0.0
A765,27/04/2018,05,22.7,22.7,22.3,95,96,95,21.9,22.0,21.6,1017.2,1017.5,1017.2,0.5,236,1.5,-0.44,0.0
A765,27/04/2018,15,28.3,28.6,27.6,68,71,65,21.9,22.6,20.7,1018.4,1018.9,1018.4,2.2,119,5.1,2750.,0.0
A765,27/04/2018,03,21.9,21.9,21.6,95,96,95,21.1,21.1,20.8,1017.6,1017.8,1017.6,0.4,257,1.4,-1.75,0.0
A765,27/04/2018,14,27.9,28.0,26.8,65,75,65,20.7,22.6,20.7,1018.9,1019.2,1018.8,1.9,124,4.2,2407.,0.0
A765,27/04/2018,12,26.0,26.3,23.1,75,93,74,21.2,22.8,21.2,1018.5,1018.5,1018.2,0.9,130,2.6,1130.,0.0
A765,27/04/2018,11,23.3,23.3,22.0,93,95,93,22.1,22.1,21.2,1018.2,1018.3,1017.8,0.4,268,1.7,323.8,0.0
A765,27/04/2018,13,27.0,27.7,25.8,71,76,69,21.3,22.1,21.0,1018.8,1018.8,1018.5,1.5,116,3.7,1763.,0.0
A765,27/04/2018,07,22.8,23.0,22.7,95,95,95,21.9,22.1,21.9,1016.9,1017.1,1016.9,0.4,4,2.0,-0.99,0.0
A765,27/04/2018,09,22.7,22.9,22.6,95,95,93,21.9,22.0,21.6,1017.2,1017.2,1016.8,0.7,303,1.3,-2.07,0.0
A765,27/04/2018,20,26.3,26.9,26.1,79,81,78,22.3,22.9,22.2,1016.5,1016.6,1016.4,1.9,130,4.6,431.9,0.0
A765,27/04/2018,21,25.1,26.3,25.1,85,85,79,22.3,22.3,22.0,1016.6,1016.7,1016.5,0.4,311,3.5,75.42,0.0
A765,27/04/2018,18,28.0,28.6,27.7,70,73,64,22.0,22.7,20.8,1016.6,1017.0,1016.6,2.4,124,5.7,2232.,0.0
A765,27/04/2018,16,28.8,28.9,27.5,66,70,63,21.7,22.1,20.7,1017.8,1018.4,1017.8,2.3,119,5.1,2643.,0.0
A765,27/04/2018,22,24.0,25.1,24.0,92,93,85,22.7,22.8,22.2,1017.0,1017.0,1016.6,0.9,276,1.5,-3.38,0.0
A765,27/04/2018,19,26.4,28.1,26.3,80,80,70,22.7,22.9,21.9,1016.4,1016.6,1016.4,2.6,106,5.8,996.4,0.0
A765,27/04/2018,17,28.5,29.0,28.0,68,70,64,21.9,22.3,21.4,1017.0,1017.8,1017.0,2.4,119,5.5,2668.,0.0
A765,27/04/2018,23,23.3,24.0,23.3,94,94,92,22.2,22.7,22.2,1017.7,1017.7,1017.0,0.4,275,2.1,-3.55,0.0
A765,28/04/2018,08,21.8,22.0,21.5,96,97,96,21.3,21.3,20.9,1017.3,1017.3,1017.1,1.3,296,2.1,-3.20,0.0
A765,28/04/2018,05,22.4,22.4,21.9,96,96,96,21.7,21.8,21.2,1017.4,1017.6,1017.4,0.9,262,2.3,-2.80,0.0
A765,28/04/2018,04,21.9,22.2,21.9,96,96,96,21.2,21.5,21.2,1017.6,1018.0,1017.6,0.5,281,1.9,-3.05,0.0
A765,28/04/2018,06,22.2,22.5,22.0,96,96,96,21.6,21.8,21.4,1017.3,1017.4,1017.3,0.8,277,1.9,-2.78,0.0
A765,28/04/2018,07,21.8,22.3,21.7,96,96,96,21.2,21.7,21.1,1017.1,1017.4,1017.1,0.9,286,2.1,-2.79,0.0
A765,28/04/2018,09,21.4,21.8,21.3,96,96,96,20.7,21.2,20.7,1017.5,1017.5,1017.3,0.5,280,2.1,-2.94,0.0
A765,28/04/2018,10,21.2,21.5,21.1,96,96,96,20.6,20.9,20.5,1018.0,1018.0,1017.5,1.0,310,1.8,8.424,0.0
A765,28/04/2018,11,22.6,22.6,21.1,92,96,92,21.2,21.6,20.5,1018.7,1018.7,1018.0,0.7,312,2.1,275.0,0.0
A765,28/04/2018,13,26.6,26.7,25.1,75,82,74,21.8,22.3,21.5,1019.3,1019.3,1019.1,2.3,206,4.4,1723.,0.0
A765,28/04/2018,12,25.1,25.1,22.5,82,92,82,21.7,22.5,21.0,1019.1,1019.1,1018.7,0.9,198,1.9,966.0,0.0
A765,28/04/2018,15,27.9,27.9,26.4,74,79,73,23.0,23.1,22.1,1018.7,1019.4,1018.7,2.8,158,6.5,2208.,0.0
A765,28/04/2018,17,28.0,28.4,26.5,73,80,72,22.6,23.2,22.4,1017.2,1017.8,1017.2,1.9,133,4.3,1724.,0.0
A765,28/04/2018,18,27.5,28.0,26.7,75,77,72,22.6,22.8,22.1,1016.8,1017.2,1016.8,1.5,124,4.8,1122.,0.0
A765,28/04/2018,14,27.3,27.8,26.6,74,75,68,22.3,22.3,20.9,1019.4,1019.5,1019.3,1.2,159,5.2,2118.,0.0
A765,28/04/2018,20,26.4,26.6,26.1,77,77,74,21.9,22.1,21.3,1016.1,1016.4,1016.1,0.8,15,3.2,406.7,0.0
A765,28/04/2018,19,26.4,27.5,26.3,76,77,74,21.8,22.6,21.6,1016.4,1016.8,1016.4,1.6,100,3.7,790.0,0.0
A765,28/04/2018,16,26.5,28.1,26.4,78,78,72,22.3,23.1,21.9,1017.8,1018.7,1017.8,2.5,163,6.0,1825.,0.0
A765,28/04/2018,21,24.7,26.4,24.7,88,88,77,22.6,22.6,21.8,1016.4,1016.4,1016.0,0.8,327,1.8,104.7,0.0
A765,28/04/2018,23,23.3,23.4,23.2,92,94,92,21.9,22.2,21.8,1017.6,1017.6,1016.8,0.7,284,1.2,-2.57,0.0
A765,28/04/2018,22,23.4,24.7,23.4,93,93,88,22.1,22.8,22.1,1016.8,1016.8,1016.4,0.6,324,1.5,-3.29,0.0
A765,28/04/2018,00,22.6,23.3,22.6,95,95,94,21.7,22.2,21.7,1018.0,1018.0,1017.7,0.6,271,1.4,-3.53,0.0
A765,28/04/2018,01,22.3,22.6,22.2,95,96,95,21.5,21.8,21.5,1018.2,1018.3,1018.0,0.7,288,2.2,-3.06,0.0
A765,28/04/2018,03,22.2,22.3,21.9,96,96,96,21.5,21.6,21.2,1018.0,1018.5,1018.0,0.9,282,1.7,-3.04,0.0
A765,28/04/2018,02,22.0,22.5,22.0,96,96,95,21.3,21.7,21.3,1018.4,1018.5,1018.2,0.9,278,2.0,-3.18,0.0
A765,29/04/2018,02,22.2,22.6,22.2,95,96,95,21.5,21.7,21.4,1017.6,1017.6,1017.5,0.7,308,1.5,-3.28,0.0
A765,29/04/2018,03,22.0,22.4,22.0,96,96,95,21.3,21.7,21.3,1017.5,1017.6,1017.5,0.5,291,1.8,-3.49,0.0
A765,29/04/2018,04,21.9,22.3,21.8,96,96,96,21.3,21.7,21.1,1017.3,1017.5,1017.2,1.1,305,3.0,-3.04,0.0
A765,29/04/2018,05,22.2,22.4,21.9,96,96,96,21.5,21.7,21.3,1016.8,1017.3,1016.8,0.7,292,1.8,-2.79,0.0
A765,29/04/2018,11,22.8,22.8,22.2,94,96,94,21.9,21.9,21.6,1018.5,1018.5,1017.4,0.4,11,1.8,305.3,0.0
A765,29/04/2018,06,22.1,22.3,21.7,96,96,96,21.4,21.6,21.0,1016.7,1016.9,1016.7,0.5,298,1.6,-0.02,0.0
A765,29/04/2018,07,22.2,22.4,22.1,95,96,95,21.3,21.7,21.3,1016.2,1016.7,1016.1,0.6,325,1.4,-1.40,0.0
A765,29/04/2018,08,22.2,22.3,22.1,95,95,95,21.4,21.5,21.2,1016.1,1016.2,1016.0,1.0,252,1.9,-1.37,0.0
A765,29/04/2018,10,22.2,22.2,21.8,96,97,96,21.6,21.6,21.2,1017.4,1017.4,1016.3,0.7,285,2.0,7.233,0.0
A765,29/04/2018,09,22.2,22.3,22.0,96,96,95,21.5,21.6,21.2,1016.3,1016.3,1015.9,1.0,279,2.0,-3.10,0.0
A765,29/04/2018,13,27.0,27.0,24.5,76,88,76,22.4,23.1,22.0,1019.4,1019.6,1019.2,1.0,74,2.7,1158.,0.0
A765,29/04/2018,12,24.5,24.5,22.8,87,94,87,22.3,22.7,21.9,1019.2,1019.2,1018.5,1.1,271,2.0,1124.,0.0
A765,29/04/2018,18,27.5,28.7,27.0,74,75,69,22.4,23.0,21.9,1015.6,1016.1,1015.6,2.2,115,6.0,1791.,0.0
A765,29/04/2018,15,28.7,29.5,27.7,60,66,56,20.1,21.6,19.1,1017.7,1018.7,1017.7,2.4,147,3.9,2735.,0.0
A765,29/04/2018,14,28.5,28.5,26.0,67,79,66,21.7,22.3,21.1,1018.7,1019.5,1018.7,1.2,109,4.0,1702.,0.0
A765,29/04/2018,16,29.2,29.5,28.4,64,67,59,21.7,22.1,20.3,1016.9,1017.7,1016.9,3.1,116,5.5,2822.,0.0
A765,29/04/2018,17,28.1,29.3,27.7,70,71,64,22.0,22.6,21.1,1016.1,1016.9,1016.1,3.3,121,6.3,2640.,0.0
A765,29/04/2018,21,25.5,26.4,25.5,80,80,77,21.8,22.0,21.8,1015.6,1015.6,1015.2,1.1,101,3.9,93.33,0.0
A765,29/04/2018,20,26.4,26.8,26.3,77,78,76,22.0,22.5,22.0,1015.2,1015.4,1015.2,1.8,103,4.0,295.1,0.0
A765,29/04/2018,19,26.6,27.5,26.5,78,78,73,22.4,22.6,21.9,1015.4,1015.6,1015.3,2.2,112,4.9,697.8,0.0
A765,29/04/2018,22,24.1,25.5,24.1,91,91,80,22.5,22.8,21.8,1016.1,1016.1,1015.6,0.6,343,2.2,-3.13,0.0
A765,29/04/2018,23,23.4,24.1,23.3,93,93,91,22.1,22.5,22.0,1016.7,1016.7,1016.1,0.7,306,1.4,-3.34,0.0
A765,29/04/2018,00,22.9,23.3,22.9,94,94,92,21.9,22.1,21.7,1017.8,1017.8,1017.6,0.7,302,1.7,-2.89,0.0
A765,29/04/2018,01,22.6,22.9,22.5,95,95,94,21.7,22.0,21.6,1017.6,1017.8,1017.5,0.7,225,1.5,-3.14,0.0
A765,30/04/2018,01,22.0,22.8,22.0,95,95,94,21.2,21.8,21.2,1016.5,1016.7,1016.5,0.3,18,1.7,-3.55,0.0
A765,30/04/2018,02,21.6,22.1,21.5,95,95,95,20.8,21.3,20.7,1016.2,1016.5,1016.1,0.8,300,1.3,-3.52,0.0
A765,30/04/2018,23,22.8,23.8,22.8,89,90,88,20.9,21.9,20.9,1015.5,1015.5,1014.9,0.3,301,1.9,-3.60,0.0
A765,30/04/2018,03,21.4,21.7,21.4,96,96,95,20.7,20.9,20.7,1016.3,1016.3,1016.1,0.8,288,1.3,-3.41,0.0
A765,30/04/2018,05,20.9,21.7,20.8,94,96,93,19.8,21.1,19.7,1015.5,1016.0,1015.4,0.4,321,1.9,-3.44,0.0
A765,30/04/2018,21,25.7,27.0,25.7,79,79,73,21.8,22.0,21.4,1014.5,1014.5,1014.0,0.8,67,2.9,177.4,0.0
A765,30/04/2018,06,21.2,21.4,20.9,96,96,94,20.6,20.6,20.0,1015.2,1015.5,1015.2,0.8,245,1.7,-3.47,0.0
A765,30/04/2018,04,21.6,21.8,21.3,96,96,96,21.0,21.2,20.6,1015.9,1016.3,1015.9,1.0,317,2.2,-3.17,0.0
A765,30/04/2018,07,21.2,21.6,21.2,96,97,96,20.6,21.0,20.6,1014.9,1015.2,1014.9,0.9,276,2.0,-3.46,0.0
A765,30/04/2018,08,20.6,21.3,20.6,96,96,96,19.9,20.7,19.9,1014.5,1014.9,1014.5,0.5,193,1.5,-3.36,0.0
A765,30/04/2018,10,20.9,21.2,20.7,97,97,97,20.4,20.6,20.2,1015.5,1015.5,1014.8,1.0,250,2.3,9.976,0.0
A765,30/04/2018,13,26.5,26.5,24.2,66,87,66,19.7,22.4,19.7,1017.0,1017.0,1016.4,2.2,156,4.3,1648.,0.0
A765,30/04/2018,09,21.0,21.1,20.5,97,97,96,20.5,20.6,19.9,1014.8,1014.8,1014.5,1.2,283,1.9,-3.40,0.2
A765,30/04/2018,16,28.5,29.0,27.8,67,69,62,21.7,22.1,20.7,1014.7,1015.4,1014.7,2.5,105,5.4,2785.,0.0
A765,30/04/2018,12,24.3,24.4,21.8,86,96,86,21.8,22.5,21.1,1016.5,1016.5,1015.9,1.1,183,2.7,1003.,0.0
A765,30/04/2018,20,26.9,27.9,26.9,73,74,70,21.8,22.1,21.4,1014.0,1014.0,1013.7,1.2,84,4.0,745.7,0.0
A765,30/04/2018,14,28.1,28.3,26.4,59,68,59,19.3,20.6,19.3,1016.4,1017.0,1016.4,1.7,117,4.3,2326.,0.0
A765,30/04/2018,15,28.6,28.7,27.7,63,66,57,20.8,21.2,18.7,1015.4,1016.4,1015.4,1.7,119,3.7,2699.,0.0
A765,30/04/2018,17,28.8,29.1,27.7,65,69,64,21.5,22.3,21.1,1014.0,1014.7,1014.0,1.7,123,4.6,2526.,0.0
A765,30/04/2018,18,28.5,28.8,28.1,69,70,64,22.3,22.4,21.2,1013.4,1014.0,1013.4,1.8,118,4.9,2110.,0.0
A765,30/04/2018,11,21.8,21.8,20.9,96,97,95,21.1,21.1,20.4,1015.9,1015.9,1015.5,0.8,307,2.8,310.5,0.0
A765,30/04/2018,19,27.8,28.5,27.4,70,72,68,21.8,22.6,21.6,1013.7,1013.7,1013.4,1.5,151,4.1,1420.,0.0
A765,30/04/2018,22,23.8,25.7,23.8,89,89,79,21.9,22.6,21.9,1014.9,1014.9,1014.5,0.8,332,2.1,-2.06,0.0
A765,30/04/2018,00,22.7,23.4,22.7,94,95,93,21.7,22.2,21.7,1016.6,1016.7,1016.6,0.4,309,1.8,-3.57,0.0
A765,01/05/2018,07,21.0,21.0,20.5,94,94,93,20.0,20.1,19.3,1014.3,1014.3,1014.2,1.2,243,2.5,-3.36,0.0
A765,01/05/2018,02,21.1,21.6,21.1,93,93,90,19.9,20.2,19.8,1016.0,1016.1,1015.9,0.7,320,1.2,-3.59,0.0
A765,01/05/2018,00,22.0,22.8,21.9,92,92,89,20.6,21.1,20.5,1015.9,1015.9,1015.5,0.3,341,1.0,-3.60,0.0
A765,01/05/2018,01,21.5,22.1,21.5,91,94,91,20.0,21.0,20.0,1016.0,1016.1,1015.9,0.6,334,1.5,-3.59,0.0
A765,01/05/2018,23,24.0,24.8,24.0,91,91,88,22.4,22.8,22.4,1018.5,1018.5,1018.1,0.4,354,1.4,-2.53,0.0
A765,01/05/2018,03,20.8,21.2,20.7,93,94,92,19.7,20.0,19.5,1015.7,1016.0,1015.7,0.5,309,1.6,-3.59,0.0
A765,01/05/2018,04,20.5,20.8,20.3,93,94,93,19.2,19.7,19.2,1015.2,1015.7,1015.2,0.7,283,1.2,-3.59,0.0
A765,01/05/2018,05,20.7,20.9,20.3,94,95,93,19.8,20.0,19.1,1014.7,1015.2,1014.7,0.8,261,2.1,-3.55,0.0
A765,01/05/2018,06,20.5,20.8,20.4,93,94,93,19.3,19.8,19.3,1014.3,1014.7,1014.3,1.1,231,2.1,-3.45,0.0
A765,01/05/2018,20,25.8,26.3,25.7,78,80,77,21.8,22.3,21.8,1017.1,1017.1,1016.7,1.6,153,5.5,252.9,0.0
A765,01/05/2018,11,22.2,22.2,20.8,86,91,86,19.9,19.9,19.3,1017.7,1017.7,1016.6,0.5,49,2.2,252.3,0.0
A765,01/05/2018,13,26.7,27.0,24.1,80,86,78,23.0,23.3,20.9,1018.9,1019.0,1018.4,1.8,214,5.6,1351.,0.0
A765,01/05/2018,18,26.6,27.5,26.6,76,77,75,22.0,22.9,22.0,1016.8,1016.9,1016.7,2.3,155,5.9,672.9,0.0
A765,01/05/2018,08,21.2,21.3,21.0,94,94,93,20.1,20.2,20.0,1014.6,1014.6,1014.2,1.3,281,2.9,-3.40,0.0
A765,01/05/2018,09,21.2,21.3,20.5,91,94,91,19.7,20.1,19.4,1015.4,1015.4,1014.5,1.5,226,2.8,-3.59,0.0
A765,01/05/2018,10,20.8,21.9,20.7,91,93,90,19.3,20.3,19.3,1016.6,1016.6,1015.4,0.8,350,4.0,4.963,0.0
A765,01/05/2018,14,27.3,27.8,26.2,74,80,72,22.2,23.0,22.0,1018.7,1019.1,1018.7,1.9,199,6.3,2036.,0.0
A765,01/05/2018,12,24.3,24.5,22.3,84,86,78,21.4,21.4,19.4,1018.4,1018.4,1017.7,0.6,330,1.5,656.7,0.0
A765,01/05/2018,19,26.3,26.7,26.3,77,79,75,22.0,22.5,21.6,1016.7,1016.8,1016.6,2.7,156,5.5,413.5,0.0
A765,01/05/2018,15,28.5,28.5,26.2,69,79,68,22.2,23.0,21.8,1017.9,1018.7,1017.9,2.9,180,6.2,2337.,0.0
A765,01/05/2018,16,28.8,29.1,27.8,68,73,67,22.2,22.9,21.7,1017.2,1017.9,1017.2,2.0,193,6.2,2165.,0.0
A765,01/05/2018,17,27.4,29.0,27.3,76,76,65,22.7,23.0,21.0,1016.8,1017.3,1016.8,2.2,139,7.9,1123.,0.0
A765,01/05/2018,22,24.7,25.5,24.7,88,89,80,22.7,22.8,21.8,1018.1,1018.1,1017.8,0.6,291,2.3,-0.51,0.0
A765,01/05/2018,21,25.5,25.8,25.5,80,81,78,21.8,22.1,21.7,1017.8,1017.8,1017.1,0.9,178,3.5,51.98,0.0
A765,02/05/2018,01,23.0,23.5,23.0,92,94,92,21.6,22.4,21.6,1019.3,1019.3,1019.2,0.9,324,1.8,-3.06,0.0
A765,02/05/2018,02,22.5,23.0,22.5,94,94,92,21.4,21.6,21.3,1019.2,1019.3,1019.2,0.6,2,1.7,-3.58,0.0
A765,02/05/2018,22,24.2,25.1,24.2,89,89,80,22.2,22.3,21.3,1018.1,1018.2,1018.1,0.7,185,2.9,-0.21,0.0
A765,02/05/2018,03,22.0,22.5,21.9,95,96,94,21.2,21.4,21.1,1019.3,1019.3,1019.2,0.2,317,1.4,-3.41,0.0
A765,02/05/2018,04,21.8,22.1,21.6,95,96,95,21.1,21.3,20.8,1019.1,1019.4,1019.1,1.1,318,1.8,-3.13,0.0
A765,02/05/2018,05,21.8,21.9,21.6,96,96,95,21.0,21.1,20.7,1019.0,1019.2,1019.0,0.7,310,1.8,-3.26,0.0
A765,02/05/2018,10,20.6,20.9,20.4,94,95,93,19.5,19.8,19.4,1018.9,1018.9,1018.2,0.8,334,2.0,5.054,0.0
A765,02/05/2018,19,25.7,26.9,25.6,81,81,73,22.1,22.5,21.5,1017.8,1018.0,1017.7,2.7,104,5.8,758.2,0.0
A765,02/05/2018,06,21.7,22.1,21.7,93,96,93,20.6,21.5,20.5,1018.6,1019.0,1018.5,0.9,275,2.1,-3.16,0.0
A765,02/05/2018,07,21.5,21.8,21.5,95,96,93,20.6,21.1,20.5,1018.1,1018.6,1018.0,0.9,348,1.8,-3.37,0.0
A765,02/05/2018,09,20.9,21.2,20.8,93,95,92,19.8,20.3,19.5,1018.2,1018.2,1017.8,1.0,333,2.2,-3.57,0.0
A765,02/05/2018,08,21.1,21.7,21.1,95,96,94,20.3,21.0,20.3,1017.9,1018.1,1017.9,1.4,341,1.8,-3.34,0.0
A765,02/05/2018,16,27.6,28.0,26.9,73,77,71,22.3,23.1,22.0,1018.9,1019.9,1018.9,2.6,117,5.1,2718.,0.0
A765,02/05/2018,14,27.0,27.2,26.1,74,77,73,22.0,22.5,21.3,1020.6,1020.8,1020.5,2.0,116,3.9,2287.,0.0
A765,02/05/2018,13,26.5,27.0,24.6,76,77,69,21.8,21.8,19.2,1020.5,1020.5,1019.9,1.9,92,3.3,1634.,0.0
A765,02/05/2018,11,22.1,22.1,20.6,93,95,93,21.0,21.0,19.6,1019.8,1019.8,1018.9,1.0,282,1.5,268.9,0.0
A765,02/05/2018,12,24.6,24.6,22.1,77,93,76,20.2,21.5,20.2,1019.9,1019.9,1019.7,0.6,358,1.6,1038.,0.0
A765,02/05/2018,17,28.1,28.3,27.3,72,75,71,22.7,23.0,22.1,1018.3,1018.9,1018.3,2.6,124,6.0,2586.,0.0
A765,02/05/2018,15,27.2,27.4,26.4,73,77,73,22.1,22.6,21.7,1019.9,1020.6,1019.9,1.9,112,4.8,2642.,0.0
A765,02/05/2018,18,26.3,28.3,26.3,76,76,69,21.8,22.8,21.3,1017.9,1018.3,1017.9,2.8,111,6.6,1693.,0.0
A765,02/05/2018,21,25.0,25.6,24.9,81,84,79,21.5,22.1,21.4,1018.1,1018.1,1017.8,1.7,105,3.0,101.5,0.0
A765,02/05/2018,20,25.5,25.9,25.2,81,83,79,22.0,22.4,21.9,1017.8,1017.9,1017.7,1.2,78,5.3,362.2,0.0
A765,02/05/2018,23,24.2,25.1,24.1,87,90,85,22.0,22.5,22.0,1018.2,1018.2,1018.0,1.7,18,6.8,-3.37,0.0
A765,02/05/2018,00,23.5,24.0,23.5,93,93,91,22.3,22.5,22.3,1019.2,1019.2,1018.5,0.3,246,1.2,-2.48,0.0
A765,03/05/2018,01,22.7,23.4,22.7,93,93,90,21.5,21.8,21.5,1018.8,1018.8,1018.6,0.6,358,1.5,-3.55,0.0
A765,03/05/2018,22,25.2,26.0,25.1,86,87,82,22.8,23.1,22.6,1016.0,1016.0,1015.5,0.7,204,1.9,-2.61,0.0
A765,03/05/2018,09,22.3,22.6,22.1,95,95,94,21.4,21.7,21.2,1017.0,1017.0,1016.6,0.5,276,1.9,-2.16,0.0
A765,03/05/2018,16,27.5,28.6,27.1,73,74,67,22.3,22.4,21.2,1017.2,1018.1,1017.2,2.6,110,6.5,2044.,0.0
A765,03/05/2018,05,21.9,22.2,21.7,95,95,93,21.1,21.1,20.6,1017.1,1017.3,1017.1,0.8,339,1.4,-3.38,0.0
A765,03/05/2018,04,22.2,22.4,21.9,93,94,92,21.0,21.3,20.7,1017.3,1017.9,1017.3,0.7,352,1.6,-3.10,0.0
A765,03/05/2018,03,22.4,22.5,22.2,93,93,91,21.3,21.3,20.9,1017.9,1018.7,1017.9,0.8,322,1.8,-1.73,0.0
A765,03/05/2018,02,22.4,22.7,22.3,91,94,91,20.9,21.6,20.9,1018.7,1018.8,1018.7,0.9,317,2.2,-3.53,0.0
A765,03/05/2018,07,21.9,21.9,21.6,95,96,95,21.0,21.1,20.8,1016.6,1016.8,1016.6,0.9,280,1.6,-2.92,0.0
A765,03/05/2018,06,21.6,21.8,21.4,95,95,94,20.7,20.9,20.5,1016.8,1017.1,1016.8,0.7,320,1.7,-3.32,0.0
A765,03/05/2018,17,28.6,28.6,27.1,69,74,67,22.4,22.8,21.5,1015.7,1017.2,1015.7,2.2,123,5.9,2036.,0.0
A765,03/05/2018,23,24.6,25.2,24.5,91,91,86,22.9,23.0,22.7,1016.4,1016.4,1016.0,0.6,303,1.6,-3.40,0.0
A765,03/05/2018,21,26.0,26.9,26.0,82,82,75,22.7,22.7,22.0,1015.5,1015.5,1015.2,1.0,249,2.9,60.74,0.0
A765,03/05/2018,15,28.3,28.6,27.5,67,69,63,21.5,21.9,20.5,1018.1,1018.7,1018.1,3.3,96,5.9,2588.,0.0
A765,03/05/2018,10,21.6,22.4,21.5,95,95,93,20.7,21.5,20.6,1017.8,1017.8,1017.0,0.3,347,1.6,5.974,0.0
A765,03/05/2018,12,25.0,25.0,22.7,79,92,79,21.0,22.2,21.0,1019.3,1019.3,1018.7,0.3,298,1.8,977.2,0.0
A765,03/05/2018,11,22.7,22.7,21.5,92,95,91,21.2,21.3,20.6,1018.7,1018.7,1017.8,0.5,306,1.3,253.4,0.0
A765,03/05/2018,08,22.1,22.3,21.8,95,95,95,21.3,21.5,21.0,1016.6,1016.6,1016.5,1.2,285,1.9,-0.63,0.0
A765,03/05/2018,14,27.9,28.3,26.9,68,73,62,21.4,21.9,20.1,1018.7,1019.4,1018.7,3.2,120,5.8,2207.,0.2
A765,03/05/2018,13,26.9,27.0,25.0,71,79,69,21.2,21.5,20.3,1019.4,1019.6,1019.3,1.7,114,3.5,1668.,0.0
A765,03/05/2018,19,27.3,28.4,27.3,71,74,69,21.6,22.7,21.6,1014.6,1014.9,1014.6,1.8,146,4.7,1146.,0.0
A765,03/05/2018,18,28.2,28.9,27.8,70,73,67,22.3,23.0,21.7,1014.9,1015.7,1014.9,2.2,123,5.7,2166.,0.0
A765,03/05/2018,20,26.9,28.0,26.9,75,75,69,22.1,22.3,21.5,1015.2,1015.2,1014.6,1.7,145,3.1,640.8,0.0
A765,03/05/2018,00,23.4,24.2,23.4,90,90,87,21.7,21.9,21.4,1018.6,1018.6,1018.2,0.6,359,3.5,-1.17,0.0
A765,04/05/2018,15,30.1,30.4,29.0,,69,57,,,,1016.1,1016.7,1016.1,1.6,150,3.6,2588.,0.0
A765,04/05/2018,20,27.5,28.0,27.2,75,75,71,22.7,22.8,22.1,1014.9,1014.9,1014.8,1.6,122,3.8,684.3,0.0
A765,04/05/2018,14,29.4,29.5,27.7,67,74,67,22.8,23.2,22.5,1016.7,1017.2,1016.7,1.0,113,3.9,2246.,0.0
A765,04/05/2018,02,23.2,24.1,23.2,93,93,93,22.1,22.8,22.1,1016.1,1016.3,1016.1,1.0,346,2.3,-3.59,0.0
A765,04/05/2018,22,23.8,25.8,23.8,90,90,83,22.0,23.0,22.0,1015.8,1015.8,1015.2,0.5,334,2.9,-3.50,0.0
A765,04/05/2018,04,22.2,23.0,22.2,93,93,88,21.0,21.1,20.7,1015.2,1015.6,1015.2,1.3,284,2.4,-3.60,0.0
A765,04/05/2018,03,23.0,23.2,22.9,90,93,90,21.2,22.0,21.2,1015.6,1016.1,1015.6,1.3,342,2.5,-3.59,0.0
A765,04/05/2018,17,28.9,29.7,28.5,71,71,68,23.0,23.3,22.2,1014.7,1015.4,1014.7,2.6,116,5.8,2493.,0.0
A765,04/05/2018,19,27.2,28.9,27.2,74,75,69,22.2,23.1,22.1,1014.8,1014.9,1014.5,2.0,109,5.0,1219.,0.0
A765,04/05/2018,18,28.8,29.2,28.5,70,72,67,22.8,23.0,22.1,1014.5,1014.7,1014.4,2.4,120,5.2,2070.,0.0
A765,04/05/2018,05,23.7,23.7,22.1,91,94,91,22.1,22.2,20.9,1014.9,1015.2,1014.9,2.3,196,5.6,-3.47,0.0
A765,04/05/2018,06,23.2,23.6,23.2,92,92,91,21.9,22.0,21.8,1014.6,1014.9,1014.5,2.1,184,5.6,-3.60,0.0
A765,04/05/2018,08,21.5,22.5,21.5,95,95,93,20.6,21.4,20.6,1014.8,1014.8,1014.6,1.4,195,2.3,-3.54,0.0
A765,04/05/2018,09,21.9,21.9,21.5,96,96,95,21.2,21.2,20.7,1015.3,1015.3,1014.7,1.3,213,2.6,-3.49,0.0
A765,04/05/2018,07,22.4,23.3,22.4,93,94,91,21.3,21.9,21.3,1014.6,1014.6,1014.4,0.6,209,3.5,-3.59,0.0
A765,04/05/2018,10,21.9,22.4,21.9,95,96,95,21.1,21.7,21.1,1016.1,1016.1,1015.3,0.9,248,3.1,4.985,0.0
A765,04/05/2018,11,23.5,23.6,21.8,94,96,94,22.5,22.5,21.0,1016.7,1016.7,1016.1,0.8,251,2.7,229.7,0.0
A765,04/05/2018,12,25.8,25.8,23.5,85,94,85,23.0,23.2,22.4,1016.8,1016.8,1016.7,0.7,218,1.9,998.0,0.0
A765,04/05/2018,13,27.9,27.9,25.8,73,85,72,22.7,23.2,21.3,1017.1,1017.1,1016.8,1.4,172,4.1,1632.,0.0
A765,04/05/2018,16,29.5,30.8,28.8,,,,,,,1015.4,1016.1,1015.4,2.5,117,5.9,2654.,0.0
A765,04/05/2018,21,25.8,27.5,25.8,83,83,75,22.8,22.8,22.4,1015.2,1015.2,1014.9,1.3,157,3.4,123.2,0.0
A765,04/05/2018,01,24.1,24.3,24.0,93,93,91,22.8,22.9,22.5,1016.3,1016.6,1016.3,0.5,47,1.8,-2.87,0.0
A765,04/05/2018,23,23.3,23.8,23.3,93,94,90,22.2,22.4,21.8,1016.2,1016.2,1015.8,0.5,308,1.3,-3.59,0.0
A765,04/05/2018,00,24.3,24.6,24.3,91,92,90,22.7,23.0,22.7,1016.6,1016.7,1016.4,0.9,323,1.9,-2.38,0.0
A765,05/05/2018,19,25.7,26.0,25.7,84,85,84,22.8,23.1,22.8,1017.0,1017.1,1017.0,1.8,113,5.5,368.3,0.0
A765,05/05/2018,18,25.8,26.2,25.8,84,85,81,22.9,23.2,22.7,1017.0,1017.3,1017.0,2.5,128,6.8,423.2,0.0
A765,05/05/2018,21,24.7,25.6,24.7,88,88,84,22.6,22.7,22.5,1018.2,1018.2,1017.3,0.5,242,2.6,69.01,0.0
A765,05/05/2018,16,27.0,28.5,27.0,77,77,70,22.7,23.1,22.2,1017.6,1017.9,1017.6,2.0,134,5.3,1181.,0.0
A765,05/05/2018,01,22.8,22.9,22.7,95,95,94,22.0,22.0,21.8,1016.4,1016.5,1016.4,0.8,292,1.8,-3.53,0.0
A765,05/05/2018,06,20.9,21.2,20.8,94,96,94,19.9,20.5,19.9,1015.5,1015.9,1015.5,0.9,348,1.6,-3.52,0.0
A765,05/05/2018,02,22.0,22.8,22.0,92,95,91,20.6,22.0,20.6,1016.5,1016.5,1016.3,1.0,312,2.3,-3.55,0.0
A765,05/05/2018,03,21.6,22.0,21.5,95,95,92,20.8,20.8,20.4,1016.2,1016.5,1016.2,0.5,295,2.3,-3.59,0.0
A765,05/05/2018,15,28.0,29.3,27.6,72,72,68,22.4,23.4,21.4,1017.9,1018.4,1017.9,2.1,190,5.2,2296.,0.0
A765,05/05/2018,14,27.9,28.0,26.6,68,78,68,21.5,22.7,21.1,1018.3,1018.4,1018.1,2.4,197,5.3,2179.,0.0
A765,05/05/2018,22,24.3,24.7,24.3,91,91,88,22.8,23.1,22.6,1018.6,1018.6,1018.2,0.4,335,1.6,-2.16,0.0
A765,05/05/2018,04,21.1,21.6,21.0,95,96,95,20.3,20.8,20.3,1015.9,1016.2,1015.9,0.8,280,1.5,-3.53,0.0
A765,05/05/2018,11,21.9,22.1,20.8,94,96,94,20.9,21.2,20.1,1017.1,1017.1,1016.6,1.3,276,2.5,221.5,0.0
A765,05/05/2018,08,20.2,20.4,20.1,95,95,93,19.4,19.6,19.1,1015.2,1015.3,1015.2,0.6,305,1.2,-3.58,0.0
A765,05/05/2018,10,20.8,20.8,20.1,96,96,96,20.1,20.2,19.4,1016.6,1016.6,1015.7,1.0,261,2.5,4.704,0.0
A765,05/05/2018,05,21.2,21.4,20.8,96,96,95,20.6,20.7,20.0,1015.9,1015.9,1015.8,0.9,252,1.6,-3.37,0.0
A765,05/05/2018,09,20.2,20.4,20.1,96,96,95,19.4,19.7,19.4,1015.7,1015.7,1015.2,0.7,297,1.4,-3.45,0.0
A765,05/05/2018,07,20.3,20.9,20.3,93,94,92,19.2,19.8,19.2,1015.2,1015.5,1015.1,0.7,222,2.0,-3.59,0.0
A765,05/05/2018,12,24.0,24.2,21.9,86,94,86,21.6,22.2,21.0,1017.6,1017.6,1017.1,0.6,308,2.0,926.4,0.0
A765,05/05/2018,13,26.6,26.7,24.0,77,86,76,22.2,22.2,21.0,1018.2,1018.2,1017.6,1.3,227,4.0,1560.,0.0
A765,05/05/2018,17,26.2,27.1,26.1,82,83,77,22.9,23.1,22.6,1017.3,1017.6,1017.3,3.1,160,6.0,816.6,0.0
A765,05/05/2018,23,23.6,24.4,23.6,93,94,91,22.5,23.0,22.5,1018.8,1018.8,1018.6,0.9,321,1.6,-3.59,0.0
A765,05/05/2018,00,22.7,23.4,22.6,95,95,93,21.8,22.3,21.6,1016.4,1016.4,1016.2,0.4,326,1.3,-3.58,0.0
A765,05/05/2018,20,25.6,25.7,25.4,84,85,84,22.7,22.9,22.6,1017.3,1017.3,1017.0,1.1,131,3.7,236.3,0.0
A765,06/05/2018,03,22.1,22.4,22.1,96,96,96,21.5,21.8,21.5,1019.2,1019.3,1019.1,0.9,267,1.7,-3.16,0.0
A765,06/05/2018,00,22.9,23.6,22.8,95,95,93,22.0,22.4,21.8,1019.1,1019.1,1018.8,0.3,6,1.6,-3.59,0.0
A765,06/05/2018,16,28.1,28.1,26.9,71,75,68,22.3,23.0,21.2,1020.2,1020.6,1020.1,2.1,176,5.7,2411.,0.0
A765,06/05/2018,01,22.3,23.0,22.3,95,96,94,21.5,22.1,21.5,1019.0,1019.2,1018.9,0.6,258,1.5,-3.38,0.0
A765,06/05/2018,22,24.2,24.6,24.1,88,89,84,22.1,22.2,21.7,1020.1,1020.1,1019.7,0.4,246,1.6,-2.19,0.0
A765,06/05/2018,02,22.4,22.5,22.2,96,96,95,21.8,21.8,21.4,1019.2,1019.2,1019.0,1.1,287,1.8,-3.40,0.0
A765,06/05/2018,20,25.0,25.7,25.0,83,83,77,21.8,21.9,21.3,1019.5,1019.5,1019.2,1.1,228,5.7,161.0,0.0
A765,06/05/2018,04,21.7,22.4,21.7,95,96,95,21.0,21.8,21.0,1019.1,1019.3,1019.1,1.6,316,2.6,-2.23,0.0
A765,06/05/2018,05,21.8,22.1,21.6,96,96,95,21.2,21.5,20.8,1019.1,1019.2,1019.0,0.6,283,2.6,-3.10,0.0
A765,06/05/2018,14,27.1,27.1,26.0,71,78,71,21.5,22.0,21.3,1021.1,1021.2,1021.0,1.7,198,5.1,1939.,0.0
A765,06/05/2018,08,21.3,21.3,20.7,97,97,96,20.7,20.7,20.1,1019.1,1019.1,1018.6,1.1,299,1.6,-3.17,0.0
A765,06/05/2018,06,21.2,21.9,21.1,96,96,96,20.6,21.3,20.5,1018.8,1019.1,1018.8,0.7,42,1.9,-3.41,0.0
A765,06/05/2018,23,24.7,24.9,24.1,84,88,83,21.8,22.2,21.7,1020.3,1020.3,1020.0,1.2,169,3.7,-2.49,0.0
A765,06/05/2018,07,20.8,21.2,20.8,96,97,96,20.2,20.6,20.2,1018.6,1018.9,1018.6,0.7,246,1.8,-3.30,0.0
A765,06/05/2018,09,20.6,21.5,20.6,97,97,96,20.1,20.9,20.0,1019.0,1019.1,1018.9,0.4,220,1.6,-3.10,0.0
A765,06/05/2018,10,21.0,21.3,20.4,97,97,97,20.5,20.8,19.8,1019.3,1019.3,1018.9,0.7,343,1.8,3.487,0.0
A765,06/05/2018,11,22.1,22.1,20.9,96,97,96,21.5,21.5,20.4,1020.2,1020.2,1019.3,0.6,248,1.7,168.9,0.0
A765,06/05/2018,13,26.1,26.3,23.8,77,88,77,21.8,22.4,21.2,1021.1,1021.1,1020.6,1.5,211,3.7,1400.,0.0
A765,06/05/2018,12,23.8,23.8,21.7,88,96,88,21.6,21.9,20.9,1020.6,1020.6,1020.2,0.6,259,1.8,825.6,0.0
A765,06/05/2018,19,25.7,27.4,25.7,78,79,72,21.7,22.2,21.6,1019.2,1019.4,1019.2,2.4,149,5.3,642.3,0.0
A765,06/05/2018,15,27.0,28.2,26.9,71,74,67,21.2,22.2,21.0,1020.6,1021.1,1020.6,2.3,185,5.6,2298.,0.2
A765,06/05/2018,21,24.6,25.1,24.6,84,84,82,21.7,21.9,21.6,1019.7,1019.7,1019.5,0.6,215,3.2,58.79,0.0
A765,06/05/2018,18,27.2,27.7,26.3,72,77,71,21.8,22.3,21.6,1019.4,1019.6,1019.4,2.4,168,7.0,1665.,0.0
A765,06/05/2018,17,27.2,28.3,26.1,73,78,71,22.0,22.6,21.8,1019.5,1020.2,1019.5,3.4,155,6.4,1364.,0.0
A765,07/05/2018,16,26.4,27.3,25.5,74,79,72,21.4,22.8,21.1,1020.6,1021.3,1020.6,2.3,159,4.2,2403.,0.0
A765,07/05/2018,01,23.2,23.7,23.2,93,93,91,22.0,22.2,21.9,1020.7,1020.7,1020.5,0.9,305,2.4,-2.41,0.0
A765,07/05/2018,12,24.5,24.5,23.3,88,89,84,22.4,22.4,21.3,1021.7,1021.7,1021.2,0.6,228,2.0,703.2,0.0
A765,07/05/2018,02,23.5,24.6,23.2,91,93,84,22.1,22.6,21.7,1020.8,1020.8,1020.6,0.5,23,4.1,-2.49,0.0
A765,07/05/2018,10,23.1,23.1,22.7,93,94,93,22.0,22.0,21.6,1020.3,1020.4,1019.8,1.2,166,3.9,2.161,0.0
A765,07/05/2018,03,23.5,24.1,23.4,92,93,89,22.1,22.3,22.0,1020.6,1020.8,1020.5,0.3,11,3.7,-2.95,0.0
A765,07/05/2018,11,23.3,23.3,22.3,89,94,89,21.4,22.0,21.2,1021.2,1021.2,1020.3,0.8,7,3.9,358.2,0.0
A765,07/05/2018,04,23.2,23.6,23.0,94,94,92,22.1,22.2,22.0,1020.4,1020.7,1020.4,0.6,348,2.0,-2.61,0.0
A765,07/05/2018,20,24.5,25.1,24.5,79,80,78,20.7,21.1,20.6,1020.1,1020.1,1019.4,1.6,181,4.9,226.7,0.0
A765,07/05/2018,06,22.8,23.1,22.5,95,95,95,22.0,22.2,21.7,1019.8,1020.2,1019.7,0.9,241,3.2,-1.13,0.0
A765,07/05/2018,05,23.0,23.2,22.9,95,95,93,22.2,22.2,21.9,1020.2,1020.4,1020.1,0.5,285,1.8,-1.82,0.0
A765,07/05/2018,07,23.7,23.7,22.2,90,95,90,22.0,22.2,21.0,1019.5,1019.9,1019.4,2.2,106,5.8,-1.47,4.0
A765,07/05/2018,17,26.6,27.3,26.4,74,77,70,21.7,22.4,20.9,1020.1,1020.6,1020.1,2.6,157,5.1,2541.,0.0
A765,07/05/2018,23,22.2,22.4,22.1,93,93,91,21.1,21.1,20.7,1020.7,1020.7,1020.6,1.7,282,2.5,-1.40,0.0
A765,07/05/2018,09,22.7,22.9,22.6,94,95,94,21.7,21.9,21.6,1019.8,1019.8,1019.5,0.8,269,2.0,-0.57,0.0
A765,07/05/2018,08,22.7,23.8,22.6,94,94,88,21.7,22.0,21.3,1019.6,1019.6,1019.5,1.2,340,5.8,-1.50,0.0
A765,07/05/2018,13,23.6,24.5,23.1,90,90,85,21.9,22.4,20.8,1022.0,1022.0,1021.7,1.8,205,4.0,1015.,0.2
A765,07/05/2018,18,25.9,26.7,25.0,76,79,72,21.4,21.7,20.8,1019.7,1020.1,1019.7,2.3,173,6.2,1024.,0.0
A765,07/05/2018,15,26.8,26.8,23.9,78,90,77,22.7,22.7,21.2,1021.3,1021.9,1021.3,1.1,163,2.9,2192.,0.0
A765,07/05/2018,19,25.1,25.9,24.8,79,80,75,21.1,21.6,20.6,1019.5,1019.7,1019.5,2.1,164,5.7,382.7,0.0
A765,07/05/2018,21,23.7,24.5,23.7,86,86,79,21.3,21.3,20.3,1020.4,1020.4,1020.1,0.6,288,4.2,63.14,0.0
A765,07/05/2018,00,23.7,24.7,23.7,91,91,84,22.1,22.3,21.7,1020.6,1020.6,1020.3,1.0,291,2.6,-2.29,0.0
A765,07/05/2018,14,24.1,24.1,22.5,91,94,90,22.4,22.6,21.2,1021.9,1022.1,1021.9,1.2,255,5.1,1167.,3.6
A765,07/05/2018,22,22.4,23.7,22.4,92,92,86,21.0,21.4,20.9,1020.6,1020.6,1020.4,0.4,239,4.5,-1.49,2.0
A765,08/05/2018,12,21.8,22.5,21.8,91,93,90,20.2,21.2,20.2,1021.4,1021.5,1020.8,1.4,348,2.2,391.1,0.4
A765,08/05/2018,15,23.4,25.4,23.2,83,89,72,20.4,22.5,19.8,1021.6,1021.9,1021.6,4.6,113,9.0,1177.,1.0
A765,08/05/2018,13,23.2,23.3,21.8,83,92,83,20.2,20.7,20.0,1021.9,1021.9,1021.4,1.1,322,2.3,881.2,0.0
A765,08/05/2018,17,23.3,24.1,22.4,81,86,75,19.8,20.2,19.3,1020.3,1021.0,1020.3,1.6,339,6.7,833.7,0.0
A765,08/05/2018,16,24.0,24.2,23.4,75,83,72,19.4,20.6,18.7,1021.0,1021.7,1021.0,3.4,83,9.2,794.9,0.0
A765,08/05/2018,22,21.8,22.3,21.8,90,92,90,20.0,20.7,20.0,1020.8,1020.8,1020.2,1.1,278,2.3,-1.65,0.0
A765,08/05/2018,23,21.6,21.9,21.4,91,93,89,20.2,20.3,19.9,1021.3,1021.3,1020.8,0.6,11,2.0,-1.28,0.0
A765,08/05/2018,01,22.1,22.3,22.0,95,95,95,21.2,21.4,21.1,1021.0,1021.1,1020.8,0.6,269,3.4,0.032,4.0
A765,08/05/2018,02,21.8,22.2,21.8,94,95,93,20.9,21.4,20.8,1021.1,1021.2,1021.0,0.5,248,2.5,-1.52,0.0
A765,08/05/2018,11,21.9,21.9,20.8,93,96,93,20.7,20.8,20.1,1020.8,1020.8,1020.2,0.3,10,1.6,221.3,0.0
A765,08/05/2018,03,21.3,21.9,21.3,96,96,94,20.7,21.0,20.7,1020.8,1021.1,1020.8,0.4,247,1.5,-3.20,0.0
A765,08/05/2018,04,21.1,21.6,21.1,96,96,96,20.4,21.0,20.4,1020.5,1020.9,1020.4,1.1,273,2.2,-2.21,0.0
A765,08/05/2018,10,20.9,21.2,20.9,96,96,94,20.2,20.4,20.1,1020.2,1020.2,1019.9,0.9,302,2.6,5.327,0.2
A765,08/05/2018,06,20.9,21.1,20.7,96,96,96,20.3,20.5,20.0,1019.6,1020.0,1019.6,0.9,249,2.2,-1.91,0.0
A765,08/05/2018,07,20.9,21.4,20.9,95,97,95,20.1,20.7,20.1,1019.8,1019.8,1019.6,1.0,197,3.7,-0.18,2.0
A765,08/05/2018,05,21.1,21.2,20.9,96,96,96,20.5,20.6,20.2,1020.0,1020.5,1020.0,0.8,273,2.0,-2.37,0.0
A765,08/05/2018,08,21.0,21.2,20.8,96,96,95,20.3,20.4,20.1,1019.7,1019.9,1019.6,1.7,292,3.5,-0.08,1.2
A765,08/05/2018,09,21.1,21.4,20.9,94,96,94,20.2,20.4,20.1,1019.9,1020.0,1019.7,0.6,203,2.7,-0.07,0.0
A765,08/05/2018,21,22.3,22.7,22.3,91,91,84,20.7,20.7,19.8,1020.2,1020.2,1019.5,0.7,238,2.2,53.51,0.0
A765,08/05/2018,18,22.8,24.2,22.6,83,84,77,19.9,20.4,19.2,1019.7,1020.3,1019.7,1.7,339,10.0,577.8,0.0
A765,08/05/2018,20,22.7,23.2,22.7,84,84,80,19.9,19.9,19.3,1019.7,1019.7,1019.5,1.5,298,2.8,254.1,0.0
A765,08/05/2018,19,22.9,22.9,22.3,82,88,82,19.7,20.2,19.6,1019.6,1019.9,1019.6,2.0,296,3.9,430.1,0.0
A765,08/05/2018,14,25.4,25.6,23.2,72,84,71,20.0,20.9,19.5,1021.8,1021.9,1021.8,1.4,204,3.4,1930.,0.0
A765,08/05/2018,00,22.2,22.3,22.0,95,95,93,21.3,21.4,21.0,1020.8,1020.8,1020.5,0.8,307,2.4,-1.06,0.0
A765,09/05/2018,15,25.6,26.3,25.2,65,70,63,18.5,19.7,18.2,1021.2,1021.9,1021.1,1.9,120,4.5,2620.,0.0
A765,09/05/2018,06,18.9,19.1,18.6,96,96,95,18.2,18.5,17.9,1020.7,1020.9,1020.7,0.7,321,1.0,-3.41,0.0
A765,09/05/2018,19,26.0,26.4,24.7,67,72,63,19.3,19.9,17.9,1018.2,1018.8,1018.2,0.7,101,3.7,1259.,0.0
A765,09/05/2018,08,18.7,18.8,18.3,96,97,96,18.1,18.2,17.7,1020.5,1020.6,1020.5,0.6,286,1.6,-3.56,0.0
A765,09/05/2018,10,18.3,18.8,18.2,97,97,96,17.8,18.3,17.6,1021.1,1021.1,1020.9,0.8,241,1.8,3.023,0.0
A765,09/05/2018,11,19.4,19.4,18.3,95,97,95,18.6,18.6,17.7,1021.9,1021.9,1021.1,0.8,245,1.8,198.2,0.0
A765,09/05/2018,09,18.7,18.8,18.4,97,97,96,18.1,18.3,17.8,1020.9,1020.9,1020.5,0.7,266,2.2,-3.47,0.0
A765,09/05/2018,12,22.0,22.0,19.4,85,96,85,19.4,19.8,18.7,1022.0,1022.1,1021.8,0.4,322,1.6,1073.,0.0
A765,09/05/2018,16,26.1,26.5,25.5,70,70,64,20.2,20.2,18.6,1020.3,1021.2,1020.3,2.1,110,6.1,2730.,0.0
A765,09/05/2018,14,25.2,25.7,23.7,66,74,65,18.4,19.3,18.0,1021.9,1022.3,1021.9,1.9,106,4.0,1533.,0.0
A765,09/05/2018,18,25.4,25.4,24.5,70,74,69,19.5,19.8,19.1,1018.8,1019.4,1018.7,1.4,120,3.9,1009.,0.0
A765,09/05/2018,17,25.4,26.4,24.8,70,75,67,19.6,20.5,19.3,1019.3,1020.3,1019.3,1.7,125,5.1,1966.,0.0
A765,09/05/2018,21,21.8,24.1,21.7,90,90,74,20.1,20.1,18.8,1018.4,1018.4,1018.1,2.0,277,3.4,89.76,0.0
A765,09/05/2018,22,21.2,21.8,21.2,90,90,89,19.5,20.1,19.5,1018.9,1019.0,1018.4,1.3,295,2.7,-2.98,0.0
A765,09/05/2018,23,20.4,21.2,20.3,93,93,89,19.1,19.5,19.0,1019.3,1019.3,1018.9,1.1,291,2.0,-3.60,0.0
A765,09/05/2018,13,24.0,24.6,22.0,68,85,68,17.6,19.8,17.6,1022.3,1022.3,1022.0,1.0,354,2.1,1521.,0.2
A765,09/05/2018,20,24.1,26.2,24.1,75,76,63,19.4,19.8,18.2,1018.2,1018.3,1018.1,1.9,301,3.4,642.3,0.0
A765,09/05/2018,03,19.7,20.3,19.7,95,96,95,18.9,19.5,18.9,1021.7,1021.9,1021.7,0.6,296,1.7,-3.57,0.0
A765,09/05/2018,01,21.0,21.4,21.0,93,93,91,19.8,20.2,19.8,1022.0,1022.2,1022.0,0.9,324,2.0,-1.97,0.0
A765,09/05/2018,02,20.2,21.1,20.2,95,95,93,19.4,19.9,19.4,1021.8,1022.0,1021.8,0.5,253,2.0,-3.58,0.0
A765,09/05/2018,07,18.8,18.9,18.4,96,97,96,18.2,18.3,17.7,1020.5,1020.7,1020.4,0.8,274,1.5,-3.56,0.0
A765,09/05/2018,00,21.4,21.7,21.3,92,92,91,20.0,20.2,19.9,1022.0,1022.0,1021.3,0.6,209,1.8,-2.80,0.0
A765,09/05/2018,04,19.0,19.7,19.0,95,96,95,18.2,19.0,18.2,1021.6,1021.7,1021.6,0.4,289,1.5,-3.58,0.0
A765,09/05/2018,05,18.7,19.2,18.7,95,96,95,17.9,18.5,17.9,1020.9,1021.6,1020.9,0.4,338,1.1,-3.58,0.0
A765,10/05/2018,02,19.7,20.6,19.7,93,93,91,18.6,19.2,18.5,1019.6,1019.8,1019.6,0.5,248,3.3,-3.35,0.0
A765,10/05/2018,03,19.6,19.8,19.6,95,95,93,18.8,19.0,18.5,1019.0,1019.7,1019.0,0.7,277,2.0,-3.45,0.0
A765,10/05/2018,05,19.3,19.5,19.3,96,96,96,18.7,18.9,18.6,1018.6,1019.0,1018.6,1.0,259,2.3,-3.44,0.0
A765,10/05/2018,15,26.4,27.2,26.1,59,62,57,17.8,18.7,17.4,1018.3,1019.2,1018.3,2.3,129,4.8,2563.,0.0
A765,10/05/2018,04,19.3,19.7,19.3,96,96,95,18.6,19.0,18.5,1018.9,1019.0,1018.7,0.6,255,1.6,-3.49,0.0
A765,10/05/2018,13,25.4,25.4,22.6,65,82,64,18.4,19.7,16.9,1019.4,1019.6,1019.2,0.6,149,2.5,1662.,0.0
A765,10/05/2018,07,19.5,19.7,19.3,96,96,96,18.8,19.0,18.6,1018.0,1018.2,1018.0,1.0,290,1.9,-2.84,0.0
A765,10/05/2018,08,19.0,19.6,18.9,96,96,96,18.4,19.0,18.2,1018.1,1018.1,1017.9,0.5,284,2.4,-3.46,0.0
A765,10/05/2018,06,19.5,19.8,19.2,96,96,96,18.9,19.1,18.5,1018.2,1018.6,1018.2,0.7,258,2.3,-3.04,0.0
A765,10/05/2018,09,18.5,19.2,18.3,96,96,96,17.9,18.6,17.6,1018.1,1018.1,1017.9,0.6,255,1.5,-3.50,0.0
A765,10/05/2018,20,25.3,26.2,25.1,70,71,65,19.3,19.8,18.6,1014.8,1015.3,1014.8,1.3,130,4.0,621.1,0.0
A765,10/05/2018,22,21.3,22.6,21.3,92,92,87,19.9,20.4,19.9,1015.7,1015.7,1015.1,0.9,295,2.1,-3.59,0.0
A765,10/05/2018,10,18.3,18.8,18.3,96,97,96,17.7,18.2,17.7,1018.4,1018.4,1018.0,1.0,290,1.9,1.873,0.0
A765,10/05/2018,19,25.9,26.7,25.5,67,67,62,19.2,19.4,18.4,1015.2,1015.3,1015.2,1.9,119,4.6,1249.,0.0
A765,10/05/2018,11,20.1,20.1,18.3,93,96,93,19.0,19.1,17.7,1019.0,1019.0,1018.3,0.7,246,3.0,222.0,0.0
A765,10/05/2018,14,26.4,26.4,25.0,61,65,57,18.3,18.3,16.4,1019.2,1019.5,1019.2,1.0,237,2.9,2255.,0.0
A765,10/05/2018,16,26.6,27.1,26.2,61,63,58,18.4,18.9,17.7,1017.4,1018.3,1017.4,2.5,121,4.9,2664.,0.0
A765,10/05/2018,12,22.6,22.6,20.1,81,93,81,19.3,20.3,19.1,1019.2,1019.2,1018.9,1.5,186,2.5,1066.,0.0
A765,10/05/2018,17,26.4,26.9,25.9,64,65,59,18.9,19.3,17.7,1016.1,1017.4,1016.1,2.4,107,5.5,2472.,0.0
A765,10/05/2018,21,22.6,25.3,22.6,87,87,70,20.3,20.5,19.3,1015.1,1015.1,1014.8,0.8,318,3.1,101.8,0.0
A765,10/05/2018,18,26.3,26.8,26.2,64,67,62,19.0,19.7,18.6,1015.3,1016.1,1015.3,2.6,120,5.3,2100.,0.0
A765,10/05/2018,23,20.8,21.3,20.8,92,93,92,19.6,20.1,19.6,1016.3,1016.3,1015.7,0.7,359,1.8,-3.59,0.0
A765,10/05/2018,00,20.2,20.6,20.1,93,93,92,18.9,19.4,18.8,1019.3,1019.4,1019.1,0.6,260,2.4,-3.59,0.0
A765,10/05/2018,01,20.0,20.2,19.7,93,95,93,18.8,19.1,18.7,1019.7,1019.7,1019.3,1.4,56,3.3,-3.57,0.0
A765,11/05/2018,01,19.9,20.4,19.9,94,95,94,19.0,19.5,19.0,1017.1,1017.3,1017.0,0.6,295,1.5,-3.59,0.0
A765,11/05/2018,02,19.8,20.0,19.6,96,96,94,19.0,19.2,18.8,1017.2,1017.3,1017.1,0.5,307,1.5,-3.57,0.0
A765,11/05/2018,03,19.6,20.0,19.5,96,96,95,19.0,19.2,18.8,1016.7,1017.3,1016.7,0.6,296,1.2,-3.59,0.0
A765,11/05/2018,05,19.0,19.6,19.0,96,97,96,18.4,19.0,18.4,1015.8,1016.2,1015.8,0.5,5,1.3,-3.57,0.0
A765,11/05/2018,04,19.5,19.7,19.3,96,96,96,18.8,19.1,18.7,1016.2,1016.7,1016.2,0.7,294,1.6,-3.56,0.0
A765,11/05/2018,14,28.3,28.3,27.1,45,51,45,15.1,16.1,14.7,1015.2,1015.9,1015.2,2.6,350,6.4,1985.,0.2
A765,11/05/2018,06,19.0,19.1,18.5,96,96,96,18.3,18.4,17.8,1015.2,1015.8,1015.2,0.8,1,1.7,-3.55,0.0
A765,11/05/2018,15,30.0,30.7,28.1,,50,42,,17.1,15.0,1014.2,1015.2,1014.2,1.6,122,5.9,2493.,0.0
A765,11/05/2018,08,18.7,18.9,18.5,96,96,95,18.1,18.3,17.7,1014.5,1014.6,1014.4,0.6,202,1.7,-3.56,0.0
A765,11/05/2018,10,18.5,18.7,18.3,96,96,96,17.8,18.1,17.6,1015.2,1015.2,1014.8,0.6,236,1.9,1.996,0.0
A765,11/05/2018,12,23.3,23.3,20.1,78,93,76,19.2,19.7,18.9,1016.2,1016.2,1015.8,1.3,191,3.5,926.3,0.0
A765,11/05/2018,11,20.1,20.1,18.3,93,96,93,19.0,19.0,17.6,1015.8,1015.8,1015.2,0.8,220,2.3,187.5,0.0
A765,11/05/2018,13,27.2,27.4,23.3,49,78,47,15.5,19.2,15.0,1015.9,1016.2,1015.8,3.4,339,5.8,1642.,0.0
A765,11/05/2018,19,27.2,28.4,27.2,69,69,55,20.9,21.9,18.0,1011.6,1012.0,1011.6,1.2,103,4.3,1234.,0.0
A765,11/05/2018,16,28.3,30.0,27.9,62,65,48,20.4,21.2,17.5,1013.1,1014.2,1013.1,3.0,127,6.3,2326.,0.0
A765,11/05/2018,20,26.9,28.5,26.7,72,76,66,21.5,22.2,20.9,1011.5,1011.6,1011.3,0.7,124,2.5,696.0,0.0
A765,11/05/2018,18,28.4,28.7,27.2,66,67,57,21.4,21.7,18.6,1012.0,1012.8,1011.9,1.5,114,4.9,1957.,0.0
A765,11/05/2018,17,27.3,28.7,27.3,63,69,62,19.6,21.6,19.6,1012.8,1013.1,1012.7,2.1,107,6.5,2079.,0.0
A765,11/05/2018,21,24.5,26.9,24.5,81,81,70,21.1,21.5,20.5,1011.3,1011.6,1011.3,0.5,5,2.4,76.27,0.0
A765,11/05/2018,09,18.7,19.0,18.7,96,97,96,18.0,18.5,18.0,1014.8,1014.8,1014.5,0.7,253,2.3,-3.53,0.0
A765,11/05/2018,22,23.2,24.5,23.2,85,85,81,20.5,21.4,20.4,1011.0,1011.3,1011.0,0.8,273,2.8,-3.56,0.0
A765,11/05/2018,07,18.8,19.0,18.4,96,96,94,18.0,18.3,17.5,1014.6,1015.1,1014.6,0.6,265,1.7,-3.58,0.0
A765,11/05/2018,23,22.2,23.2,22.2,87,88,84,20.0,20.7,20.0,1010.5,1011.1,1010.3,1.5,298,3.5,-3.60,0.0
A765,11/05/2018,00,20.4,20.8,20.4,94,94,92,19.4,19.6,19.3,1017.0,1017.0,1016.3,0.8,311,1.4,-3.59,0.0
A765,12/05/2018,01,21.5,21.8,21.2,89,90,87,19.6,19.9,19.3,1010.9,1011.1,1010.6,1.2,185,3.7,-3.60,0.0
A765,12/05/2018,21,22.3,22.3,21.9,83,87,83,19.3,19.7,19.2,1014.3,1014.3,1014.0,0.9,343,2.4,20.03,0.0
A765,12/05/2018,02,22.2,22.2,21.4,83,89,80,19.2,19.8,18.5,1011.2,1011.3,1010.9,1.8,261,4.7,-3.60,0.0
A765,12/05/2018,03,21.6,22.2,21.3,82,86,80,18.5,19.2,18.5,1011.2,1011.4,1011.1,1.4,268,4.7,-3.59,0.0
A765,12/05/2018,23,22.1,22.6,21.8,84,88,82,19.4,19.8,19.3,1015.7,1015.7,1014.7,1.5,203,3.8,-1.37,0.0
A765,12/05/2018,07,23.8,23.8,20.8,65,87,65,17.0,18.9,17.0,1009.3,1009.9,1009.1,2.4,75,4.6,-3.60,0.0
A765,12/05/2018,09,22.7,22.7,21.7,75,82,73,18.2,18.7,17.6,1010.3,1010.4,1009.6,1.0,75,4.3,-2.55,0.0
A765,12/05/2018,05,21.5,21.8,21.1,82,85,81,18.2,18.8,18.1,1010.5,1010.9,1010.2,0.8,162,4.8,-3.60,0.0
A765,12/05/2018,06,21.4,21.8,20.8,82,88,80,18.1,19.0,17.8,1010.0,1010.5,1009.9,1.6,199,4.6,-3.59,0.0
A765,12/05/2018,15,26.0,26.4,26.0,74,75,62,21.1,21.5,18.7,1013.6,1013.6,1013.4,2.6,235,9.2,1168.,0.0
A765,12/05/2018,08,21.9,24.6,21.6,82,82,61,18.6,18.6,16.4,1009.7,1009.7,1009.1,1.8,224,4.3,-3.55,0.0
A765,12/05/2018,04,21.4,21.8,21.0,84,87,82,18.6,18.9,18.3,1010.9,1011.3,1010.8,1.4,301,3.7,-3.60,0.0
A765,12/05/2018,12,23.9,24.6,22.6,77,79,70,19.6,19.6,18.5,1012.8,1012.9,1012.1,0.7,243,2.5,500.9,0.0
A765,12/05/2018,14,26.1,27.4,25.5,68,72,61,19.8,20.5,19.1,1013.4,1013.4,1013.0,2.1,193,4.1,809.0,0.0
A765,12/05/2018,10,21.7,24.1,21.7,81,81,66,18.2,18.7,17.1,1011.0,1011.0,1010.3,0.9,214,4.0,2.482,0.0
A765,12/05/2018,13,25.5,25.5,23.8,71,80,70,19.8,20.4,19.5,1013.1,1013.2,1012.8,1.1,190,2.6,603.3,0.0
A765,12/05/2018,16,23.9,26.2,23.9,83,84,74,20.9,21.3,20.6,1013.7,1013.8,1013.5,2.0,207,6.8,966.0,0.0
A765,12/05/2018,17,24.1,24.2,23.8,75,84,75,19.5,21.1,19.4,1013.4,1013.8,1013.3,1.8,246,5.0,515.2,0.0
A765,12/05/2018,11,22.6,22.7,21.7,78,82,76,18.5,19.2,18.2,1012.1,1012.1,1011.0,0.8,275,3.5,126.2,0.0
A765,12/05/2018,20,21.9,23.3,21.9,86,86,76,19.5,19.5,18.8,1014.0,1014.0,1013.6,1.4,195,4.4,90.54,0.0
A765,12/05/2018,18,23.6,24.2,23.5,77,78,73,19.4,19.6,18.9,1013.3,1013.4,1013.2,1.1,228,5.0,314.0,0.0
A765,12/05/2018,22,21.9,22.4,21.9,86,86,82,19.5,19.5,19.2,1014.7,1014.7,1014.3,0.8,256,2.7,-1.73,0.0
A765,12/05/2018,19,23.3,23.9,23.3,76,79,73,18.8,19.9,18.5,1013.6,1013.6,1013.3,1.0,244,4.6,321.7,0.0
A765,12/05/2018,00,21.6,22.3,21.6,88,90,86,19.6,20.2,19.5,1010.8,1011.0,1010.5,1.0,99,4.2,-3.59,0.0
A765,13/05/2018,21,21.8,23.1,21.8,79,79,74,18.1,18.3,17.9,1017.2,1017.2,1016.7,0.6,123,2.4,69.57,0.0
A765,13/05/2018,00,20.8,22.1,20.8,94,94,85,19.9,20.1,19.4,1016.3,1016.3,1015.7,1.3,235,3.8,-2.13,0.8
A765,13/05/2018,16,24.3,24.4,23.9,76,76,71,19.7,19.7,18.6,1017.9,1018.4,1017.9,1.3,132,2.5,1013.,0.0
A765,13/05/2018,06,20.6,20.7,20.3,94,96,94,19.5,19.7,19.5,1015.9,1016.4,1015.9,1.0,354,3.2,-1.66,0.2
A765,13/05/2018,01,20.6,20.8,20.4,96,96,94,20.0,20.0,19.7,1016.5,1016.5,1016.3,1.2,298,2.5,-0.27,3.0
A765,13/05/2018,04,20.5,20.7,20.3,95,96,95,19.7,20.0,19.6,1016.2,1016.7,1016.2,0.7,317,2.4,-1.26,0.0
A765,13/05/2018,02,20.8,20.8,20.6,96,96,96,20.1,20.2,19.9,1016.8,1016.8,1016.5,1.0,297,2.3,-0.84,0.0
A765,13/05/2018,23,20.7,21.0,20.5,92,92,90,19.3,19.3,19.0,1018.3,1018.3,1017.4,0.8,303,1.5,-2.53,0.0
A765,13/05/2018,03,20.5,20.8,20.4,95,96,95,19.7,20.1,19.6,1016.7,1016.8,1016.6,1.3,19,3.5,-0.73,0.2
A765,13/05/2018,11,20.5,20.6,20.2,94,95,93,19.5,19.6,19.1,1017.8,1017.8,1017.0,0.7,247,2.1,129.4,0.0
A765,13/05/2018,22,21.0,21.8,21.0,90,90,79,19.3,19.7,17.9,1017.4,1017.4,1017.2,0.9,270,1.9,-3.60,0.0
A765,13/05/2018,09,20.3,20.5,20.2,92,94,92,18.9,19.5,18.9,1016.2,1016.2,1015.9,0.8,346,3.1,-2.39,0.0
A765,13/05/2018,10,20.2,20.4,20.0,94,94,92,19.2,19.2,18.9,1017.0,1017.0,1016.2,0.7,246,1.7,1.697,0.0
A765,13/05/2018,05,20.3,20.7,20.3,95,96,95,19.6,20.0,19.6,1016.4,1016.4,1016.2,1.4,320,2.6,-1.03,0.4
A765,13/05/2018,12,21.7,21.7,20.4,89,95,89,19.8,20.0,19.5,1018.3,1018.3,1017.8,0.8,270,1.9,504.0,0.0
A765,13/05/2018,17,23.9,24.3,23.9,74,76,69,18.9,19.7,18.1,1017.0,1017.9,1017.0,1.7,154,3.4,798.0,0.0
A765,13/05/2018,07,20.4,20.7,20.4,95,95,93,19.5,19.7,19.4,1015.8,1015.9,1015.7,0.9,219,2.3,-1.30,0.0
A765,13/05/2018,08,20.4,20.7,20.3,94,95,93,19.5,19.8,19.3,1015.9,1015.9,1015.8,0.5,67,2.5,-1.96,0.0
A765,13/05/2018,14,24.0,25.1,23.7,72,75,64,18.8,19.1,17.8,1018.7,1018.9,1018.7,1.7,172,2.9,1523.,0.0
A765,13/05/2018,13,23.7,23.7,21.7,75,89,73,19.0,19.9,18.5,1018.8,1018.8,1018.3,0.6,296,1.6,1218.,0.0
A765,13/05/2018,19,24.0,24.0,23.4,72,74,71,18.6,18.6,18.1,1016.5,1016.7,1016.5,0.9,136,3.2,470.1,0.0
A765,13/05/2018,18,23.6,23.9,23.5,74,74,71,18.6,19.0,18.2,1016.7,1017.0,1016.6,1.7,166,4.4,650.8,0.0
A765,13/05/2018,20,23.1,24.5,23.1,75,75,69,18.3,18.7,17.9,1016.7,1016.7,1016.4,0.8,152,2.9,508.0,0.0
A765,13/05/2018,15,24.3,24.6,23.9,72,75,70,18.9,19.4,18.3,1018.4,1018.7,1018.4,0.7,112,3.3,1163.,0.0
A765,14/05/2018,20,23.1,24.0,23.1,81,82,75,19.7,20.0,19.1,1016.2,1016.2,1016.1,1.0,236,2.8,136.2,0.0
A765,14/05/2018,21,22.9,23.2,22.8,83,83,80,19.9,19.9,19.3,1016.1,1016.2,1016.1,1.1,325,2.5,6.455,0.0
A765,14/05/2018,13,23.1,23.1,22.2,74,82,74,18.3,19.3,18.3,1020.1,1020.1,1019.7,1.0,350,2.0,930.5,0.0
A765,14/05/2018,15,23.7,24.9,23.7,70,72,66,18.0,19.1,17.8,1018.9,1019.8,1018.9,2.7,91,4.8,1320.,0.0
A765,14/05/2018,14,24.5,24.6,23.1,70,75,69,18.7,19.3,17.9,1019.8,1020.2,1019.8,1.6,82,3.8,1257.,0.0
A765,14/05/2018,22,22.6,23.0,22.5,86,87,83,20.1,20.3,19.8,1016.5,1016.5,1016.1,1.0,284,2.3,-0.10,0.0
A765,14/05/2018,02,20.2,21.1,20.2,92,92,90,18.9,19.7,18.8,1020.0,1020.3,1020.0,0.7,204,2.5,-3.33,0.0
A765,14/05/2018,03,19.7,20.5,19.6,95,95,92,18.8,19.4,18.7,1019.5,1020.0,1019.5,0.6,274,2.2,-3.60,0.0
A765,14/05/2018,16,24.3,24.3,23.6,74,75,70,19.2,19.3,17.9,1017.9,1018.9,1017.9,1.0,92,4.7,826.3,0.0
A765,14/05/2018,04,19.3,19.8,19.0,96,96,95,18.6,19.0,18.2,1018.8,1019.5,1018.8,0.8,258,1.4,-3.36,0.0
A765,14/05/2018,09,20.1,20.3,20.0,95,95,94,19.3,19.4,19.1,1018.4,1018.4,1017.9,0.6,246,1.6,-2.05,0.0
A765,14/05/2018,01,20.9,21.0,20.7,92,93,91,19.6,19.8,19.3,1020.0,1020.1,1019.2,0.9,56,2.5,-2.24,0.0
A765,14/05/2018,11,20.5,20.6,20.0,95,95,95,19.6,19.7,19.1,1019.8,1019.8,1018.9,0.6,247,1.5,94.29,0.0
A765,14/05/2018,10,20.0,20.2,20.0,95,95,95,19.2,19.4,19.1,1018.9,1018.9,1018.4,0.5,251,1.4,0.499,0.0
A765,14/05/2018,17,24.4,24.6,23.8,70,75,70,18.6,19.3,18.3,1017.0,1017.9,1017.0,1.4,91,3.5,1059.,0.0
A765,14/05/2018,00,21.0,21.0,20.5,90,93,90,19.3,19.7,19.2,1019.2,1019.2,1018.3,1.1,285,1.6,-1.99,0.2
A765,14/05/2018,06,20.5,20.5,20.0,95,95,95,19.6,19.7,19.2,1018.2,1018.6,1018.2,0.9,318,1.4,-1.27,0.0
A765,14/05/2018,05,20.3,20.3,19.3,95,96,95,19.5,19.5,18.6,1018.6,1018.9,1018.6,0.7,321,1.4,-0.64,0.0
A765,14/05/2018,12,22.5,22.5,20.5,82,95,81,19.1,19.7,19.0,1019.9,1020.0,1019.8,0.2,349,1.6,573.9,0.0
A765,14/05/2018,07,19.9,20.6,19.3,95,96,94,19.2,19.7,18.6,1018.0,1018.2,1018.0,1.0,296,1.7,-3.42,0.0
A765,14/05/2018,08,20.1,20.4,19.8,94,96,94,19.1,19.5,19.0,1018.2,1018.2,1017.9,0.6,263,2.0,-1.22,0.0
A765,14/05/2018,18,24.2,24.5,24.0,73,73,70,19.0,19.2,18.6,1016.3,1017.0,1016.3,1.7,136,3.4,723.6,0.0
A765,14/05/2018,19,23.9,24.3,23.9,76,76,73,19.3,19.4,18.8,1016.1,1016.3,1016.1,1.2,130,3.5,353.8,0.0
A765,14/05/2018,23,22.5,22.8,22.5,88,89,84,20.5,20.5,19.9,1017.2,1017.2,1016.5,0.9,277,2.7,-0.09,0.0
A765,15/05/2018,22,22.3,23.3,22.2,92,92,88,20.9,21.5,20.8,1012.7,1012.7,1012.3,1.1,256,3.0,-3.17,0.0
A765,15/05/2018,09,19.8,20.2,19.6,96,96,95,19.0,19.5,18.9,1015.8,1015.8,1015.2,1.0,222,2.0,-3.40,0.0
A765,15/05/2018,12,22.6,22.7,20.9,87,94,87,20.4,20.7,19.8,1017.1,1017.2,1017.0,0.9,233,1.9,656.0,0.0
A765,15/05/2018,08,20.2,20.5,20.1,96,96,95,19.5,19.7,19.3,1015.2,1015.4,1015.2,1.0,291,2.4,-3.43,0.0
A765,15/05/2018,15,24.8,25.4,24.5,80,82,76,21.1,21.3,20.4,1015.4,1016.2,1015.4,1.5,111,4.1,1256.,0.0
A765,15/05/2018,04,20.8,21.2,20.8,95,95,93,19.9,20.3,19.8,1016.5,1017.0,1016.5,0.6,304,1.5,-3.19,0.0
A765,15/05/2018,01,22.2,22.3,22.2,92,92,91,20.8,20.9,20.6,1017.4,1017.5,1017.4,0.7,307,1.6,-0.22,0.0
A765,15/05/2018,23,21.5,22.3,21.5,94,94,92,20.4,21.0,20.4,1013.0,1013.0,1012.6,0.6,279,3.0,-3.58,0.0
A765,15/05/2018,00,22.3,22.6,22.2,91,91,88,20.7,20.9,20.4,1017.4,1017.4,1017.2,0.9,272,1.6,-0.20,0.0
A765,15/05/2018,16,24.0,25.5,24.0,82,82,77,20.7,21.4,20.4,1014.4,1015.4,1014.4,2.0,96,4.6,943.1,0.0
A765,15/05/2018,07,20.5,20.7,20.5,95,96,95,19.7,20.0,19.7,1015.3,1015.7,1015.3,1.7,295,3.4,-3.41,0.0
A765,15/05/2018,11,20.9,20.9,19.7,94,96,94,20.0,20.0,19.0,1017.2,1017.2,1016.6,1.1,282,2.6,189.2,0.0
A765,15/05/2018,17,23.8,24.2,23.7,81,82,81,20.4,20.9,20.3,1013.3,1014.4,1013.3,1.7,85,3.4,342.9,0.0
A765,15/05/2018,18,24.0,24.2,23.8,81,82,80,20.5,20.9,20.3,1012.7,1013.3,1012.6,1.0,127,3.0,435.8,0.0
A765,15/05/2018,05,20.4,20.8,20.3,95,95,94,19.7,19.9,19.4,1016.1,1016.6,1016.1,1.0,272,1.8,-3.48,0.0
A765,15/05/2018,02,22.1,22.2,22.1,89,92,89,20.3,20.8,20.3,1017.2,1017.4,1017.2,0.8,305,1.9,-0.36,0.0
A765,15/05/2018,03,20.9,22.2,20.9,93,93,89,19.8,20.3,19.7,1017.0,1017.2,1016.9,0.6,216,1.9,-3.42,0.0
A765,15/05/2018,10,19.9,20.4,19.6,96,96,95,19.1,19.7,19.0,1016.6,1016.6,1015.8,1.3,274,2.6,1.077,0.0
A765,15/05/2018,20,23.8,24.1,23.7,84,84,81,21.0,21.0,20.6,1011.8,1012.1,1011.6,0.8,238,4.1,205.5,0.0
A765,15/05/2018,06,20.6,20.6,20.3,96,96,95,19.9,19.9,19.6,1015.7,1016.1,1015.7,1.5,235,3.4,-3.32,0.0
A765,15/05/2018,13,24.8,25.0,22.5,79,88,73,20.8,20.8,19.1,1016.9,1017.1,1016.8,2.6,93,4.7,1460.,0.0
A765,15/05/2018,19,24.1,24.4,23.9,81,82,80,20.7,20.9,20.3,1012.1,1012.7,1012.0,1.2,153,4.6,425.5,0.0
A765,15/05/2018,14,24.8,25.7,24.7,77,80,76,20.6,21.4,20.4,1016.2,1016.9,1016.2,1.8,129,4.7,2089.,0.0
A765,15/05/2018,21,23.2,23.9,23.2,88,88,84,21.1,21.1,20.8,1012.4,1012.4,1011.7,0.6,172,3.9,64.82,0.0
A765,16/05/2018,05,20.2,20.4,20.0,96,96,96,19.5,19.8,19.3,1012.3,1012.6,1012.2,0.7,263,2.5,-3.32,0.0
A765,16/05/2018,08,22.3,22.8,21.6,82,87,78,19.1,19.3,18.7,1011.7,1011.7,1011.5,2.2,230,4.9,-3.60,0.0
A765,16/05/2018,21,23.5,24.4,23.5,86,86,78,21.0,21.2,20.4,1015.0,1015.0,1014.5,0.5,359,3.3,23.62,0.0
A765,16/05/2018,16,25.5,27.5,25.5,78,79,68,21.4,22.3,20.7,1014.2,1014.4,1014.1,2.1,225,6.1,684.9,0.0
A765,16/05/2018,12,22.9,22.9,22.0,85,88,85,20.2,20.2,19.3,1014.7,1014.7,1013.2,1.3,281,2.4,355.0,0.0
A765,16/05/2018,13,24.1,24.1,22.9,82,86,82,20.8,20.8,19.8,1015.4,1015.4,1014.7,0.3,13,1.9,581.2,0.0
A765,16/05/2018,00,21.4,21.5,21.1,95,95,94,20.5,20.6,20.2,1013.6,1013.6,1013.0,1.1,243,2.0,-3.53,0.0
A765,16/05/2018,20,24.4,24.8,24.4,78,78,75,20.4,20.4,19.8,1014.5,1014.5,1014.2,0.9,231,4.7,156.0,0.0
A765,16/05/2018,03,19.9,20.2,19.9,95,96,95,19.1,19.6,19.1,1013.0,1013.3,1013.0,0.9,208,2.5,-3.48,0.0
A765,16/05/2018,02,20.1,20.8,20.1,96,96,95,19.4,20.0,19.4,1013.2,1013.6,1013.2,0.7,6,3.1,-3.38,0.0
A765,16/05/2018,22,22.0,23.5,22.0,93,93,86,20.8,21.3,20.7,1015.2,1015.3,1015.0,2.5,308,3.8,-2.94,2.4
A765,16/05/2018,09,19.9,22.4,19.9,91,92,82,18.5,19.3,18.4,1011.7,1011.8,1011.3,1.5,241,4.7,-3.60,0.0
A765,16/05/2018,04,20.0,20.2,19.8,96,96,95,19.3,19.5,19.0,1012.6,1013.1,1012.6,0.8,251,3.0,-3.28,0.0
A765,16/05/2018,18,25.2,26.7,25.2,73,75,69,20.0,20.9,20.0,1013.9,1013.9,1013.5,2.2,234,7.2,993.1,0.0
A765,16/05/2018,01,20.7,21.4,20.7,95,96,95,19.9,20.5,19.9,1013.5,1013.7,1013.5,0.6,249,2.0,-3.38,0.0
A765,16/05/2018,14,24.8,25.6,24.1,79,82,76,20.8,21.2,20.4,1015.0,1015.4,1014.9,1.5,283,2.1,1333.,0.0
A765,16/05/2018,23,21.2,22.2,21.1,96,96,92,20.5,20.9,19.9,1016.0,1016.0,1015.2,2.6,333,5.5,-0.24,20.8
A765,16/05/2018,06,20.6,20.6,19.9,95,96,95,19.7,19.7,19.1,1011.8,1012.4,1011.8,1.7,194,3.0,-2.99,0.0
A765,16/05/2018,10,20.7,20.8,19.9,92,92,90,19.4,19.4,18.4,1012.6,1012.7,1011.7,0.6,261,3.9,1.310,0.0
A765,16/05/2018,15,27.4,27.7,24.8,69,79,66,21.1,21.9,20.5,1014.4,1015.0,1014.4,2.4,185,4.8,2305.,0.2
A765,16/05/2018,17,26.5,26.6,25.2,70,80,70,20.7,21.4,20.6,1013.6,1014.2,1013.5,1.9,234,6.0,1182.,0.0
A765,16/05/2018,07,21.6,21.6,20.4,87,95,87,19.3,20.0,19.1,1011.6,1011.8,1011.5,2.2,205,4.5,-3.60,0.0
A765,16/05/2018,19,24.8,25.2,24.7,75,75,71,20.0,20.1,19.4,1014.2,1014.2,1013.9,1.6,233,5.4,357.1,0.0
A765,16/05/2018,11,22.0,22.1,20.6,86,92,86,19.5,20.1,19.2,1013.2,1013.3,1012.5,1.2,335,2.4,247.2,0.0
A765,17/05/2018,09,20.0,20.2,19.8,96,96,95,19.3,19.4,19.1,1016.6,1016.6,1016.4,0.9,323,1.4,-2.93,0.0
A765,17/05/2018,06,21.3,21.6,21.0,94,96,94,20.4,20.7,20.3,1016.6,1017.0,1016.6,1.6,264,3.1,0.390,0.0
A765,17/05/2018,02,21.4,22.0,21.3,92,93,89,20.1,20.5,20.0,1016.9,1016.9,1016.8,1.1,282,3.1,0.549,0.0
A765,17/05/2018,01,21.6,21.7,21.5,93,95,93,20.5,20.8,20.4,1016.8,1016.9,1016.8,1.7,287,3.1,0.347,0.4
A765,17/05/2018,15,24.2,25.0,23.7,82,83,75,21.0,21.2,20.2,1018.2,1018.5,1018.2,1.9,127,4.8,1226.,0.0
A765,17/05/2018,14,24.9,25.4,24.3,76,79,73,20.5,21.1,19.6,1018.5,1018.7,1018.5,1.6,130,3.6,1895.,0.0
A765,17/05/2018,04,21.0,21.2,21.0,95,96,95,20.3,20.4,20.2,1017.2,1017.2,1017.1,1.2,338,2.8,0.936,0.6
A765,17/05/2018,17,24.1,24.2,23.8,80,81,79,20.5,20.6,20.1,1016.4,1017.4,1016.4,1.7,129,5.0,705.4,0.0
A765,17/05/2018,07,20.8,21.5,20.7,94,95,93,19.7,20.6,19.6,1016.2,1016.6,1016.2,0.9,315,3.3,-0.78,0.0
A765,17/05/2018,16,24.1,24.7,24.0,80,82,77,20.4,21.1,20.1,1017.4,1018.2,1017.4,2.1,128,5.0,1027.,0.0
A765,17/05/2018,08,20.0,20.8,20.0,95,95,94,19.2,19.8,19.2,1016.4,1016.4,1016.2,0.6,254,2.0,-2.87,0.0
A765,17/05/2018,18,24.0,24.1,23.6,81,82,80,20.6,20.7,20.2,1015.9,1016.4,1015.9,1.5,110,4.8,502.7,0.0
A765,17/05/2018,00,21.6,21.6,21.2,95,96,95,20.8,20.8,20.5,1016.8,1016.8,1016.0,1.5,335,4.5,0.911,1.8
A765,17/05/2018,13,25.0,25.1,22.3,76,88,73,20.4,21.0,19.6,1018.7,1018.7,1018.0,1.8,101,3.4,1510.,0.2
A765,17/05/2018,05,21.1,21.2,21.0,96,96,95,20.4,20.5,20.2,1017.0,1017.2,1017.0,0.9,257,2.3,0.350,0.0
A765,17/05/2018,10,19.9,20.1,19.7,96,97,96,19.4,19.5,19.0,1017.1,1017.1,1016.6,0.7,302,1.4,0.505,0.0
A765,17/05/2018,03,21.2,21.7,20.9,95,95,92,20.2,20.6,20.0,1017.1,1017.2,1016.9,1.3,20,4.1,0.682,10.0
A765,17/05/2018,19,23.4,24.1,22.9,85,87,78,20.6,20.9,19.9,1015.8,1015.9,1015.8,0.7,111,3.9,344.4,0.0
A765,17/05/2018,23,23.5,23.6,23.2,82,84,80,20.3,20.4,20.0,1016.5,1016.5,1016.0,1.8,83,5.7,-1.50,0.0
A765,17/05/2018,21,23.5,23.5,23.3,80,84,80,19.9,20.5,19.9,1015.7,1015.7,1015.5,3.0,122,8.5,16.22,0.0
A765,17/05/2018,20,23.5,23.5,23.3,83,85,83,20.5,20.6,20.4,1015.5,1015.8,1015.5,2.0,125,5.1,92.36,0.0
A765,17/05/2018,12,22.3,22.3,20.4,89,96,89,20.3,20.5,19.6,1018.0,1018.1,1017.6,0.3,353,1.5,814.8,0.0
A765,17/05/2018,11,20.4,20.4,19.8,96,97,96,19.7,19.7,19.2,1017.6,1017.6,1017.1,0.6,348,1.5,155.8,0.0
A765,17/05/2018,22,23.5,23.6,23.1,81,84,80,20.1,20.4,19.9,1016.0,1016.0,1015.6,2.6,96,7.3,-1.13,0.0
A765,18/05/2018,23,22.1,22.6,22.1,94,94,92,21.0,21.2,21.0,1009.7,1009.8,1009.6,0.3,331,1.3,-3.27,0.0
A765,18/05/2018,17,26.6,26.8,25.2,72,74,68,21.1,21.1,19.9,1011.1,1012.3,1011.1,2.0,123,4.7,2326.,0.0
A765,18/05/2018,08,20.0,20.3,20.0,96,96,96,19.4,19.7,19.3,1014.2,1014.5,1014.2,0.7,306,2.0,-3.57,0.0
A765,18/05/2018,14,26.6,26.6,24.9,71,75,70,20.8,21.0,19.7,1014.5,1015.2,1014.5,1.6,127,4.2,2096.,0.0
A765,18/05/2018,07,20.4,20.4,20.0,96,96,96,19.7,19.8,19.3,1014.5,1014.8,1014.5,1.2,282,1.9,-3.47,0.0
A765,18/05/2018,13,25.0,25.3,22.9,75,86,70,20.2,20.8,19.1,1015.2,1015.2,1014.9,1.4,198,3.4,1475.,0.0
A765,18/05/2018,10,19.2,19.5,19.0,96,96,96,18.6,18.9,18.3,1014.5,1014.5,1014.1,0.7,242,1.5,0.119,0.0
A765,18/05/2018,04,20.5,21.1,20.4,96,96,95,19.7,20.2,19.7,1015.8,1016.2,1015.8,1.2,319,2.0,-3.59,0.0
A765,18/05/2018,16,25.9,26.3,24.6,70,79,69,19.9,21.0,19.9,1012.3,1013.3,1012.3,1.7,125,5.0,1334.,0.0
A765,18/05/2018,00,22.5,23.5,22.5,90,90,82,20.7,20.8,20.2,1016.8,1016.8,1016.5,0.9,321,4.3,-2.04,0.0
A765,18/05/2018,03,21.1,22.0,21.0,95,95,92,20.2,20.6,20.1,1016.2,1016.6,1016.2,0.8,290,1.3,-3.59,0.0
A765,18/05/2018,09,19.2,20.0,19.2,96,96,96,18.5,19.4,18.5,1014.1,1014.2,1014.0,0.3,114,1.7,-3.53,0.0
A765,18/05/2018,15,25.5,27.3,25.5,75,75,65,20.6,21.1,20.0,1013.3,1014.5,1013.3,2.6,118,5.0,2126.,0.2
A765,18/05/2018,18,26.0,26.5,24.7,76,80,71,21.5,21.8,19.9,1010.0,1011.1,1010.0,2.0,99,4.5,896.6,0.0
A765,18/05/2018,01,22.0,22.5,22.0,92,92,90,20.7,21.0,20.6,1016.8,1016.8,1016.7,1.6,344,2.7,-0.99,0.0
A765,18/05/2018,02,22.0,22.2,22.0,92,92,91,20.6,20.8,20.5,1016.6,1016.8,1016.6,0.6,350,2.7,-1.70,0.0
A765,18/05/2018,05,20.4,20.5,20.2,96,96,95,19.7,19.8,19.5,1015.4,1015.9,1015.4,0.8,298,2.2,-3.56,0.0
A765,18/05/2018,11,20.4,20.4,19.1,97,97,96,19.8,19.8,18.5,1014.8,1014.8,1014.4,0.5,259,2.1,162.8,0.0
A765,18/05/2018,22,22.6,23.5,22.6,92,92,87,21.1,21.4,20.9,1009.7,1009.8,1009.5,0.7,254,2.6,-3.60,0.0
A765,18/05/2018,19,26.4,26.8,25.5,69,76,65,20.3,21.0,19.5,1009.3,1010.0,1009.3,1.5,104,3.6,1441.,0.0
A765,18/05/2018,12,22.9,22.9,20.4,85,97,85,20.3,21.0,19.9,1014.9,1015.1,1014.8,1.8,173,3.2,826.3,0.0
A765,18/05/2018,06,20.3,20.4,20.0,96,96,96,19.6,19.7,19.4,1014.8,1015.4,1014.8,0.9,267,2.3,-3.57,0.0
A765,18/05/2018,20,25.4,26.5,25.0,76,77,69,20.8,21.1,20.2,1009.0,1009.3,1008.9,1.2,128,3.8,643.7,0.0
A765,18/05/2018,21,23.5,25.5,23.5,87,87,76,21.2,21.2,20.6,1009.5,1009.5,1009.0,1.1,260,2.5,70.00,0.0
A765,19/05/2018,22,22.2,22.7,21.9,88,90,87,20.1,20.9,20.1,1007.7,1007.8,1007.6,1.0,176,2.5,-3.30,0.0
A765,19/05/2018,18,24.8,26.2,24.4,68,71,62,18.5,19.9,18.1,1005.6,1005.6,1005.0,1.8,3,3.9,1208.,0.2
A765,19/05/2018,12,24.9,26.2,24.9,77,77,68,20.5,20.8,19.7,1009.1,1009.1,1006.6,3.6,206,9.1,387.5,0.0
A765,19/05/2018,03,21.7,22.0,21.6,94,95,94,20.7,21.0,20.7,1007.5,1008.5,1007.5,0.6,44,2.5,-3.59,0.0
A765,19/05/2018,23,22.3,22.4,21.7,87,89,85,20.0,20.1,19.5,1007.9,1008.1,1007.7,1.1,226,3.0,-3.31,0.0
A765,19/05/2018,13,21.0,24.9,20.8,83,83,74,18.0,20.6,17.6,1010.3,1010.4,1009.1,4.9,236,14.2,130.9,0.0
A765,19/05/2018,07,23.9,25.7,23.7,75,78,66,19.3,19.7,18.9,1006.8,1007.4,1006.8,1.7,149,7.1,-3.14,0.0
A765,19/05/2018,01,22.0,22.4,21.9,94,94,93,21.0,21.3,20.8,1008.9,1009.4,1008.8,1.6,279,4.3,-3.59,0.0
A765,19/05/2018,04,21.9,21.9,21.3,94,95,94,20.8,20.9,20.4,1007.1,1007.6,1006.9,0.9,108,2.1,-3.52,0.0
A765,19/05/2018,14,21.2,21.6,19.8,78,93,76,17.2,19.2,17.0,1009.7,1011.5,1009.7,1.8,29,15.8,98.44,12.0
A765,19/05/2018,15,21.6,22.0,20.7,85,87,78,18.9,19.3,17.3,1007.8,1009.7,1007.7,2.3,93,5.3,536.4,0.0
A765,19/05/2018,17,25.5,25.9,22.7,66,79,64,18.6,19.9,18.3,1005.6,1006.9,1005.6,1.6,59,6.8,2019.,0.0
A765,19/05/2018,16,23.1,23.1,21.4,77,87,76,18.7,19.6,18.5,1006.4,1007.9,1005.4,1.6,206,7.7,320.7,0.0
A765,19/05/2018,08,28.9,29.2,23.6,51,80,50,17.7,19.9,17.7,1005.4,1006.8,1005.3,4.9,335,12.9,-3.60,0.0
A765,19/05/2018,00,22.3,22.5,22.1,94,94,93,21.2,21.4,21.1,1009.4,1009.7,1009.3,1.6,251,2.9,-2.64,0.0
A765,19/05/2018,09,28.8,29.2,28.6,51,52,49,17.5,17.7,17.4,1006.0,1006.0,1004.8,4.4,349,13.5,-3.15,0.0
A765,19/05/2018,06,25.7,27.0,25.3,66,67,59,18.9,18.9,18.2,1007.2,1007.3,1007.0,1.6,158,6.0,-3.50,0.0
A765,19/05/2018,05,25.3,25.3,21.9,67,94,67,18.8,21.1,18.8,1007.3,1007.7,1007.1,2.0,55,3.8,-3.60,0.0
A765,19/05/2018,19,24.4,24.8,24.1,74,76,68,19.3,19.8,18.5,1006.8,1006.9,1005.6,1.1,183,3.6,324.8,0.0
A765,19/05/2018,20,23.6,25.1,23.6,81,82,70,20.2,20.3,18.9,1007.1,1007.2,1006.8,0.5,255,3.0,289.8,0.0
A765,19/05/2018,02,21.7,22.1,21.7,95,95,94,20.8,21.2,20.8,1008.4,1008.9,1008.3,0.8,232,4.3,-3.57,0.0
A765,19/05/2018,21,22.7,23.6,22.7,88,88,79,20.7,20.7,19.6,1007.8,1007.8,1007.1,0.6,237,2.3,21.81,0.0
A765,19/05/2018,10,26.3,28.9,26.2,60,61,51,18.0,18.2,17.5,1006.4,1006.5,1006.0,1.9,127,9.0,-0.45,0.0
A765,19/05/2018,11,25.0,26.7,25.0,75,75,59,20.2,20.2,18.0,1006.7,1006.8,1006.2,1.2,153,6.4,120.3,0.0
A765,20/05/2018,14,21.4,21.5,20.2,45,49,40,8.9,9.7,6.5,1013.1,1013.2,1013.1,2.4,266,6.6,2255.,0.0
A765,20/05/2018,00,21.0,22.2,21.0,90,91,87,19.4,20.0,19.4,1008.3,1008.3,1007.9,1.0,1,2.6,-2.29,0.0
A765,20/05/2018,22,18.0,19.5,17.8,72,72,59,12.9,13.3,10.9,1013.2,1013.2,1012.7,0.8,25,4.5,-3.60,0.0
A765,20/05/2018,20,23.5,24.5,23.5,39,44,34,8.7,11.1,7.7,1012.2,1012.2,1011.8,1.4,213,5.0,762.7,0.0
A765,20/05/2018,12,18.6,18.7,17.9,49,53,46,7.7,8.1,6.8,1012.3,1012.5,1012.3,3.4,307,10.7,819.9,0.0
A765,20/05/2018,07,18.9,20.4,18.9,60,64,57,10.9,12.8,10.8,1009.5,1009.5,1009.0,2.1,250,8.5,-3.60,0.0
A765,20/05/2018,23,16.6,18.0,16.6,78,80,72,12.8,14.0,12.7,1013.7,1013.7,1013.2,1.0,26,3.9,-3.60,0.0
A765,20/05/2018,13,20.5,20.5,18.6,43,50,43,7.5,8.3,6.4,1013.1,1013.1,1012.3,0.7,54,7.4,1633.,0.0
A765,20/05/2018,03,20.1,20.6,19.8,85,92,85,17.5,18.9,17.5,1008.9,1009.0,1008.7,0.9,179,3.1,-3.58,0.0
A765,20/05/2018,19,24.2,24.4,23.4,37,41,34,8.5,10.1,7.0,1011.8,1011.9,1011.7,2.6,276,9.5,1525.,0.0
A765,20/05/2018,08,18.9,19.5,18.2,51,63,51,8.7,11.3,8.7,1010.0,1010.1,1009.5,1.8,250,8.5,-3.60,0.0
A765,20/05/2018,02,20.1,21.2,20.1,91,91,89,18.6,19.3,18.5,1009.0,1009.2,1008.8,0.6,148,5.4,-2.75,0.6
A765,20/05/2018,09,18.9,19.3,17.9,44,56,43,6.6,9.3,6.4,1010.4,1010.4,1009.8,2.7,268,8.3,-3.60,0.0
A765,20/05/2018,16,22.4,22.7,21.9,40,45,38,8.2,9.6,7.5,1012.8,1012.9,1012.6,6.8,310,13.7,2667.,0.0
A765,20/05/2018,15,22.1,22.7,21.0,39,49,38,7.6,9.8,7.2,1012.8,1013.1,1012.7,3.0,342,11.8,2563.,0.0
A765,20/05/2018,04,19.8,20.2,19.3,80,88,80,16.2,17.9,16.2,1008.9,1009.1,1008.8,1.6,181,3.9,-3.60,0.0
A765,20/05/2018,18,23.4,23.5,22.7,37,42,37,7.9,9.4,7.9,1011.9,1012.1,1011.8,4.3,301,10.4,2104.,0.0
A765,20/05/2018,17,22.8,23.0,22.3,40,44,40,8.5,9.6,8.1,1012.0,1012.8,1012.0,4.1,314,12.8,2487.,0.0
A765,20/05/2018,06,20.4,22.4,20.0,62,68,55,12.9,13.8,12.8,1009.1,1009.4,1008.9,2.5,239,9.8,-3.58,0.0
A765,20/05/2018,10,17.4,19.0,16.3,51,59,42,7.0,8.7,6.0,1011.3,1011.3,1010.4,2.0,235,7.5,-2.43,0.0
A765,20/05/2018,01,21.2,21.3,20.9,90,93,90,19.5,19.9,19.3,1008.8,1009.0,1008.3,1.7,212,5.0,-2.30,0.0
A765,20/05/2018,05,22.0,22.4,19.5,58,80,55,13.4,16.2,13.0,1008.9,1009.2,1008.8,4.1,285,9.3,-3.35,0.2
A765,20/05/2018,21,19.5,24.0,19.5,67,67,38,13.2,13.2,8.7,1012.7,1012.7,1012.2,1.1,240,3.8,77.98,0.0
A765,20/05/2018,11,17.9,18.1,17.0,50,58,49,7.3,9.4,6.8,1012.3,1012.3,1011.2,4.8,303,10.7,177.2,0.0
A765,21/05/2018,13,20.3,20.8,17.7,53,72,53,10.5,12.5,10.4,1018.2,1018.2,1017.8,0.4,308,1.7,1541.,0.0
A765,21/05/2018,21,19.6,20.5,19.6,78,79,67,15.7,15.9,14.0,1016.9,1016.9,1016.6,1.0,293,1.6,45.83,0.0
A765,21/05/2018,06,14.3,14.9,14.2,88,90,86,12.5,13.2,12.4,1014.7,1015.1,1014.7,1.2,255,2.6,-3.60,0.0
A765,21/05/2018,20,20.5,20.9,20.5,68,69,65,14.3,14.6,13.7,1016.7,1016.7,1016.5,0.8,150,3.2,188.9,0.0
A765,21/05/2018,23,17.6,17.9,17.5,87,89,86,15.3,16.0,15.3,1017.8,1017.8,1017.5,1.0,282,1.5,-3.40,0.0
A765,21/05/2018,03,15.1,15.6,14.4,82,90,81,12.0,13.5,11.8,1015.1,1015.2,1015.0,1.3,229,2.6,-3.60,0.0
A765,21/05/2018,01,15.4,16.8,15.4,86,87,78,13.1,14.5,12.2,1014.8,1014.8,1014.3,1.0,262,2.7,-3.60,0.0
A765,21/05/2018,22,17.8,19.6,17.8,88,88,78,15.7,15.8,15.5,1017.5,1017.5,1016.9,0.8,273,1.8,-3.59,0.0
A765,21/05/2018,07,13.8,14.7,13.7,89,91,86,12.0,13.1,12.0,1014.8,1014.8,1014.6,0.9,248,2.6,-3.60,0.0
A765,21/05/2018,14,22.1,22.1,20.4,57,59,53,13.2,13.4,10.8,1018.2,1018.3,1018.1,1.7,209,5.0,2210.,0.0
A765,21/05/2018,17,21.5,23.0,21.5,62,62,55,13.8,14.5,13.0,1016.5,1016.9,1016.5,1.7,193,6.4,1758.,0.0
A765,21/05/2018,08,14.5,14.5,13.6,87,91,86,12.3,12.6,11.9,1014.8,1014.8,1014.7,0.9,322,2.4,-3.60,0.0
A765,21/05/2018,04,15.2,15.5,14.7,77,89,75,11.2,13.1,11.1,1015.1,1015.2,1014.9,1.0,150,4.4,-3.60,0.0
A765,21/05/2018,10,14.1,14.2,13.3,86,91,84,11.8,12.4,11.0,1016.3,1016.3,1015.4,1.0,271,2.2,-1.83,0.0
A765,21/05/2018,09,13.4,14.7,13.1,85,89,83,11.0,12.4,10.9,1015.4,1015.4,1014.8,1.1,229,1.7,-3.60,0.0
A765,21/05/2018,15,22.4,22.8,21.8,53,59,52,12.3,13.7,11.8,1017.6,1018.2,1017.6,1.4,237,5.8,2545.,0.0
A765,21/05/2018,16,22.5,24.1,21.8,59,59,51,14.0,14.0,12.3,1016.8,1017.6,1016.8,3.4,160,6.4,2384.,0.0
A765,21/05/2018,12,17.8,17.8,15.3,72,80,71,12.6,12.9,11.4,1017.9,1017.9,1017.2,1.0,257,2.1,795.8,0.0
A765,21/05/2018,05,14.9,15.2,14.4,88,88,77,12.9,13.0,11.2,1015.1,1015.1,1014.9,0.6,287,2.6,-3.60,0.0
A765,21/05/2018,18,21.0,21.5,20.9,64,65,61,14.0,14.4,13.7,1016.6,1016.6,1016.4,2.5,161,6.0,767.4,0.0
A765,21/05/2018,02,14.9,15.7,14.9,85,89,82,12.4,13.7,12.3,1015.0,1015.1,1014.7,1.1,199,2.5,-3.60,0.0
A765,21/05/2018,00,16.3,16.8,16.0,79,87,78,12.6,14.2,12.6,1014.3,1014.3,1013.7,0.8,317,3.1,-3.60,0.0
A765,21/05/2018,11,15.4,15.4,14.0,80,88,80,11.9,12.4,11.3,1017.2,1017.2,1016.3,0.6,263,2.2,172.2,0.0
A765,21/05/2018,19,20.9,21.4,20.8,66,67,62,14.3,14.5,13.4,1016.5,1016.7,1016.5,1.5,166,5.1,685.2,0.0
A765,22/05/2018,01,16.6,16.9,16.2,93,93,91,15.4,15.5,15.0,1018.7,1018.7,1018.1,0.7,312,1.3,-3.57,0.0
A765,22/05/2018,16,23.3,23.8,22.8,62,67,60,15.6,16.8,15.1,1017.1,1017.8,1017.1,2.4,104,4.9,2554.,0.0
A765,22/05/2018,02,16.3,16.6,16.3,92,93,91,14.9,15.5,14.9,1018.7,1018.8,1018.6,0.6,292,1.4,-3.42,0.0
A765,22/05/2018,12,17.2,17.3,15.0,88,96,88,15.2,15.4,14.4,1018.9,1018.9,1018.7,0.5,330,1.2,764.0,0.0
A765,22/05/2018,07,15.1,15.4,14.6,95,96,94,14.3,14.6,13.8,1017.9,1018.0,1017.8,0.9,301,1.8,-3.59,0.0
A765,22/05/2018,13,20.8,20.8,17.2,65,89,65,14.0,16.1,14.0,1018.8,1019.0,1018.8,0.7,24,2.5,1561.,0.0
A765,22/05/2018,20,21.2,22.9,21.2,72,72,66,16.0,16.4,15.8,1016.8,1016.9,1016.4,0.9,168,3.9,418.3,0.0
A765,22/05/2018,04,15.4,16.2,15.4,92,94,92,14.2,15.2,14.2,1018.1,1018.3,1018.0,0.5,308,1.8,-3.60,0.0
A765,22/05/2018,14,22.0,22.3,20.8,63,65,57,14.6,15.2,13.0,1018.6,1018.8,1018.6,2.0,131,4.4,2167.,0.0
A765,22/05/2018,00,16.9,17.6,16.9,91,91,86,15.5,15.7,15.1,1018.1,1018.1,1017.8,0.7,355,1.4,-3.55,0.0
A765,22/05/2018,08,15.0,15.1,14.6,96,96,95,14.3,14.5,13.9,1017.9,1018.1,1017.9,0.8,305,1.9,-3.60,0.0
A765,22/05/2018,23,17.4,18.3,17.4,92,92,91,16.2,16.8,16.1,1018.4,1018.4,1017.9,0.7,309,2.0,-3.60,0.0
A765,22/05/2018,21,19.3,21.2,19.3,88,88,72,17.3,17.4,15.9,1017.5,1017.5,1016.8,0.6,291,1.7,55.05,0.0
A765,22/05/2018,15,22.8,22.9,21.5,65,67,61,16.0,16.1,14.6,1017.8,1018.6,1017.8,2.1,116,4.5,2479.,0.0
A765,22/05/2018,22,18.3,19.3,18.3,91,91,88,16.8,17.5,16.7,1017.9,1017.9,1017.5,1.2,280,1.6,-3.60,0.0
A765,22/05/2018,05,15.3,15.5,15.1,95,95,92,14.4,14.6,14.0,1018.1,1018.1,1018.0,1.0,305,1.6,-3.60,0.0
A765,22/05/2018,09,14.6,15.1,14.6,96,96,95,13.9,14.4,13.9,1018.2,1018.2,1017.9,0.6,291,1.9,-3.60,0.0
A765,22/05/2018,17,23.5,23.9,22.3,60,65,59,15.3,16.3,14.8,1016.4,1017.1,1016.4,2.4,119,4.9,2400.,0.0
A765,22/05/2018,10,14.2,15.0,14.2,96,96,96,13.6,14.4,13.5,1018.5,1018.5,1018.1,0.5,261,1.6,-1.16,0.0
A765,22/05/2018,03,16.0,16.4,16.0,94,94,92,15.0,15.2,15.0,1018.3,1018.8,1018.3,0.8,255,1.9,-3.59,0.0
A765,22/05/2018,18,23.2,24.0,23.1,64,66,60,16.1,16.7,15.5,1016.2,1016.5,1016.2,2.1,122,5.0,1993.,0.0
A765,22/05/2018,11,15.1,15.2,14.1,96,97,96,14.5,14.5,13.5,1018.7,1018.7,1018.5,0.4,347,1.6,165.6,0.2
A765,22/05/2018,19,22.8,23.6,22.5,67,68,64,16.4,16.8,15.9,1016.4,1016.4,1016.1,1.7,109,4.8,1391.,0.0
A765,22/05/2018,06,15.2,15.5,15.0,95,95,94,14.4,14.7,14.1,1017.9,1018.1,1017.9,0.7,344,1.7,-3.59,0.0
A765,23/05/2018,12,18.9,18.9,16.9,89,94,89,17.0,17.2,16.0,1021.5,1021.5,1021.1,0.9,264,1.7,478.1,0.0
A765,23/05/2018,07,16.0,16.3,16.0,95,96,95,15.2,15.7,15.2,1018.7,1018.7,1018.4,1.2,243,3.8,-3.54,0.0
A765,23/05/2018,00,16.7,17.4,16.7,94,94,92,15.7,16.2,15.7,1018.7,1018.7,1018.4,1.0,291,1.4,-3.60,0.0
A765,23/05/2018,04,15.3,15.9,15.3,95,96,94,14.6,15.2,14.6,1018.4,1018.8,1018.3,0.7,324,1.5,-3.59,0.0
A765,23/05/2018,01,16.5,16.7,16.4,95,95,94,15.7,15.9,15.5,1019.1,1019.2,1018.7,0.9,317,1.5,-3.60,0.0
A765,23/05/2018,08,16.1,16.3,16.0,95,96,95,15.4,15.6,15.2,1018.8,1018.8,1018.6,1.1,289,2.5,-2.73,0.0
A765,23/05/2018,17,22.5,23.0,22.4,74,74,71,17.6,18.1,17.0,1021.0,1021.4,1021.0,1.2,144,3.0,943.8,0.0
A765,23/05/2018,03,15.5,16.3,15.5,94,95,93,14.6,15.3,14.6,1018.8,1019.0,1018.8,0.8,300,2.3,-3.60,0.0
A765,23/05/2018,13,21.0,21.0,18.9,79,89,78,17.3,17.4,16.9,1022.2,1022.2,1021.5,0.7,312,1.6,1302.,0.0
A765,23/05/2018,14,22.3,22.4,20.9,72,79,72,17.0,17.5,16.8,1022.4,1022.4,1022.2,0.2,322,1.4,948.5,0.0
A765,23/05/2018,09,16.0,16.3,15.7,95,96,95,15.2,15.6,15.0,1019.3,1019.3,1018.8,1.0,304,2.0,-1.97,0.0
A765,23/05/2018,23,19.3,19.9,19.2,91,91,89,17.7,18.1,17.7,1023.2,1023.2,1022.6,0.3,257,1.0,-2.80,0.0
A765,23/05/2018,22,19.9,20.2,19.9,89,90,88,18.0,18.3,17.9,1022.6,1022.6,1021.9,0.5,308,2.0,-2.00,0.0
A765,23/05/2018,10,16.9,16.9,16.0,94,96,94,15.9,16.0,15.3,1020.2,1020.2,1019.3,1.3,295,1.8,-0.10,0.0
A765,23/05/2018,05,15.4,15.6,15.1,96,96,95,14.7,14.9,14.4,1018.2,1018.4,1018.1,0.7,334,1.4,-3.59,0.0
A765,23/05/2018,06,16.1,16.1,15.4,96,96,96,15.5,15.5,14.7,1018.4,1018.4,1018.0,1.6,232,3.0,-3.56,0.0
A765,23/05/2018,19,22.1,22.6,22.1,75,76,73,17.5,18.0,17.3,1021.2,1021.3,1021.0,1.1,160,3.0,592.2,0.0
A765,23/05/2018,18,22.4,22.9,22.2,76,76,73,17.9,18.2,17.4,1021.0,1021.1,1021.0,1.3,167,3.1,688.3,0.0
A765,23/05/2018,21,20.2,22.0,20.2,88,88,74,18.2,18.3,17.0,1021.9,1021.9,1021.5,1.2,273,2.0,52.04,0.0
A765,23/05/2018,20,22.0,22.1,22.0,75,77,74,17.4,17.7,17.2,1021.5,1021.5,1021.2,0.9,146,2.2,309.3,0.0
A765,23/05/2018,02,16.2,16.7,16.1,94,95,94,15.3,15.9,15.1,1019.0,1019.2,1018.9,1.5,315,2.4,-3.57,0.0
A765,23/05/2018,11,16.9,17.0,16.7,94,94,93,16.0,16.0,15.7,1021.1,1021.1,1020.2,0.9,308,1.8,101.8,0.0
A765,23/05/2018,15,22.1,22.4,21.9,73,75,71,17.1,17.6,16.6,1021.9,1022.4,1021.9,1.6,181,3.2,1292.,0.0
A765,23/05/2018,16,22.6,22.6,22.0,73,74,72,17.4,17.8,16.8,1021.4,1021.9,1021.4,0.7,144,2.6,737.8,0.2
A765,24/05/2018,06,17.4,18.1,17.4,95,96,95,16.6,17.4,16.6,1023.1,1023.5,1023.0,0.4,288,1.8,-3.59,0.0
A765,24/05/2018,23,21.7,21.7,20.1,81,90,81,18.3,18.7,17.8,1022.9,1022.9,1022.6,2.2,112,6.5,-1.57,0.0
A765,24/05/2018,12,18.9,18.9,17.2,91,95,91,17.4,17.4,16.4,1024.1,1024.1,1023.8,0.5,289,1.4,519.7,0.0
A765,24/05/2018,13,21.9,21.9,18.9,78,91,78,17.8,18.0,17.3,1024.7,1024.7,1024.1,0.3,325,1.1,1083.,0.0
A765,24/05/2018,02,19.3,19.4,19.1,91,92,90,17.9,17.9,17.6,1024.1,1024.1,1024.0,0.4,321,1.7,-1.09,0.0
A765,24/05/2018,05,17.9,18.6,17.8,96,96,94,17.2,17.7,17.1,1023.5,1023.8,1023.5,0.3,327,0.8,-3.48,0.0
A765,24/05/2018,01,19.2,19.3,19.1,92,94,92,17.9,18.1,17.9,1024.0,1024.0,1023.7,0.9,345,1.7,-1.23,0.0
A765,24/05/2018,04,18.5,19.1,18.5,94,94,93,17.6,18.0,17.5,1023.8,1024.0,1023.8,0.3,52,0.8,-2.39,0.0
A765,24/05/2018,17,23.2,23.3,22.5,71,74,71,17.7,18.1,17.4,1022.5,1023.1,1022.5,1.3,107,3.1,1082.,0.0
A765,24/05/2018,03,19.0,19.4,18.9,93,93,91,17.9,18.0,17.6,1023.9,1024.1,1023.9,0.4,299,1.1,-2.03,0.0
A765,24/05/2018,08,17.0,17.5,16.7,95,95,91,16.1,16.5,15.5,1022.5,1022.6,1022.4,1.0,286,2.6,-3.60,0.0
A765,24/05/2018,00,19.1,19.3,19.0,93,93,91,18.0,18.0,17.7,1023.7,1023.7,1023.2,0.3,284,0.7,-2.37,0.0
A765,24/05/2018,07,17.4,17.5,17.1,94,96,94,16.5,16.8,16.4,1022.6,1023.1,1022.6,1.5,344,2.6,-3.58,0.0
A765,24/05/2018,16,22.8,22.9,22.4,73,75,71,17.7,17.9,17.3,1023.1,1023.9,1023.1,1.0,107,3.3,960.4,0.0
A765,24/05/2018,11,17.2,17.2,16.7,95,96,95,16.4,16.5,16.0,1023.8,1023.8,1023.2,0.7,301,1.7,129.1,0.0
A765,24/05/2018,09,16.7,17.2,16.7,96,96,95,16.0,16.5,16.0,1022.7,1022.7,1022.5,1.0,258,2.0,-3.06,0.0
A765,24/05/2018,14,22.7,22.9,21.9,72,78,72,17.5,17.9,17.0,1024.4,1024.7,1024.3,1.7,101,3.5,1152.,0.0
A765,24/05/2018,15,22.6,22.9,22.3,72,76,72,17.4,18.1,17.3,1023.9,1024.4,1023.8,1.8,94,3.9,948.9,0.0
A765,24/05/2018,10,16.7,16.9,16.5,96,96,96,16.1,16.2,15.8,1023.2,1023.2,1022.7,0.9,277,2.0,-0.41,0.0
A765,24/05/2018,20,21.1,22.6,21.1,84,84,70,18.3,18.3,16.7,1022.0,1022.0,1021.9,1.9,276,3.6,72.92,0.0
A765,24/05/2018,18,22.7,23.2,22.7,72,74,70,17.3,18.0,17.2,1022.2,1022.4,1022.1,1.2,135,2.9,786.4,0.0
A765,24/05/2018,19,22.6,22.7,22.6,71,72,69,17.1,17.4,16.7,1021.9,1022.2,1021.9,1.7,103,3.6,274.8,0.0
A765,24/05/2018,22,20.1,20.2,20.0,90,92,89,18.3,18.8,18.3,1022.6,1022.6,1022.3,1.3,352,2.3,-2.57,0.0
A765,24/05/2018,21,20.2,21.1,20.2,91,91,84,18.7,18.7,18.1,1022.3,1022.3,1022.0,0.9,351,3.2,5.792,0.0
A765,25/05/2018,14,22.9,23.0,21.0,73,86,69,17.8,18.9,16.9,1023.7,1023.9,1023.5,0.6,40,2.1,1242.,0.0
A765,25/05/2018,22,21.8,21.9,21.7,84,85,82,19.0,19.1,18.6,1021.2,1021.2,1020.8,3.9,119,9.2,0.091,0.2
A765,25/05/2018,23,21.8,21.9,21.8,84,85,83,19.1,19.2,18.9,1021.7,1021.7,1021.2,3.7,108,9.2,-0.24,0.0
A765,25/05/2018,12,20.3,20.3,19.4,90,93,90,18.5,18.6,18.0,1023.4,1023.4,1022.7,0.5,254,2.2,363.9,0.0
A765,25/05/2018,21,21.9,21.9,21.8,82,83,80,18.6,18.8,18.3,1020.8,1021.0,1020.8,3.4,133,7.4,9.184,0.0
A765,25/05/2018,13,21.0,21.1,20.3,86,90,86,18.7,18.9,18.4,1023.6,1023.6,1023.4,1.3,283,1.9,685.1,0.0
A765,25/05/2018,01,19.9,20.1,19.9,91,91,89,18.4,18.5,18.2,1023.5,1023.5,1023.2,0.9,348,2.3,-0.63,0.0
A765,25/05/2018,05,19.0,19.3,18.9,93,93,90,17.8,17.9,17.5,1022.5,1022.9,1022.5,0.7,312,1.5,-2.63,0.0
A765,25/05/2018,02,19.4,19.9,19.4,92,92,91,18.1,18.4,18.0,1023.3,1023.5,1023.3,1.0,336,2.4,-1.04,0.0
A765,25/05/2018,06,18.5,19.0,18.4,94,94,93,17.5,17.7,17.3,1021.9,1022.5,1021.9,0.6,346,1.5,-3.25,0.0
A765,25/05/2018,16,23.6,24.9,23.0,72,73,67,18.2,19.0,17.6,1022.3,1023.1,1022.3,1.7,124,4.8,2118.,0.0
A765,25/05/2018,15,23.2,23.5,22.6,71,75,70,17.6,18.2,17.3,1023.1,1023.7,1023.1,1.5,114,3.4,1065.,0.0
A765,25/05/2018,11,19.5,19.5,18.8,93,94,93,18.4,18.4,17.7,1022.7,1022.8,1022.5,1.3,278,2.2,95.04,0.0
A765,25/05/2018,07,18.7,18.7,18.2,95,95,94,17.8,17.8,17.2,1021.9,1021.9,1021.8,0.6,270,1.8,-2.46,0.0
A765,25/05/2018,03,19.4,19.6,19.3,91,92,90,17.8,18.1,17.8,1023.3,1023.4,1023.2,1.1,352,1.9,-1.74,0.0
A765,25/05/2018,17,22.7,23.6,22.7,75,76,72,18.1,18.5,17.8,1021.6,1022.3,1021.6,1.9,97,4.1,806.5,0.0
A765,25/05/2018,04,19.2,19.5,19.2,90,91,90,17.6,17.9,17.5,1022.9,1023.3,1022.8,0.5,340,2.1,-2.39,0.0
A765,25/05/2018,08,18.9,19.0,18.6,94,95,94,17.9,18.1,17.7,1021.5,1021.9,1021.5,0.7,249,2.1,-1.54,0.0
A765,25/05/2018,00,20.0,22.1,19.9,89,90,77,18.2,18.3,17.8,1023.2,1023.3,1022.9,1.2,359,6.5,-0.99,0.0
A765,25/05/2018,10,19.2,19.2,18.9,93,94,93,18.1,18.1,17.8,1022.5,1022.5,1021.8,1.0,258,2.8,-0.43,0.0
A765,25/05/2018,18,21.6,22.7,21.6,84,84,75,18.8,18.9,18.0,1021.0,1021.6,1021.0,2.6,113,5.9,163.7,0.2
A765,25/05/2018,09,18.9,19.2,18.7,94,95,94,17.9,18.3,17.7,1021.8,1021.8,1021.4,0.9,236,2.9,-1.75,0.0
A765,25/05/2018,20,21.8,22.0,21.8,80,81,80,18.2,18.6,18.1,1020.9,1020.9,1020.8,2.9,115,7.1,79.83,0.0
A765,25/05/2018,19,22.0,22.0,21.6,80,85,80,18.4,19.0,18.3,1020.8,1021.0,1020.8,3.1,114,6.7,145.8,0.0
A765,26/05/2018,21,20.4,23.3,20.4,90,90,76,18.7,19.0,18.5,1020.2,1020.2,1019.6,0.6,349,2.0,66.14,0.0
A765,26/05/2018,19,23.0,23.8,22.9,73,75,71,17.9,18.6,17.7,1019.6,1020.0,1019.6,0.7,182,2.6,553.9,0.0
A765,26/05/2018,14,24.1,24.4,23.1,69,73,66,18.0,18.7,17.4,1022.0,1022.5,1022.0,1.8,102,3.4,2027.,0.0
A765,26/05/2018,04,18.8,19.4,18.8,95,95,93,17.9,18.3,17.9,1021.4,1021.9,1021.4,0.6,323,2.4,-3.36,0.0
A765,26/05/2018,02,20.0,21.4,20.0,88,90,85,18.0,19.1,17.9,1022.1,1022.2,1022.0,1.4,32,5.3,-0.09,0.0
A765,26/05/2018,20,23.3,24.1,22.8,76,77,70,18.8,18.8,17.7,1019.6,1019.7,1019.4,0.9,291,2.0,570.7,0.0
A765,26/05/2018,09,17.5,18.0,17.5,96,96,95,16.8,17.3,16.8,1020.6,1020.6,1020.2,0.8,267,2.4,-3.42,0.0
A765,26/05/2018,13,23.2,23.3,19.9,72,90,71,17.8,18.7,17.6,1022.5,1022.5,1021.9,1.4,167,3.0,1407.,0.0
A765,26/05/2018,00,21.4,21.8,21.4,84,86,83,18.7,19.1,18.7,1021.9,1021.9,1021.6,1.9,74,8.0,-0.61,0.0
A765,26/05/2018,03,19.2,20.0,19.2,93,93,88,18.1,18.3,18.0,1021.9,1022.1,1021.9,1.3,347,4.0,-2.45,0.0
A765,26/05/2018,06,18.9,18.9,18.7,96,96,96,18.2,18.2,18.0,1021.0,1021.4,1021.0,0.9,300,2.6,-1.66,0.0
A765,26/05/2018,05,18.9,18.9,18.5,96,96,95,18.2,18.2,17.7,1021.3,1021.5,1021.2,1.5,290,2.6,-3.14,0.0
A765,26/05/2018,07,18.5,18.9,18.5,94,96,94,17.6,18.2,17.6,1020.4,1021.0,1020.4,1.1,354,2.4,-3.10,0.0
A765,26/05/2018,22,19.3,20.4,19.3,92,92,90,18.0,18.7,17.9,1020.9,1020.9,1020.2,0.2,349,1.8,-3.59,0.0
A765,26/05/2018,08,18.0,18.5,17.7,96,96,94,17.3,17.5,16.9,1020.2,1020.4,1020.0,0.7,245,2.0,-3.58,0.0
A765,26/05/2018,15,24.8,24.8,23.9,70,72,67,19.0,19.0,17.7,1021.4,1022.0,1021.4,2.4,109,4.6,2337.,0.0
A765,26/05/2018,10,17.6,17.9,17.5,96,96,95,16.9,17.2,16.8,1021.4,1021.4,1020.6,0.7,290,3.1,-1.62,0.0
A765,26/05/2018,23,19.0,19.4,18.9,94,94,92,18.0,18.2,17.9,1021.5,1021.5,1020.8,0.7,244,1.4,-3.59,0.0
A765,26/05/2018,11,17.8,17.8,17.3,95,96,95,17.0,17.0,16.6,1021.8,1021.8,1021.4,0.7,279,2.6,151.0,0.0
A765,26/05/2018,16,24.4,25.2,23.4,71,74,67,18.7,19.1,18.1,1021.0,1021.4,1021.0,2.4,131,5.8,1917.,0.0
A765,26/05/2018,17,23.8,24.6,23.4,72,73,68,18.4,18.8,18.0,1020.2,1021.0,1020.2,1.4,136,5.2,1038.,0.0
A765,26/05/2018,01,20.1,21.6,20.0,90,90,84,18.4,18.9,18.1,1022.1,1022.1,1021.8,0.8,40,4.6,0.413,0.0
A765,26/05/2018,12,19.9,19.9,17.8,90,95,90,18.2,18.4,17.0,1022.2,1022.3,1021.8,1.3,281,1.7,613.7,0.0
A765,26/05/2018,18,23.5,23.8,23.2,73,74,72,18.3,18.6,18.1,1020.0,1020.2,1019.9,0.9,138,4.7,777.0,0.0
A765,27/05/2018,20,22.6,23.2,22.6,79,81,77,18.8,19.1,18.7,1022.1,1022.1,1021.8,0.9,136,3.8,246.9,0.0
A765,27/05/2018,01,18.5,18.7,18.4,95,95,94,17.6,17.9,17.6,1022.1,1022.1,1021.9,0.7,223,1.9,-2.57,0.0
A765,27/05/2018,18,23.8,25.1,23.7,74,74,69,18.8,19.5,18.4,1022.1,1022.3,1022.1,2.3,151,5.2,1517.,0.0
A765,27/05/2018,05,17.6,17.8,17.5,96,97,96,17.0,17.3,16.8,1021.4,1021.8,1021.4,1.0,229,1.7,-3.54,0.0
A765,27/05/2018,16,25.2,25.5,24.5,70,71,67,19.3,19.5,18.3,1022.7,1023.5,1022.7,2.3,111,5.3,2402.,0.0
A765,27/05/2018,17,24.2,25.4,24.2,71,71,66,18.6,19.5,18.3,1022.3,1022.7,1022.3,2.3,117,5.3,2040.,0.0
A765,27/05/2018,19,23.2,24.3,23.2,78,78,72,19.0,19.2,18.6,1021.8,1022.1,1021.8,1.5,154,5.2,771.5,0.0
A765,27/05/2018,03,18.1,18.4,18.0,96,96,95,17.4,17.6,17.3,1022.0,1022.2,1022.0,0.3,350,1.8,-3.54,0.0
A765,27/05/2018,09,17.1,17.7,17.1,97,97,96,16.6,17.2,16.5,1021.6,1021.6,1021.1,0.7,310,1.8,-3.39,0.0
A765,27/05/2018,02,18.5,18.6,18.3,95,95,94,17.7,17.8,17.5,1022.2,1022.3,1022.0,0.9,276,1.6,-2.79,0.0
A765,27/05/2018,00,18.6,19.2,18.6,95,95,94,17.7,18.2,17.7,1021.9,1021.9,1021.5,0.4,297,1.8,-3.55,0.0
A765,27/05/2018,10,17.0,17.7,16.9,97,97,96,16.5,17.2,16.4,1022.3,1022.3,1021.6,0.6,307,1.8,-1.49,0.0
A765,27/05/2018,06,17.6,17.9,17.5,96,97,96,17.1,17.3,16.9,1021.1,1021.5,1021.1,1.0,262,2.0,-3.55,0.0
A765,27/05/2018,04,17.7,18.2,17.7,96,96,96,17.0,17.6,17.0,1021.8,1022.0,1021.7,0.5,242,1.5,-3.53,0.0
A765,27/05/2018,07,17.8,17.9,17.6,97,97,96,17.3,17.4,17.1,1021.1,1021.2,1021.1,0.9,266,2.0,-3.55,0.0
A765,27/05/2018,08,17.5,18.0,17.5,96,97,96,16.9,17.4,16.9,1021.2,1021.2,1021.1,1.1,292,1.7,-3.46,0.0
A765,27/05/2018,21,21.3,22.6,21.3,89,89,79,19.3,19.4,18.6,1022.4,1022.4,1022.1,1.2,277,1.9,50.98,0.0
A765,27/05/2018,12,20.5,20.5,18.0,92,97,92,19.1,19.3,17.5,1023.7,1023.7,1022.9,1.1,207,2.4,498.3,0.0
A765,27/05/2018,15,24.9,25.1,24.1,67,72,64,18.5,19.2,17.2,1023.5,1024.2,1023.5,2.2,113,4.3,2357.,0.2
A765,27/05/2018,11,18.0,18.0,17.0,97,97,97,17.5,17.5,16.4,1022.9,1023.0,1022.3,0.9,273,2.1,138.7,0.0
A765,27/05/2018,13,23.1,23.1,20.5,75,92,75,18.4,19.2,18.4,1024.3,1024.3,1023.7,1.2,173,2.8,1528.,0.0
A765,27/05/2018,23,19.1,20.0,19.1,95,95,93,18.2,18.8,18.2,1023.3,1023.3,1023.0,0.4,299,1.5,-3.60,0.0
A765,27/05/2018,22,20.0,21.3,20.0,93,93,89,18.8,19.3,18.7,1023.0,1023.0,1022.4,0.6,262,1.8,-3.59,0.0
A765,27/05/2018,14,24.1,24.3,23.0,71,75,71,18.6,19.3,18.0,1024.3,1024.3,1024.3,1.8,118,3.6,2028.,0.0
A765,28/05/2018,01,18.3,19.0,18.3,95,95,95,17.5,18.1,17.5,1023.6,1023.6,1023.5,0.4,332,1.5,-3.58,0.0
A765,28/05/2018,19,24.8,25.1,24.3,64,66,61,17.5,17.9,17.0,1022.3,1022.4,1022.3,1.4,124,4.5,1378.,0.0
A765,28/05/2018,22,19.7,20.7,19.7,88,89,84,17.6,18.1,17.5,1022.8,1022.8,1022.3,0.7,302,3.2,-3.60,0.0
A765,28/05/2018,10,16.0,16.3,15.5,97,97,97,15.5,15.8,14.9,1023.3,1023.3,1023.0,1.1,267,1.9,-1.94,0.0
A765,28/05/2018,16,25.1,25.1,24.0,61,62,57,16.9,17.1,15.3,1023.7,1024.4,1023.7,2.9,116,5.2,2516.,0.0
A765,28/05/2018,17,24.9,25.3,24.6,62,63,58,17.1,17.3,16.0,1022.9,1023.7,1022.9,2.1,115,5.2,2353.,0.0
A765,28/05/2018,18,24.3,25.1,24.1,65,65,59,17.2,17.5,16.4,1022.4,1022.9,1022.4,2.6,164,4.9,1950.,0.0
A765,28/05/2018,08,16.2,16.4,16.0,97,97,97,15.7,15.9,15.5,1022.7,1022.7,1022.5,0.8,342,1.4,-3.60,0.0
A765,28/05/2018,03,17.3,17.8,17.2,96,96,96,16.7,17.2,16.6,1023.9,1024.0,1023.8,0.4,258,1.0,-3.59,0.0
A765,28/05/2018,21,20.7,23.8,20.7,84,84,71,17.8,18.5,17.2,1022.3,1022.4,1022.2,1.7,256,3.2,57.10,0.0
A765,28/05/2018,20,23.6,24.9,23.1,73,73,64,18.5,18.5,17.2,1022.2,1022.3,1022.1,0.9,252,3.1,538.8,0.0
A765,28/05/2018,09,15.8,16.2,15.6,97,97,97,15.3,15.8,15.0,1023.1,1023.1,1022.7,1.2,325,1.8,-3.59,0.0
A765,28/05/2018,00,18.9,19.3,18.9,95,95,95,18.1,18.4,18.0,1023.6,1023.6,1023.3,0.6,349,1.6,-2.72,0.0
A765,28/05/2018,23,18.9,19.7,18.9,90,90,88,17.2,17.8,17.1,1023.2,1023.2,1022.8,0.9,284,1.7,-3.60,0.0
A765,28/05/2018,15,24.3,24.7,24.0,60,61,54,16.1,16.4,14.4,1024.4,1024.8,1024.4,2.0,120,4.7,2436.,0.2
A765,28/05/2018,07,16.2,16.9,16.2,97,97,96,15.7,16.4,15.6,1022.5,1022.9,1022.5,0.5,345,1.5,-3.59,0.0
A765,28/05/2018,11,16.4,16.8,16.0,96,97,96,15.8,16.3,15.5,1024.1,1024.1,1023.3,1.4,326,2.8,116.5,0.0
A765,28/05/2018,04,17.2,17.4,17.0,97,97,96,16.7,16.8,16.5,1023.9,1024.0,1023.9,0.8,274,1.4,-3.58,0.0
A765,28/05/2018,05,17.0,17.4,17.0,97,97,96,16.4,16.9,16.4,1023.5,1023.9,1023.5,0.9,339,1.3,-3.60,0.0
A765,28/05/2018,02,17.8,18.3,17.6,96,96,95,17.2,17.6,16.9,1023.9,1023.9,1023.6,0.5,313,0.9,-3.60,0.0
A765,28/05/2018,06,16.9,17.0,16.6,97,97,96,16.4,16.5,16.1,1022.9,1023.5,1022.9,1.0,303,1.6,-3.60,0.0
A765,28/05/2018,13,21.5,21.5,18.9,74,84,73,16.8,17.1,16.1,1024.9,1024.9,1024.8,0.5,281,1.5,1557.,0.0
A765,28/05/2018,14,24.1,24.1,21.5,55,77,55,14.5,17.5,14.2,1024.8,1025.0,1024.8,1.9,128,3.6,2121.,0.0
A765,28/05/2018,12,18.9,19.0,16.4,84,96,84,16.1,16.9,15.7,1024.8,1024.8,1024.1,0.8,254,2.1,553.7,0.0
A765,29/05/2018,12,19.3,19.3,16.9,88,95,88,17.2,17.3,16.1,1024.3,1024.3,1023.5,0.5,307,1.4,403.5,0.0
A765,29/05/2018,20,24.9,25.8,24.5,71,72,62,19.3,19.4,17.7,1020.9,1021.0,1020.8,1.0,132,3.5,728.0,0.0
A765,29/05/2018,04,17.1,17.9,16.9,94,94,91,16.0,16.4,15.9,1023.3,1023.5,1023.2,0.8,270,1.9,-3.59,0.0
A765,29/05/2018,16,24.8,25.4,24.6,66,66,60,18.1,18.1,16.9,1022.9,1023.7,1022.9,2.2,118,4.9,2486.,0.0
A765,29/05/2018,08,16.5,16.5,15.6,96,97,95,16.0,16.0,14.9,1022.1,1022.2,1022.0,1.0,245,2.0,-3.59,0.0
A765,29/05/2018,09,15.9,16.5,15.9,96,97,96,15.3,15.9,15.3,1022.4,1022.4,1022.0,0.8,256,2.3,-3.58,0.0
A765,29/05/2018,23,19.2,19.9,19.2,92,92,89,17.9,18.3,17.9,1021.4,1021.4,1021.1,0.7,299,1.5,-3.60,0.0
A765,29/05/2018,19,25.8,25.8,24.6,64,67,59,18.4,18.9,16.2,1020.8,1021.3,1020.8,1.2,140,3.1,1382.,0.0
A765,29/05/2018,17,25.3,25.5,24.4,67,69,64,18.6,19.2,17.7,1021.8,1022.9,1021.8,2.0,120,5.1,2328.,0.0
A765,29/05/2018,18,25.5,25.6,24.6,65,72,62,18.4,19.9,17.7,1021.3,1021.8,1021.3,1.6,124,4.0,1853.,0.0
A765,29/05/2018,10,16.4,16.4,15.8,96,96,96,15.8,15.8,15.2,1023.2,1023.2,1022.4,0.9,277,2.0,-2.14,0.0
A765,29/05/2018,22,19.9,21.1,19.9,90,90,81,18.1,18.2,17.5,1021.1,1021.1,1021.0,0.7,285,1.8,-3.60,0.0
A765,29/05/2018,21,21.1,24.9,21.1,81,81,71,17.8,19.4,17.6,1021.0,1021.0,1020.9,1.1,326,3.0,67.62,0.0
A765,29/05/2018,11,17.0,17.0,15.9,95,96,95,16.2,16.2,15.2,1023.5,1023.5,1023.2,0.5,227,1.8,108.4,0.0
A765,29/05/2018,05,16.8,17.2,16.6,95,95,92,15.9,16.1,15.6,1022.8,1023.4,1022.8,0.6,322,1.9,-3.60,0.0
A765,29/05/2018,00,18.2,19.0,18.2,93,93,89,17.0,17.4,16.9,1023.6,1023.6,1023.2,0.3,33,1.7,-3.60,0.0
A765,29/05/2018,01,17.9,18.2,17.9,94,94,93,16.9,17.1,16.8,1023.7,1023.7,1023.6,0.3,280,1.5,-3.58,0.0
A765,29/05/2018,15,25.0,25.4,24.6,62,64,54,17.2,17.4,15.0,1023.7,1024.1,1023.7,2.5,119,5.5,2400.,0.2
A765,29/05/2018,02,17.6,18.1,17.5,95,95,94,16.8,17.1,16.6,1023.6,1023.7,1023.5,0.6,2,1.1,-3.59,0.0
A765,29/05/2018,06,16.0,16.8,16.0,95,95,94,15.3,15.9,15.2,1022.6,1022.9,1022.6,0.5,3,1.4,-3.60,0.0
A765,29/05/2018,13,23.2,23.4,19.3,65,88,64,16.3,17.6,16.2,1024.6,1024.6,1024.3,0.6,25,1.8,1478.,0.0
A765,29/05/2018,07,15.8,16.4,15.6,96,96,95,15.1,15.7,14.8,1022.1,1022.6,1022.1,0.3,276,1.5,-3.58,0.0
A765,29/05/2018,03,17.9,18.1,17.6,91,95,91,16.4,16.9,16.4,1023.5,1023.7,1023.5,0.7,304,2.7,-3.59,0.0
A765,29/05/2018,14,25.0,25.3,23.2,57,65,55,16.0,16.9,15.1,1024.0,1024.6,1024.0,3.1,119,5.5,2084.,0.0
A765,30/05/2018,08,17.7,18.0,17.4,96,96,96,17.0,17.3,16.7,1020.6,1020.9,1020.6,1.1,287,2.2,-2.79,0.0
A765,30/05/2018,18,25.1,25.8,24.8,64,66,57,17.8,18.4,16.1,1018.8,1019.5,1018.8,2.0,116,5.0,1934.,0.0
A765,30/05/2018,09,17.6,17.9,17.4,96,96,96,17.0,17.3,16.7,1020.8,1020.8,1020.5,0.6,268,2.6,-3.39,0.0
A765,30/05/2018,17,24.9,25.7,24.8,66,68,61,18.1,18.7,17.4,1019.5,1020.6,1019.5,2.4,117,5.7,2331.,0.0
A765,30/05/2018,04,17.7,17.9,17.6,96,96,96,17.1,17.3,17.0,1021.8,1021.8,1021.7,0.6,277,1.4,-3.55,0.0
A765,30/05/2018,16,25.3,26.3,25.0,62,63,54,17.5,17.9,16.2,1020.6,1021.5,1020.6,2.8,109,5.8,2512.,0.0
A765,30/05/2018,10,17.1,17.7,17.0,96,96,96,16.5,17.1,16.3,1021.2,1021.2,1020.7,0.6,296,2.0,-2.21,0.0
A765,30/05/2018,21,20.4,24.1,20.4,82,82,70,17.2,18.6,17.2,1018.5,1018.6,1018.3,0.6,28,2.9,68.00,0.0
A765,30/05/2018,11,18.0,18.0,17.0,96,97,96,17.3,17.3,16.4,1021.8,1021.8,1021.2,0.9,241,2.1,96.92,0.0
A765,30/05/2018,20,24.0,24.8,23.8,71,72,64,18.4,18.7,17.3,1018.3,1018.4,1018.2,1.3,113,3.8,560.8,0.0
A765,30/05/2018,12,20.0,20.0,18.0,88,96,88,17.9,18.3,17.5,1022.4,1022.4,1021.8,0.7,288,2.1,442.2,0.0
A765,30/05/2018,19,24.6,25.4,24.6,68,68,63,18.3,18.6,17.7,1018.4,1018.8,1018.4,2.0,121,4.8,1361.,0.0
A765,30/05/2018,23,18.4,19.2,18.3,86,89,86,16.0,17.1,16.0,1019.2,1019.2,1018.9,0.6,324,1.4,-3.60,0.0
A765,30/05/2018,22,19.2,20.6,19.2,87,87,81,16.9,17.7,16.7,1018.9,1018.9,1018.5,0.4,314,2.9,-3.60,0.0
A765,30/05/2018,05,18.1,18.1,17.4,97,97,96,17.5,17.5,16.8,1021.7,1021.8,1021.7,0.7,242,2.1,-3.41,0.0
A765,30/05/2018,02,18.0,18.9,18.0,95,95,95,17.1,18.1,17.1,1022.2,1022.4,1022.2,0.4,273,1.2,-3.54,0.0
A765,30/05/2018,00,19.2,19.2,18.9,94,94,92,18.2,18.2,17.7,1021.8,1021.8,1021.4,0.9,243,2.0,-3.58,0.0
A765,30/05/2018,06,17.9,18.3,17.8,96,97,96,17.3,17.7,17.2,1021.4,1021.8,1021.4,0.8,250,2.4,-2.79,0.0
A765,30/05/2018,03,17.7,18.0,17.7,96,96,95,17.0,17.2,17.0,1021.8,1022.2,1021.8,0.3,329,1.5,-3.57,0.0
A765,30/05/2018,13,23.2,23.2,20.0,69,88,67,17.2,18.7,16.4,1022.6,1022.6,1022.4,0.6,340,1.5,1345.,0.0
A765,30/05/2018,15,26.3,26.3,25.1,57,59,54,17.0,17.0,15.7,1021.5,1022.1,1021.5,2.2,110,4.8,2429.,0.2
A765,30/05/2018,01,18.9,19.2,18.7,95,95,94,18.0,18.2,17.8,1022.2,1022.2,1021.8,0.5,292,2.0,-3.57,0.0
A765,30/05/2018,14,25.1,25.4,23.2,58,69,57,16.3,17.3,15.9,1022.1,1022.6,1022.1,1.8,130,3.7,2115.,0.0
A765,30/05/2018,07,17.9,18.2,17.5,96,96,96,17.3,17.6,16.8,1020.9,1021.4,1020.9,0.9,240,2.2,-2.28,0.0
A765,31/05/2018,17,24.2,25.0,24.1,70,73,67,18.4,19.4,18.0,1015.3,1016.2,1015.3,2.0,116,4.4,2292.,0.0
A765,31/05/2018,15,24.2,24.4,23.4,72,75,70,18.9,19.3,18.2,1017.2,1017.6,1017.2,2.0,120,4.8,2325.,0.0
A765,31/05/2018,13,22.0,22.0,20.0,75,86,74,17.3,17.5,16.7,1017.9,1018.2,1017.9,0.6,333,1.9,940.4,0.0
A765,31/05/2018,05,17.6,17.6,16.8,94,95,93,16.7,16.7,15.8,1018.4,1018.9,1018.4,0.8,260,2.1,-2.98,0.0
A765,31/05/2018,04,16.8,17.4,16.8,94,95,94,15.8,16.5,15.8,1018.9,1019.4,1018.9,1.0,306,2.2,-3.57,0.0
A765,31/05/2018,09,17.1,17.3,16.9,95,95,94,16.2,16.5,16.0,1017.3,1017.3,1017.1,0.8,278,2.1,-3.24,0.0
A765,31/05/2018,16,24.4,25.0,23.9,72,75,69,19.0,19.7,18.6,1016.2,1017.2,1016.2,2.2,119,4.7,2338.,0.0
A765,31/05/2018,23,20.0,20.1,19.9,93,94,93,18.9,19.1,18.8,1015.6,1015.6,1014.9,0.6,292,1.4,-3.45,0.0
A765,31/05/2018,06,17.7,18.0,17.6,93,94,93,16.6,16.9,16.4,1017.9,1018.4,1017.9,1.1,259,2.2,-3.07,0.0
A765,31/05/2018,18,24.1,24.7,23.4,73,75,69,18.8,19.4,18.3,1014.8,1015.3,1014.8,1.8,115,3.8,1420.,0.0
A765,31/05/2018,02,17.8,17.9,17.3,93,94,93,16.8,16.9,16.1,1019.5,1019.7,1019.5,1.3,278,2.3,-3.58,0.0
A765,31/05/2018,21,21.0,22.9,21.0,88,88,76,18.9,18.9,18.2,1014.8,1014.8,1014.3,0.9,285,2.6,45.56,0.0
A765,31/05/2018,19,23.7,24.5,23.2,73,76,72,18.7,19.3,18.3,1014.4,1014.8,1014.3,1.6,129,3.9,975.9,0.0
A765,31/05/2018,11,18.4,18.4,17.0,89,95,89,16.6,16.9,16.1,1018.1,1018.1,1017.6,1.4,235,3.3,111.6,0.0
A765,31/05/2018,20,22.9,23.9,22.9,76,76,71,18.4,18.7,18.3,1014.3,1014.4,1014.2,1.1,120,3.4,544.4,0.0
A765,31/05/2018,10,17.0,17.4,17.0,94,95,94,16.1,16.6,16.1,1017.6,1017.6,1017.3,1.0,255,1.9,-1.11,0.0
A765,31/05/2018,22,20.1,21.0,20.0,93,93,88,18.9,19.2,18.8,1014.9,1014.9,1014.8,0.7,314,2.2,-3.59,0.0
A765,31/05/2018,12,20.0,20.0,18.4,86,90,86,17.6,17.6,16.5,1018.2,1018.3,1018.1,0.7,273,3.3,491.5,0.0
A765,31/05/2018,07,16.8,17.7,16.6,94,94,93,15.8,16.7,15.5,1017.3,1017.9,1017.3,0.5,304,2.1,-3.60,0.0
A765,31/05/2018,08,17.0,17.1,16.6,95,95,94,16.2,16.4,15.7,1017.1,1017.4,1017.0,1.0,258,2.0,-3.48,0.0
A765,31/05/2018,00,17.8,18.4,17.7,92,92,86,16.5,16.5,15.9,1019.4,1019.5,1019.2,0.7,282,1.2,-3.60,0.0
A765,31/05/2018,03,17.1,17.8,17.0,94,94,93,16.1,16.6,16.0,1019.4,1019.5,1019.3,1.4,293,2.0,-3.59,0.0
A765,31/05/2018,14,23.6,23.9,22.0,71,77,71,18.1,18.8,17.2,1017.6,1018.0,1017.6,1.8,121,3.8,2007.,0.0
A765,31/05/2018,01,17.4,17.9,17.4,93,94,92,16.2,16.8,16.2,1019.5,1019.6,1019.4,1.0,261,1.7,-3.59,0.0
A765,01/06/2018,18,25.5,26.9,25.2,78,78,64,21.3,21.3,19.0,1012.1,1012.5,1012.1,2.5,102,5.6,1853.,0.0
A765,01/06/2018,08,19.0,19.3,19.0,95,95,94,18.2,18.4,18.1,1013.9,1013.9,1013.7,0.6,341,1.1,-3.22,0.0
A765,01/06/2018,02,19.1,19.4,19.0,93,93,90,17.9,17.9,17.6,1015.6,1015.8,1015.5,0.4,332,1.5,-3.40,0.0
A765,01/06/2018,00,20.1,20.2,20.0,93,93,92,18.9,19.0,18.8,1015.7,1015.7,1015.6,0.6,305,1.2,-2.68,0.0
A765,01/06/2018,09,19.0,19.2,18.8,96,96,95,18.2,18.5,18.0,1013.9,1013.9,1013.7,0.6,253,1.9,-3.13,0.0
A765,01/06/2018,13,26.2,26.4,22.5,48,84,48,14.5,20.0,14.5,1015.2,1015.5,1015.2,1.9,117,5.4,808.4,0.0
A765,01/06/2018,22,20.5,21.8,20.5,83,86,82,17.5,18.9,17.5,1013.5,1013.5,1013.2,0.7,356,2.2,-3.60,0.0
A765,01/06/2018,04,19.0,19.2,18.9,94,94,93,18.0,18.2,17.8,1014.9,1015.2,1014.9,0.4,7,1.1,-2.99,0.0
A765,01/06/2018,10,18.8,19.2,18.8,95,96,95,18.0,18.4,18.0,1014.1,1014.1,1013.7,0.9,225,2.3,0.151,0.0
A765,01/06/2018,11,18.9,19.2,18.8,95,95,95,18.2,18.4,18.0,1014.9,1014.9,1014.1,1.0,261,2.3,81.20,0.0
A765,01/06/2018,14,28.6,28.7,26.2,46,50,41,15.9,16.1,14.0,1015.0,1015.3,1015.0,1.1,123,6.6,2015.,0.0
A765,01/06/2018,20,24.7,25.5,24.7,82,83,79,21.5,21.9,21.2,1012.7,1012.7,1012.1,1.8,120,4.2,542.8,0.0
A765,01/06/2018,12,22.5,22.5,18.9,84,96,84,19.7,19.8,18.2,1015.3,1015.4,1014.8,0.8,93,2.8,468.2,0.0
A765,01/06/2018,19,25.1,26.0,25.0,80,80,74,21.4,21.6,20.6,1012.1,1012.2,1012.1,2.2,104,5.1,1265.,0.0
A765,01/06/2018,05,19.2,19.4,18.9,94,94,93,18.2,18.4,17.9,1014.8,1015.0,1014.8,0.4,355,1.0,-2.44,0.0
A765,01/06/2018,21,21.8,24.7,21.8,83,86,82,18.8,21.5,18.8,1013.2,1013.2,1012.7,0.6,6,3.6,57.79,0.0
A765,01/06/2018,15,26.1,28.9,26.1,68,68,44,19.7,19.8,15.2,1014.1,1015.0,1014.1,3.5,122,6.5,2326.,0.0
A765,01/06/2018,23,19.5,20.6,19.5,89,89,82,17.7,17.8,17.2,1013.8,1013.8,1013.5,0.2,255,1.5,-3.60,0.0
A765,01/06/2018,17,26.9,27.1,26.1,69,72,68,20.8,21.0,19.9,1012.5,1013.2,1012.5,2.5,109,6.4,2242.,0.0
A765,01/06/2018,03,19.2,19.4,19.1,94,94,93,18.2,18.4,18.0,1015.2,1015.6,1015.2,0.4,353,1.1,-2.69,0.0
A765,01/06/2018,07,19.3,19.5,19.1,94,95,94,18.4,18.6,18.1,1013.8,1014.5,1013.8,0.5,359,1.4,-2.91,0.0
A765,01/06/2018,06,19.2,19.3,19.2,95,95,94,18.3,18.4,18.2,1014.5,1014.9,1014.5,0.3,64,1.6,-2.53,0.0
A765,01/06/2018,16,26.5,27.1,25.9,69,72,65,20.4,20.9,19.5,1013.2,1014.1,1013.2,3.1,107,6.5,2437.,0.0
A765,01/06/2018,01,19.4,20.1,19.4,91,93,90,17.9,18.8,17.7,1015.7,1015.7,1015.6,0.7,321,1.3,-2.71,0.0
A765,02/06/2018,01,19.3,19.3,18.8,87,92,86,17.1,17.6,16.5,1013.8,1014.0,1013.8,0.9,337,1.8,-3.60,0.0
A765,02/06/2018,05,17.8,18.3,17.6,88,91,84,15.7,16.3,15.4,1013.5,1013.9,1013.5,1.0,212,2.8,-3.60,0.0
A765,02/06/2018,13,25.6,26.1,23.2,53,60,44,15.2,15.8,12.9,1015.8,1015.9,1015.2,0.7,149,4.4,426.2,0.0
A765,02/06/2018,03,18.5,18.8,18.0,92,93,90,17.2,17.3,16.5,1014.1,1014.3,1014.1,1.1,250,3.8,-3.60,0.0
A765,02/06/2018,07,26.3,26.9,18.9,42,79,37,12.4,15.7,11.1,1012.7,1013.3,1012.7,2.0,323,7.5,-2.43,0.0
A765,02/06/2018,19,26.8,27.4,26.5,52,57,51,16.1,17.5,15.9,1014.1,1014.1,1013.5,1.3,213,5.9,731.9,0.0
A765,02/06/2018,17,30.1,30.1,25.6,,64,41,,18.6,15.0,1013.3,1014.1,1013.2,1.7,171,3.8,1542.,0.0
A765,02/06/2018,18,27.4,30.1,27.3,52,57,45,16.7,19.3,15.9,1013.6,1013.6,1013.2,1.3,239,3.8,1089.,0.0
A765,02/06/2018,16,25.6,26.4,25.4,64,66,55,18.4,18.6,16.4,1014.1,1014.6,1014.1,1.0,258,5.4,776.8,0.0
A765,02/06/2018,08,21.0,26.4,21.0,65,69,39,14.2,15.4,11.3,1012.7,1013.0,1012.5,1.6,224,6.1,-2.91,0.0
A765,02/06/2018,12,23.3,27.2,23.0,57,61,35,14.2,15.1,10.6,1015.2,1015.2,1013.9,1.6,231,5.3,105.2,0.0
A765,02/06/2018,11,25.9,27.4,25.5,41,42,35,11.7,12.1,10.4,1013.9,1014.0,1013.2,0.8,318,8.5,61.37,0.0
A765,02/06/2018,09,26.4,27.1,21.0,38,67,36,10.8,15.6,10.5,1013.0,1013.0,1012.7,3.8,346,9.0,-3.52,0.0
A765,02/06/2018,21,23.4,25.3,23.4,77,77,63,19.1,19.2,18.0,1015.5,1015.5,1014.9,0.5,355,4.1,54.30,0.0
A765,02/06/2018,20,25.3,26.9,25.3,63,63,50,17.8,17.8,15.1,1014.9,1014.9,1014.1,1.7,167,4.1,413.7,0.0
A765,02/06/2018,10,26.9,27.6,25.4,36,44,35,10.7,12.1,10.4,1013.3,1013.4,1012.8,4.0,352,8.1,-2.23,0.0
A765,02/06/2018,22,22.4,23.4,22.3,85,86,77,19.7,20.1,19.1,1015.6,1015.7,1015.4,0.7,337,2.5,-3.48,0.0
A765,02/06/2018,23,22.3,22.6,22.2,81,86,81,18.9,19.8,18.9,1017.4,1017.5,1015.6,1.9,192,5.4,-1.94,0.0
A765,02/06/2018,00,19.0,19.7,19.0,92,93,89,17.6,18.2,17.6,1013.9,1013.9,1013.8,0.5,334,1.3,-3.60,0.0
A765,02/06/2018,14,25.9,27.2,24.5,57,62,37,16.7,17.0,11.3,1015.2,1016.0,1015.2,1.5,199,4.6,763.9,0.0
A765,02/06/2018,04,18.0,18.7,18.0,87,92,85,15.8,17.2,15.7,1013.9,1014.2,1013.8,1.0,266,4.2,-3.60,0.0
A765,02/06/2018,15,26.4,28.2,25.9,55,57,43,16.5,17.2,14.3,1014.5,1015.2,1014.5,1.4,199,4.5,1156.,0.0
A765,02/06/2018,06,18.9,18.9,17.8,76,90,76,14.5,16.3,14.5,1013.3,1013.6,1013.3,0.8,153,4.0,-3.43,0.0
A765,02/06/2018,02,18.8,19.3,18.5,90,90,81,17.1,17.1,15.9,1014.1,1014.1,1013.8,0.6,261,2.0,-3.60,0.0
A765,03/06/2018,03,21.7,21.9,21.7,88,88,86,19.7,19.8,19.4,1018.3,1018.4,1018.1,0.7,259,2.0,-0.40,0.0
A765,03/06/2018,01,22.6,22.7,22.5,82,82,79,19.4,19.4,18.8,1017.7,1017.7,1017.2,0.5,48,3.3,-1.65,0.0
A765,03/06/2018,00,22.6,22.8,22.3,81,81,79,19.2,19.2,18.8,1017.3,1017.4,1017.2,0.6,116,4.3,-1.32,0.0
A765,03/06/2018,08,21.6,21.6,21.4,89,89,88,19.7,19.8,19.4,1019.2,1019.2,1018.4,0.9,203,2.8,-0.12,0.0
A765,03/06/2018,02,21.9,22.6,21.9,87,87,82,19.6,19.6,19.2,1018.1,1018.2,1017.7,0.4,315,1.5,-1.45,0.0
A765,03/06/2018,07,21.5,21.7,21.5,89,90,88,19.6,19.8,19.6,1018.6,1018.8,1018.5,0.9,254,1.9,-0.22,0.0
A765,03/06/2018,15,18.9,19.3,18.7,95,96,95,18.1,18.6,18.0,1024.5,1024.8,1024.4,0.9,248,3.1,454.7,0.6
A765,03/06/2018,05,21.6,21.8,21.6,88,89,86,19.4,19.7,19.4,1018.7,1018.9,1018.4,1.0,223,2.7,-0.33,0.0
A765,03/06/2018,16,18.7,19.1,18.6,95,95,94,17.8,18.3,17.7,1024.1,1024.5,1023.9,1.2,228,3.8,407.4,1.0
A765,03/06/2018,04,21.8,21.8,21.7,87,89,86,19.4,19.7,19.4,1018.5,1018.6,1018.2,1.0,212,2.5,-0.45,0.0
A765,03/06/2018,09,20.1,21.6,20.1,95,95,89,19.2,20.0,19.1,1020.8,1020.8,1018.9,2.2,231,12.7,-0.22,10.4
A765,03/06/2018,12,19.0,19.2,18.8,95,96,95,18.3,18.4,18.1,1024.0,1024.0,1022.9,1.3,248,4.4,105.0,1.8
A765,03/06/2018,21,17.7,18.0,17.6,94,95,93,16.8,17.1,16.6,1025.0,1025.0,1024.6,1.2,255,3.6,11.99,1.0
A765,03/06/2018,17,18.4,18.7,18.3,95,95,95,17.6,17.9,17.5,1023.8,1024.1,1023.7,1.4,224,3.9,298.6,1.4
A765,03/06/2018,18,18.1,18.4,18.1,95,96,95,17.4,17.7,17.3,1023.9,1023.9,1023.8,0.9,235,4.1,271.2,1.6
A765,03/06/2018,11,19.2,19.7,19.1,95,96,95,18.5,19.0,18.3,1022.9,1022.9,1021.8,1.1,252,6.4,25.25,1.4
A765,03/06/2018,10,19.7,20.1,19.7,96,96,95,19.0,19.3,18.9,1021.8,1021.8,1020.8,1.4,238,5.4,0.318,2.4
A765,03/06/2018,19,18.1,18.2,17.8,94,96,94,17.1,17.4,16.9,1024.2,1024.2,1023.9,1.7,286,3.6,234.1,0.8
A765,03/06/2018,20,18.0,18.2,17.7,93,95,93,16.9,17.3,16.7,1024.6,1024.6,1024.1,1.0,254,2.7,109.4,0.6
A765,03/06/2018,22,17.8,18.0,17.6,94,95,93,16.8,17.2,16.6,1025.2,1025.2,1024.9,1.4,274,3.6,-2.20,0.0
A765,03/06/2018,23,17.6,18.0,17.4,95,95,94,16.8,17.1,16.5,1025.7,1025.7,1025.2,2.2,291,3.3,-1.24,0.4
A765,03/06/2018,13,18.7,19.2,18.7,95,96,95,17.8,18.4,17.8,1024.5,1024.5,1023.9,1.5,236,5.1,215.4,1.4
A765,03/06/2018,06,21.7,21.7,21.6,88,89,87,19.7,19.7,19.4,1018.7,1019.0,1018.7,1.0,271,2.6,-0.38,0.0
A765,03/06/2018,14,18.8,19.0,18.6,95,96,95,18.0,18.2,17.8,1024.7,1024.9,1024.5,0.9,244,3.9,326.0,2.0
A765,04/06/2018,00,17.9,18.0,17.5,92,95,91,16.7,16.9,16.3,1026.0,1026.0,1025.6,1.1,328,3.0,-2.35,0.0
A765,04/06/2018,06,17.4,17.7,17.3,94,95,94,16.4,16.8,16.3,1024.9,1025.4,1024.9,0.8,227,1.8,-0.94,0.0
A765,04/06/2018,16,20.6,20.7,20.3,79,83,78,16.9,17.6,16.6,1024.1,1024.9,1024.1,1.5,224,3.3,764.1,0.0
A765,04/06/2018,01,17.7,17.9,17.5,95,95,92,16.8,17.1,16.5,1026.2,1026.3,1025.9,1.8,281,4.4,-1.26,0.2
A765,04/06/2018,08,17.2,17.3,17.0,94,95,93,16.3,16.4,16.1,1024.4,1024.6,1024.2,1.3,234,4.3,-0.76,0.0
A765,04/06/2018,04,17.6,17.9,17.4,93,94,93,16.5,16.9,16.3,1025.7,1026.6,1025.7,0.9,318,2.9,-1.48,0.0
A765,04/06/2018,02,17.5,18.0,17.4,93,95,91,16.3,17.0,16.2,1026.2,1026.4,1026.1,1.1,223,3.7,-1.71,0.0
A765,04/06/2018,18,19.2,21.4,19.0,84,87,76,16.5,17.1,16.5,1023.5,1023.5,1023.3,2.7,158,5.9,312.3,0.2
A765,04/06/2018,10,17.1,17.5,17.0,94,95,94,16.0,16.7,16.0,1024.8,1024.8,1024.1,0.7,266,3.2,-2.83,0.0
A765,04/06/2018,13,20.0,20.3,18.7,81,89,80,16.6,17.4,16.4,1025.6,1025.8,1025.5,0.7,356,2.3,974.8,0.0
A765,04/06/2018,17,21.0,21.0,20.4,77,80,77,16.9,17.3,16.6,1023.4,1024.1,1023.4,1.1,214,3.3,802.1,0.0
A765,04/06/2018,05,17.3,17.8,17.2,94,95,93,16.4,16.9,16.3,1025.4,1025.9,1025.4,0.8,237,2.2,-1.30,0.0
A765,04/06/2018,09,17.2,17.3,17.1,94,95,94,16.3,16.4,16.3,1024.1,1024.5,1024.0,1.1,231,2.5,-0.79,0.0
A765,04/06/2018,20,18.6,18.8,18.5,91,92,91,17.1,17.4,17.1,1022.9,1023.4,1022.7,1.4,266,2.5,167.6,0.0
A765,04/06/2018,11,17.2,17.2,16.8,95,95,94,16.4,16.4,15.8,1025.2,1025.2,1024.7,2.0,218,4.0,93.16,0.0
A765,04/06/2018,19,18.7,19.2,18.7,91,91,84,17.3,17.4,16.5,1023.4,1023.5,1023.3,0.9,252,5.0,125.2,0.6
A765,04/06/2018,21,18.8,19.0,18.6,91,92,90,17.3,17.5,17.2,1022.7,1022.9,1022.6,0.6,282,2.5,39.84,0.0
A765,04/06/2018,22,18.3,18.9,18.2,92,93,91,16.8,17.4,16.8,1022.5,1022.7,1022.4,0.7,313,2.1,-1.95,0.0
A765,04/06/2018,12,18.7,18.7,17.2,89,95,89,16.9,17.0,16.4,1025.7,1025.8,1025.2,0.8,247,4.3,421.3,0.0
A765,04/06/2018,23,18.2,18.4,18.1,94,94,92,17.2,17.4,16.9,1022.4,1022.6,1022.4,0.7,267,1.6,-1.78,0.0
A765,04/06/2018,15,20.5,20.9,20.2,81,82,76,17.1,17.2,16.6,1024.9,1025.3,1024.9,0.9,192,3.4,562.3,0.0
A765,04/06/2018,14,20.8,21.5,20.0,76,81,74,16.5,17.6,16.3,1025.3,1025.7,1025.3,0.9,203,2.4,1197.,0.0
A765,04/06/2018,03,17.4,17.7,17.4,93,94,93,16.3,16.7,16.3,1026.3,1026.4,1026.1,1.3,229,2.5,-1.32,0.0
A765,04/06/2018,07,17.3,17.7,17.3,93,94,93,16.1,16.7,16.1,1024.3,1024.9,1024.2,1.4,222,3.5,-1.07,0.0
A765,05/06/2018,14,18.9,18.9,18.6,93,93,92,17.7,17.7,17.3,1018.4,1018.9,1018.4,0.6,273,2.1,214.3,0.0
A765,05/06/2018,19,19.1,19.4,19.1,93,93,89,17.9,18.1,17.5,1015.6,1016.0,1015.5,1.0,345,2.0,124.2,0.0
A765,05/06/2018,23,18.1,18.4,18.1,96,96,96,17.4,17.8,17.4,1013.6,1014.8,1013.6,1.0,210,2.5,-1.16,0.4
A765,05/06/2018,13,18.6,18.6,18.2,93,94,93,17.4,17.4,17.2,1018.6,1019.1,1018.6,0.5,29,1.6,184.6,0.0
A765,05/06/2018,16,18.7,19.1,18.7,93,93,91,17.5,17.7,17.4,1017.6,1018.4,1017.6,1.1,192,3.3,280.2,0.8
A765,05/06/2018,02,17.9,18.0,17.7,95,95,94,17.1,17.2,16.9,1021.8,1022.1,1021.7,0.7,309,1.6,-1.67,0.0
A765,05/06/2018,00,17.9,18.2,17.9,95,95,94,17.1,17.4,17.0,1022.4,1022.5,1022.3,0.9,270,1.9,-2.21,0.0
A765,05/06/2018,21,18.6,18.9,18.5,96,96,94,17.9,18.0,17.7,1015.9,1016.4,1015.8,0.6,303,3.2,4.182,1.2
A765,05/06/2018,04,17.9,18.0,17.7,95,95,95,17.0,17.2,16.9,1020.6,1021.1,1020.6,1.0,311,1.6,-1.01,0.0
A765,05/06/2018,08,17.6,17.6,17.4,96,96,95,16.9,17.0,16.7,1018.1,1018.6,1018.1,0.8,308,2.3,-1.58,0.0
A765,05/06/2018,18,19.2,19.6,19.2,89,91,88,17.5,17.8,17.3,1015.9,1016.2,1015.9,0.4,245,2.0,213.1,0.0
A765,05/06/2018,10,17.7,17.8,17.5,96,96,94,17.0,17.0,16.6,1018.5,1018.5,1018.0,0.7,257,2.1,-1.30,0.0
A765,05/06/2018,09,17.6,17.7,17.5,94,96,94,16.7,17.0,16.7,1018.0,1018.3,1017.9,0.7,297,1.5,-1.38,0.0
A765,05/06/2018,06,17.8,17.9,17.6,95,95,95,17.1,17.1,16.9,1019.0,1019.8,1019.0,0.8,298,1.4,-1.24,0.0
A765,05/06/2018,20,18.9,19.2,18.9,94,94,93,17.9,18.1,17.9,1016.1,1016.1,1015.5,0.5,308,2.4,34.96,0.2
A765,05/06/2018,11,17.8,17.9,17.5,95,96,95,17.1,17.3,16.8,1018.5,1018.7,1018.2,0.6,279,2.1,40.35,0.0
A765,05/06/2018,05,17.7,17.9,17.6,95,96,95,16.9,17.2,16.8,1019.8,1020.6,1019.7,0.7,238,1.9,-1.75,0.0
A765,05/06/2018,17,19.4,19.4,18.7,91,94,90,17.8,18.0,17.5,1016.2,1017.6,1016.2,0.6,23,2.6,449.5,0.8
A765,05/06/2018,12,18.3,18.3,17.8,94,96,94,17.4,17.4,17.0,1018.9,1018.9,1018.5,0.9,284,2.3,129.0,0.0
A765,05/06/2018,15,19.0,19.2,18.8,92,93,92,17.6,18.1,17.5,1018.4,1018.5,1018.3,1.4,207,3.5,329.3,0.2
A765,05/06/2018,22,18.4,18.7,18.3,96,96,95,17.7,17.9,17.6,1014.8,1016.0,1014.7,0.5,2,3.0,-1.31,0.6
A765,05/06/2018,03,17.9,18.1,17.8,95,95,95,17.0,17.3,16.9,1021.1,1021.8,1021.1,0.5,274,1.7,-1.63,0.0
A765,05/06/2018,07,17.6,17.9,17.6,95,95,95,16.8,17.2,16.8,1018.6,1019.1,1018.6,0.7,244,1.6,-0.94,0.0
A765,05/06/2018,01,17.9,18.0,17.7,95,95,95,17.1,17.2,16.8,1022.1,1022.5,1022.1,1.0,273,1.9,-1.99,0.0
A765,06/06/2018,03,23.0,24.4,22.8,63,65,58,15.5,15.8,15.4,1011.0,1012.0,1011.0,3.2,108,10.3,-3.55,0.0
A765,06/06/2018,16,19.2,19.9,19.2,93,93,92,18.0,18.7,18.0,1013.2,1013.7,1013.2,2.0,208,4.9,270.6,0.0
A765,06/06/2018,19,19.4,19.5,19.2,85,88,85,16.9,17.4,16.9,1012.9,1013.0,1012.8,1.0,237,3.7,227.2,0.0
A765,06/06/2018,00,18.2,18.3,18.1,96,96,96,17.6,17.7,17.4,1013.2,1013.7,1013.2,0.7,281,1.8,-1.43,0.0
A765,06/06/2018,01,23.9,23.9,18.2,64,96,64,16.7,18.6,16.7,1012.0,1013.2,1012.0,3.0,19,9.0,-2.25,0.0
A765,06/06/2018,20,19.4,19.5,19.4,85,87,85,16.9,17.2,16.8,1013.1,1013.1,1012.9,0.6,228,2.9,112.7,0.0
A765,06/06/2018,04,23.3,23.3,22.2,62,68,62,15.6,16.1,15.5,1010.4,1011.0,1010.3,2.1,13,8.9,-2.91,0.0
A765,06/06/2018,08,19.8,20.5,19.8,86,86,80,17.5,17.5,17.0,1010.5,1010.5,1009.7,0.9,199,2.5,-1.32,0.0
A765,06/06/2018,15,19.9,21.4,19.8,92,92,83,18.6,18.6,18.2,1013.7,1014.0,1013.7,1.8,219,5.4,238.2,0.0
A765,06/06/2018,14,21.4,21.4,20.9,83,86,83,18.4,18.6,18.2,1014.0,1014.2,1013.8,1.8,256,4.6,315.2,0.0
A765,06/06/2018,06,22.9,23.7,22.4,65,66,60,16.0,16.0,15.3,1009.6,1009.9,1009.1,1.6,202,6.4,-1.71,0.0
A765,06/06/2018,02,23.6,24.0,22.8,61,64,60,15.7,16.3,15.3,1011.8,1012.2,1011.8,3.5,20,10.1,-3.15,0.0
A765,06/06/2018,18,19.2,19.2,18.8,88,90,88,17.2,17.3,17.1,1012.9,1013.1,1012.7,1.6,245,6.1,250.6,0.0
A765,06/06/2018,05,23.2,23.5,22.8,62,64,61,15.4,16.0,15.4,1009.9,1010.5,1009.9,1.2,80,6.4,-2.03,0.0
A765,06/06/2018,17,18.9,19.2,18.9,90,93,90,17.2,18.0,17.2,1012.7,1013.2,1012.7,2.1,218,6.3,361.8,0.0
A765,06/06/2018,10,20.5,20.6,20.4,91,91,88,18.9,18.9,18.5,1011.7,1011.7,1011.1,1.8,224,4.5,-0.67,0.0
A765,06/06/2018,09,20.6,20.6,19.7,88,89,86,18.5,18.5,17.5,1011.1,1011.1,1010.5,1.8,221,4.0,-1.24,0.0
A765,06/06/2018,21,19.0,19.4,19.0,90,90,85,17.3,17.3,16.8,1013.9,1013.9,1013.1,0.6,247,1.7,18.29,0.0
A765,06/06/2018,07,20.5,22.9,20.5,80,80,65,16.9,17.0,16.0,1009.7,1009.8,1009.6,0.9,152,5.0,-1.77,0.0
A765,06/06/2018,22,18.9,19.0,18.8,92,92,90,17.5,17.5,17.3,1014.7,1014.7,1013.9,0.5,248,1.4,-0.19,0.0
A765,06/06/2018,11,20.7,20.8,20.5,88,91,88,18.6,18.9,18.6,1012.8,1012.8,1011.7,1.4,254,4.5,53.62,0.0
A765,06/06/2018,23,18.7,18.9,18.7,93,93,92,17.5,17.6,17.4,1015.3,1015.3,1014.7,1.0,213,2.2,-0.27,0.0
A765,06/06/2018,12,20.6,20.7,20.1,89,90,87,18.7,18.7,18.0,1013.4,1013.4,1012.8,0.7,118,3.0,169.7,0.0
A765,06/06/2018,13,21.2,21.6,20.6,85,89,82,18.5,19.1,18.3,1014.0,1014.0,1013.4,1.3,289,3.2,311.0,0.0
A765,07/06/2018,18,21.7,22.7,21.7,82,82,78,18.5,19.0,18.1,1013.3,1013.4,1012.9,1.6,151,3.4,889.7,0.0
A765,07/06/2018,14,19.8,19.8,19.2,94,95,94,18.9,18.9,18.3,1015.9,1016.5,1015.9,0.5,259,2.9,391.8,0.6
A765,07/06/2018,07,18.4,18.5,18.3,95,95,95,17.7,17.7,17.5,1014.4,1014.6,1014.3,1.1,215,2.8,-0.42,0.0
A765,07/06/2018,00,18.8,18.9,18.7,93,94,93,17.7,17.8,17.5,1015.6,1015.7,1015.3,0.7,253,2.0,-0.10,0.0
A765,07/06/2018,15,20.5,20.7,19.8,88,94,88,18.5,19.1,18.4,1014.7,1015.9,1014.5,0.5,347,1.4,798.5,0.0
A765,07/06/2018,09,18.1,18.4,18.1,96,96,96,17.4,17.8,17.4,1014.1,1014.2,1013.7,0.8,212,1.9,-1.23,0.0
A765,07/06/2018,08,18.2,18.5,18.2,96,96,95,17.5,17.8,17.5,1014.0,1014.7,1014.0,0.7,214,2.6,-0.98,0.6
A765,07/06/2018,17,22.7,22.9,21.3,79,84,75,18.8,19.3,17.8,1012.9,1013.9,1012.9,1.6,109,3.2,1321.,0.0
A765,07/06/2018,16,21.4,21.5,20.5,83,89,82,18.3,19.2,18.2,1013.9,1014.7,1013.7,0.8,218,2.3,895.1,0.0
A765,07/06/2018,02,18.4,18.7,18.4,95,95,94,17.6,17.7,17.5,1015.8,1015.9,1015.7,0.8,243,1.7,-1.08,0.0
A765,07/06/2018,04,18.7,18.7,18.4,94,96,94,17.8,17.8,17.6,1015.5,1015.6,1015.3,0.8,304,1.9,-1.12,0.0
A765,07/06/2018,10,18.2,18.4,18.1,96,97,96,17.6,17.8,17.4,1015.1,1015.1,1014.1,0.9,264,1.8,-0.08,0.0
A765,07/06/2018,05,18.5,18.7,18.5,95,95,94,17.7,17.8,17.6,1015.2,1015.6,1015.1,0.9,284,1.6,-0.09,0.0
A765,07/06/2018,13,19.4,19.4,18.9,94,96,94,18.4,18.5,18.1,1016.3,1016.4,1015.8,0.7,223,1.8,233.8,0.0
A765,07/06/2018,03,18.5,18.6,18.4,95,96,95,17.7,17.9,17.6,1015.5,1015.8,1015.5,1.2,302,1.7,-0.58,0.0
A765,07/06/2018,21,20.1,20.4,20.0,93,93,90,18.9,19.0,18.6,1014.5,1014.5,1013.8,0.7,201,2.8,6.750,0.0
A765,07/06/2018,01,18.6,18.9,18.6,94,94,93,17.6,17.8,17.5,1015.9,1015.9,1015.4,0.6,297,2.5,-1.01,0.2
A765,07/06/2018,06,18.4,18.6,18.4,95,95,95,17.6,17.8,17.6,1014.6,1015.2,1014.5,0.8,233,2.0,-0.54,0.0
A765,07/06/2018,11,18.4,18.5,18.1,96,96,96,17.8,17.9,17.5,1015.1,1015.3,1015.0,0.3,68,1.8,33.37,0.0
A765,07/06/2018,20,20.4,20.5,20.4,90,91,90,18.7,18.9,18.7,1013.9,1013.9,1013.3,1.0,233,2.4,39.33,0.0
A765,07/06/2018,19,20.5,21.7,20.5,90,90,82,18.7,18.8,18.4,1013.3,1013.5,1013.1,1.0,226,3.4,91.59,0.2
A765,07/06/2018,12,18.9,19.0,18.4,95,96,95,18.2,18.2,17.8,1015.8,1015.8,1015.1,0.5,251,1.6,167.1,0.0
A765,07/06/2018,23,19.6,19.7,19.5,96,96,96,19.0,19.1,18.8,1015.5,1015.6,1014.8,0.3,151,2.5,-0.00,0.0
A765,07/06/2018,22,19.6,20.1,19.5,96,96,93,18.9,19.1,18.7,1014.8,1015.2,1014.3,1.2,287,2.5,-0.46,4.2
A765,08/06/2018,01,19.6,19.7,19.4,96,96,96,18.9,19.1,18.8,1016.0,1016.1,1015.2,1.0,257,2.6,-0.13,0.4
A765,08/06/2018,17,19.3,19.4,19.0,71,80,71,14.1,15.0,14.1,1020.0,1020.5,1020.0,0.9,269,4.9,473.0,0.0
A765,08/06/2018,00,19.6,19.7,19.5,96,96,96,19.0,19.1,18.9,1016.0,1016.1,1015.5,0.5,232,1.8,-0.18,0.0
A765,08/06/2018,07,18.8,19.6,18.8,94,94,92,17.7,18.5,17.7,1016.6,1016.7,1016.5,1.0,214,3.0,-1.39,0.6
A765,08/06/2018,21,18.1,18.8,18.0,87,89,81,16.0,16.5,15.5,1020.2,1020.3,1019.4,0.9,308,1.9,36.87,0.0
A765,08/06/2018,22,18.0,18.1,17.9,89,89,87,16.2,16.2,15.9,1020.8,1020.8,1020.2,0.8,311,1.8,-1.69,0.0
A765,08/06/2018,20,18.8,21.2,18.8,81,81,66,15.4,15.5,14.1,1019.4,1019.4,1018.9,1.2,310,2.1,481.1,0.2
A765,08/06/2018,09,18.4,18.8,18.4,95,95,94,17.7,18.0,17.7,1016.3,1016.3,1016.1,0.7,196,1.6,-1.15,0.0
A765,08/06/2018,04,19.5,19.5,19.2,93,95,93,18.3,18.5,18.3,1016.8,1017.3,1016.2,0.9,232,4.0,-0.70,2.0
A765,08/06/2018,23,17.8,18.1,17.6,90,90,89,16.1,16.4,15.9,1021.5,1021.5,1020.8,0.5,277,1.8,-0.92,0.0
A765,08/06/2018,08,18.8,19.0,18.7,94,95,94,17.8,18.1,17.7,1016.2,1016.6,1016.1,0.4,222,2.9,-0.97,0.0
A765,08/06/2018,02,19.6,19.7,19.5,95,96,95,18.7,19.1,18.7,1016.3,1016.6,1015.9,1.2,211,3.3,-0.01,0.0
A765,08/06/2018,15,18.7,19.8,18.6,85,86,76,16.1,16.2,15.1,1020.4,1020.5,1020.0,1.0,248,5.4,433.5,0.0
A765,08/06/2018,16,19.0,19.2,18.7,80,85,77,15.6,16.2,15.0,1020.5,1020.6,1020.4,1.1,229,4.6,366.0,0.0
A765,08/06/2018,03,19.4,19.7,19.4,93,95,93,18.3,18.7,18.3,1016.8,1016.8,1016.3,1.2,231,3.5,-0.16,0.4
A765,08/06/2018,13,20.5,20.6,18.9,90,96,90,18.8,19.2,18.2,1019.8,1019.8,1019.0,0.7,207,2.9,604.4,0.0
A765,08/06/2018,05,19.2,19.5,19.2,94,94,93,18.1,18.3,18.1,1017.2,1017.2,1016.5,1.3,216,5.5,-1.60,0.4
A765,08/06/2018,14,19.8,20.7,19.8,77,90,76,15.6,18.8,15.5,1020.1,1020.1,1019.7,2.2,203,5.4,652.1,0.0
A765,08/06/2018,18,19.6,19.6,19.1,72,76,70,14.3,14.9,13.8,1019.1,1020.0,1019.1,1.5,302,2.6,591.9,0.0
A765,08/06/2018,10,18.6,18.7,18.4,96,96,95,18.0,18.1,17.7,1017.2,1017.2,1016.3,0.8,257,2.0,-0.38,0.0
A765,08/06/2018,11,18.7,18.7,18.5,96,96,96,18.1,18.1,17.8,1018.1,1018.1,1017.2,1.2,301,2.4,13.00,0.0
A765,08/06/2018,06,19.1,19.2,19.0,94,95,94,18.1,18.3,18.1,1016.6,1017.3,1016.6,0.9,260,2.9,-1.02,0.0
A765,08/06/2018,19,20.4,20.5,19.6,70,73,67,14.8,14.9,13.7,1018.9,1019.1,1018.7,0.8,341,2.5,978.7,0.0
A765,08/06/2018,12,19.0,19.2,18.6,96,96,96,18.2,18.5,18.0,1019.0,1019.0,1018.1,1.3,297,2.9,109.0,0.0
A765,09/06/2018,23,17.6,18.2,17.6,95,95,93,16.8,17.2,16.7,1019.0,1019.0,1018.8,0.8,257,1.7,-3.59,0.0
A765,09/06/2018,06,17.3,17.4,17.1,93,93,90,16.1,16.2,15.7,1020.7,1021.4,1020.7,0.4,313,1.3,-2.46,0.0
A765,09/06/2018,00,17.9,18.0,17.6,88,90,87,15.8,16.2,15.7,1022.0,1022.0,1021.4,1.2,316,2.0,-0.64,0.0
A765,09/06/2018,15,20.9,21.1,19.9,74,80,73,16.2,16.7,15.6,1021.8,1022.3,1021.8,0.3,18,1.8,781.7,0.0
A765,09/06/2018,18,22.4,22.9,21.5,69,74,68,16.5,17.1,15.7,1019.2,1019.8,1019.1,1.4,84,3.3,1319.,0.0
A765,09/06/2018,03,17.6,17.8,17.6,90,90,88,15.9,16.0,15.8,1022.0,1022.4,1022.0,0.3,269,1.3,-0.83,0.0
A765,09/06/2018,07,17.2,17.5,17.2,93,93,92,16.1,16.4,16.0,1020.3,1020.7,1020.2,0.6,256,1.2,-0.64,0.0
A765,09/06/2018,20,20.6,21.5,20.6,79,79,73,16.8,17.1,16.3,1018.4,1018.7,1018.4,0.8,47,2.9,312.1,0.0
A765,09/06/2018,19,21.2,22.4,21.2,75,76,68,16.6,17.0,16.0,1018.7,1019.2,1018.7,1.3,77,3.3,645.9,0.0
A765,09/06/2018,17,22.0,22.0,21.2,73,75,71,16.9,16.9,16.0,1019.8,1020.9,1019.8,0.9,107,3.0,929.8,0.0
A765,09/06/2018,16,21.3,21.4,20.7,73,76,71,16.2,16.6,15.8,1020.9,1021.8,1020.9,1.1,70,2.7,919.4,0.0
A765,09/06/2018,22,18.1,19.5,18.1,93,93,90,17.0,17.8,17.0,1018.9,1018.9,1018.5,0.9,296,2.0,-3.59,0.0
A765,09/06/2018,01,17.8,17.9,17.6,92,92,87,16.5,16.5,15.6,1022.2,1022.2,1021.8,0.7,273,1.7,-0.50,0.0
A765,09/06/2018,21,19.5,20.6,19.5,90,90,79,17.8,17.9,16.8,1018.5,1018.6,1018.4,0.7,338,2.0,63.98,0.0
A765,09/06/2018,08,16.8,17.2,16.8,94,94,93,15.8,16.0,15.8,1020.2,1020.3,1020.1,0.5,257,1.2,-2.22,0.0
A765,09/06/2018,02,17.6,17.9,17.6,89,92,89,15.8,16.5,15.8,1022.3,1022.4,1022.2,0.8,310,1.6,-0.09,0.0
A765,09/06/2018,04,17.6,17.7,17.6,91,92,89,16.1,16.3,15.9,1021.9,1022.0,1021.8,0.9,354,1.5,-0.92,0.0
A765,09/06/2018,09,17.0,17.2,16.7,95,95,94,16.1,16.3,15.9,1020.4,1020.4,1020.2,0.5,39,1.2,-1.24,0.0
A765,09/06/2018,05,17.4,17.7,17.2,91,91,90,15.8,16.2,15.7,1021.4,1021.9,1021.4,0.7,279,1.9,-1.93,0.0
A765,09/06/2018,12,18.2,18.2,17.5,90,94,90,16.5,16.5,16.3,1022.1,1022.2,1021.5,0.5,264,1.2,219.8,0.0
A765,09/06/2018,10,17.2,17.3,16.9,94,95,94,16.3,16.4,16.0,1021.0,1021.0,1020.4,0.7,295,1.2,-0.70,0.0
A765,09/06/2018,11,17.5,17.5,17.1,94,94,93,16.5,16.5,16.1,1021.5,1021.5,1021.0,0.8,290,1.3,46.50,0.0
A765,09/06/2018,13,19.2,19.2,18.2,84,90,84,16.4,16.7,16.3,1022.4,1022.5,1022.1,0.4,295,0.9,342.1,0.0
A765,09/06/2018,14,19.9,19.9,19.2,80,84,79,16.4,16.7,16.1,1022.2,1022.4,1022.2,0.7,313,1.4,451.1,0.0
A765,10/06/2018,08,17.5,17.7,17.2,95,97,95,16.8,17.1,16.5,1016.1,1016.1,1015.8,2.5,205,5.4,-2.84,0.0
A765,10/06/2018,20,22.9,24.0,22.9,80,81,77,19.3,19.8,19.3,1014.6,1014.6,1014.3,1.9,99,3.0,526.3,0.0
A765,10/06/2018,15,23.8,23.8,22.1,80,85,79,20.2,20.2,19.1,1017.3,1017.7,1017.3,1.8,153,3.9,1723.,0.0
A765,10/06/2018,00,17.7,17.8,17.5,95,95,95,16.8,16.9,16.7,1019.2,1019.2,1019.0,1.2,297,1.8,-3.49,0.0
A765,10/06/2018,09,17.7,17.7,17.3,94,95,94,16.7,16.8,16.5,1016.2,1016.2,1015.9,1.6,221,5.4,-2.80,0.0
A765,10/06/2018,13,22.3,22.4,20.2,77,88,77,18.0,18.8,17.8,1017.7,1017.7,1017.2,1.0,96,3.0,506.2,0.0
A765,10/06/2018,10,17.5,17.8,17.3,95,95,94,16.7,16.9,16.4,1016.4,1016.5,1016.2,1.1,252,5.1,-1.95,0.0
A765,10/06/2018,01,17.4,17.7,17.2,95,96,94,16.6,16.9,16.5,1018.8,1019.2,1018.7,0.9,300,1.7,-3.47,0.0
A765,10/06/2018,04,16.5,17.4,16.5,96,96,95,15.8,16.7,15.8,1017.5,1018.1,1017.5,0.7,202,2.5,-3.34,0.0
A765,10/06/2018,12,20.3,20.4,17.7,87,95,87,18.1,18.5,16.9,1017.2,1017.2,1016.8,0.6,258,2.1,637.2,0.0
A765,10/06/2018,02,17.1,17.4,17.0,96,96,95,16.3,16.7,16.3,1018.8,1018.9,1018.6,0.9,241,2.1,-3.08,0.0
A765,10/06/2018,11,17.8,17.8,17.2,95,95,94,16.9,16.9,16.3,1016.8,1016.8,1016.3,0.7,256,2.6,113.0,0.0
A765,10/06/2018,16,23.4,24.0,22.7,80,82,78,19.7,20.2,19.1,1016.4,1017.3,1016.4,1.5,111,3.4,1514.,0.0
A765,10/06/2018,07,17.4,17.4,16.5,97,97,96,16.8,16.9,15.9,1016.0,1016.3,1015.9,1.2,246,3.6,-3.10,0.0
A765,10/06/2018,17,23.3,23.5,22.6,82,83,79,19.9,20.2,19.3,1015.1,1016.4,1015.1,1.7,98,4.1,1167.,0.0
A765,10/06/2018,19,23.5,23.5,22.8,78,80,78,19.5,19.6,19.0,1014.3,1014.5,1014.3,0.8,139,3.0,677.2,0.0
A765,10/06/2018,21,21.7,22.9,21.7,86,86,80,19.3,19.3,19.1,1014.9,1015.0,1014.6,0.6,80,3.0,78.88,0.0
A765,10/06/2018,18,23.1,23.5,22.7,79,83,75,19.1,20.1,18.4,1014.4,1015.1,1014.2,1.6,120,3.7,994.4,0.0
A765,10/06/2018,03,17.3,17.5,17.1,96,96,95,16.6,16.8,16.3,1018.2,1018.8,1018.2,0.4,334,2.1,-3.43,0.0
A765,10/06/2018,05,16.4,16.9,16.4,96,96,96,15.8,16.3,15.7,1017.2,1017.5,1017.1,0.5,235,1.5,-3.46,0.0
A765,10/06/2018,23,19.9,20.6,19.9,95,95,93,19.1,19.4,19.1,1015.6,1015.6,1015.3,0.4,317,1.5,-3.35,0.0
A765,10/06/2018,06,16.6,17.3,16.4,96,97,96,16.0,16.7,15.8,1016.1,1017.2,1016.0,0.7,156,1.5,-3.17,0.0
A765,10/06/2018,22,20.6,21.7,20.6,92,92,86,19.3,19.5,19.3,1015.3,1015.3,1014.9,0.9,306,1.5,-3.53,0.0
A765,10/06/2018,14,22.9,23.3,22.2,82,83,76,19.7,19.8,18.1,1017.7,1017.8,1017.6,1.6,118,3.4,1581.,0.0
A765,11/06/2018,02,19.1,19.3,19.1,96,97,96,18.5,18.7,18.5,1014.8,1015.3,1014.8,0.5,233,1.4,-2.82,0.0
A765,11/06/2018,17,32.1,32.5,31.3,,,,,,,1011.0,1011.7,1011.0,2.3,320,6.2,1748.,0.0
A765,11/06/2018,03,19.2,19.3,19.1,97,97,96,18.7,18.8,18.5,1014.5,1014.8,1014.4,0.7,222,1.9,-2.46,0.0
A765,11/06/2018,00,19.7,19.9,19.6,96,96,95,19.0,19.2,18.9,1015.3,1015.6,1015.3,0.4,64,1.6,-2.97,0.0
A765,11/06/2018,06,21.6,22.0,19.7,87,96,86,19.3,20.2,18.8,1013.3,1013.8,1013.2,1.1,255,3.1,-2.84,0.0
A765,11/06/2018,18,32.6,32.6,31.8,,,,,,,1010.1,1011.0,1010.1,2.0,352,6.4,1621.,0.0
A765,11/06/2018,07,20.7,22.3,20.6,90,90,83,19.0,19.5,18.5,1013.0,1013.4,1013.0,1.9,191,3.3,-3.60,0.0
A765,11/06/2018,16,31.8,32.1,30.8,,,,,,,1011.7,1012.6,1011.7,1.4,17,5.6,1777.,0.0
A765,11/06/2018,04,19.3,19.4,19.2,97,97,97,18.8,18.9,18.6,1014.2,1014.5,1014.1,0.4,245,1.9,-2.50,0.0
A765,11/06/2018,05,19.7,19.8,19.3,96,97,96,19.0,19.2,18.8,1013.8,1014.3,1013.8,0.8,146,2.7,-2.62,0.0
A765,11/06/2018,19,32.8,33.1,31.9,,,,,,,1009.7,1010.1,1009.7,1.3,37,4.5,1189.,0.0
A765,11/06/2018,10,19.5,19.9,19.3,94,94,93,18.5,18.8,18.4,1012.9,1013.0,1012.8,0.8,187,2.9,-2.25,0.0
A765,11/06/2018,01,19.3,19.7,19.3,96,96,96,18.7,19.0,18.6,1015.2,1015.4,1015.2,0.5,43,1.3,-2.88,0.0
A765,11/06/2018,21,29.7,32.7,27.7,56,66,56,19.9,20.9,19.9,1010.6,1010.6,1009.8,1.0,233,5.0,52.33,0.0
A765,11/06/2018,20,32.8,33.8,32.7,,,,,,,1009.8,1009.8,1009.6,1.4,176,5.0,627.9,0.0
A765,11/06/2018,09,19.6,19.8,19.5,94,94,92,18.6,18.8,18.5,1012.8,1012.9,1012.7,1.1,221,2.6,-3.47,0.0
A765,11/06/2018,23,27.3,30.6,26.2,64,70,50,19.9,20.4,18.9,1011.7,1011.8,1011.0,1.5,207,4.2,-3.56,0.0
A765,11/06/2018,22,30.1,31.8,27.9,51,62,47,18.9,20.0,18.9,1011.0,1011.0,1010.6,1.7,31,6.4,-3.53,0.0
A765,11/06/2018,08,19.8,20.7,19.8,92,92,90,18.5,19.1,18.5,1012.8,1013.2,1012.8,1.0,151,3.3,-3.57,0.0
A765,11/06/2018,13,28.7,29.1,24.5,58,79,54,19.7,21.8,18.6,1013.5,1013.6,1013.3,0.8,229,4.5,478.3,0.0
A765,11/06/2018,12,24.5,24.5,20.9,79,88,75,20.6,20.8,18.4,1013.3,1013.3,1013.0,0.6,125,3.0,310.1,0.0
A765,11/06/2018,15,31.0,31.9,29.5,,,,,,,1012.6,1013.3,1012.6,1.8,25,6.0,1807.,0.0
A765,11/06/2018,11,20.9,21.3,19.4,88,94,88,18.9,19.7,18.4,1013.0,1013.1,1012.9,0.6,347,2.5,103.9,0.0
A765,11/06/2018,14,30.0,30.8,26.8,51,67,48,18.9,20.1,17.6,1013.3,1013.6,1013.2,1.2,279,4.8,1789.,0.0
A765,12/06/2018,17,34.9,35.3,32.2,,,,,,,1010.0,1010.5,1010.0,1.0,66,3.9,2203.,0.0
A765,12/06/2018,07,28.8,31.4,28.8,50,50,43,17.4,17.7,16.9,1010.6,1010.8,1010.5,1.7,67,10.4,-3.59,0.0
A765,12/06/2018,18,34.6,35.0,33.2,,,,,,,1010.0,1010.1,1009.8,1.8,157,6.2,1512.,0.0
A765,12/06/2018,02,29.7,31.1,28.9,51,54,46,18.5,18.6,18.2,1012.3,1012.4,1012.1,1.6,354,7.0,-3.52,0.0
A765,12/06/2018,19,31.5,34.5,31.5,,,,,,,1010.5,1010.5,1010.0,1.7,206,4.4,680.6,0.0
A765,12/06/2018,20,27.7,31.5,27.7,66,66,52,20.7,21.0,19.3,1010.9,1010.9,1010.5,1.3,345,4.0,236.5,0.0
A765,12/06/2018,21,26.4,27.8,26.2,72,72,64,21.0,21.0,20.2,1011.0,1011.4,1010.9,1.5,224,3.8,37.57,0.0
A765,12/06/2018,08,29.7,30.4,28.4,46,51,45,16.8,17.6,16.8,1009.9,1010.6,1009.9,2.5,151,7.6,-3.60,0.0
A765,12/06/2018,01,30.1,31.4,26.3,50,67,47,18.4,19.5,18.3,1012.2,1012.2,1011.7,1.2,359,5.4,-3.34,0.0
A765,12/06/2018,13,31.6,32.4,30.3,,,,,,,1011.6,1011.8,1011.4,1.8,25,8.6,311.4,0.0
A765,12/06/2018,09,27.9,30.0,27.9,52,54,44,17.1,17.8,16.6,1009.9,1010.0,1009.6,1.0,81,7.6,-3.60,0.0
A765,12/06/2018,16,34.0,34.4,32.5,,,,,,,1010.4,1011.0,1010.3,1.0,326,5.3,2313.,0.0
A765,12/06/2018,00,26.3,27.5,25.0,67,74,62,19.7,20.1,19.6,1011.7,1011.8,1011.6,0.8,356,3.6,-3.34,0.0
A765,12/06/2018,10,28.9,30.2,27.5,48,55,44,16.8,17.7,16.6,1010.5,1010.5,1009.9,3.7,10,8.8,-3.49,0.0
A765,12/06/2018,03,29.9,30.6,29.1,49,53,47,18.2,18.6,18.1,1012.1,1012.3,1011.9,1.9,2,8.1,-3.60,0.0
A765,12/06/2018,11,31.9,31.9,27.7,38,53,38,15.9,17.5,15.9,1011.0,1011.2,1010.5,2.3,342,8.8,58.59,0.0
A765,12/06/2018,12,30.4,32.5,28.6,,,,,,,1011.4,1011.4,1011.0,2.9,324,8.0,474.2,0.0
A765,12/06/2018,22,25.2,26.5,25.1,76,77,71,20.6,21.1,20.6,1011.7,1011.7,1011.0,1.7,290,4.0,-3.08,0.0
A765,12/06/2018,15,33.4,33.6,31.1,,,,,,,1011.0,1011.4,1011.0,1.6,12,6.1,2240.,0.0
A765,12/06/2018,14,32.0,33.0,31.5,,,,,,,1011.3,1011.8,1011.1,1.3,358,8.1,1824.,0.0
A765,12/06/2018,23,24.4,25.4,24.2,79,80,75,20.5,21.0,20.3,1012.1,1012.1,1011.7,1.2,13,3.8,-1.82,0.0
A765,12/06/2018,05,29.1,30.3,28.7,51,53,46,17.8,18.4,17.6,1011.1,1011.4,1011.0,0.7,191,6.0,-3.60,0.0
A765,12/06/2018,04,29.3,30.4,28.8,51,53,48,18.1,18.4,18.0,1011.4,1012.1,1011.4,2.5,74,6.7,-3.59,0.0
A765,12/06/2018,06,29.9,32.2,28.1,48,55,41,17.6,,,1010.6,1011.2,1010.5,3.0,342,9.8,-3.55,0.0
A765,13/06/2018,13,24.1,24.6,22.6,88,95,84,22.0,22.3,21.5,1014.9,1014.9,1014.7,1.5,211,3.2,520.8,0.0
A765,13/06/2018,04,23.2,23.7,23.1,92,92,86,21.8,21.8,21.3,1015.9,1016.1,1015.4,0.7,112,3.5,-2.95,0.0
A765,13/06/2018,23,21.2,21.3,21.0,92,93,92,19.8,20.1,19.8,1017.8,1017.8,1017.1,1.6,207,4.6,-2.15,0.0
A765,13/06/2018,22,21.2,21.6,21.2,93,93,91,20.1,20.2,20.0,1017.1,1017.2,1016.5,2.0,211,4.8,-1.74,0.0
A765,13/06/2018,15,26.7,26.8,25.1,76,85,74,22.0,22.9,21.8,1014.8,1014.8,1014.5,1.2,205,3.4,1005.,0.0
A765,13/06/2018,01,25.0,25.8,23.7,75,83,70,20.3,20.8,19.9,1013.9,1013.9,1012.8,1.8,278,5.1,-0.43,0.0
A765,13/06/2018,02,24.5,27.0,24.5,82,82,65,21.2,21.2,19.9,1014.4,1014.4,1013.9,2.3,228,7.8,-3.04,0.0
A765,13/06/2018,05,23.4,23.4,22.9,88,92,88,21.2,21.8,21.2,1014.9,1016.0,1014.9,1.5,84,2.7,-2.83,0.0
A765,13/06/2018,03,23.7,24.5,23.6,86,87,82,21.3,21.4,21.2,1015.4,1015.4,1014.4,1.7,157,5.6,-3.00,0.0
A765,13/06/2018,00,24.6,24.6,23.5,78,85,78,20.6,21.0,20.3,1012.8,1013.1,1011.9,1.8,209,3.7,-2.56,0.0
A765,13/06/2018,06,22.5,23.4,22.5,94,94,87,21.4,21.5,21.1,1014.9,1015.3,1014.8,0.3,319,2.9,-2.28,0.0
A765,13/06/2018,09,22.3,22.7,22.2,95,95,92,21.4,21.5,21.3,1016.2,1016.7,1015.7,1.3,32,4.8,-0.85,2.2
A765,13/06/2018,11,22.1,22.4,22.0,96,96,94,21.3,21.5,21.2,1014.5,1014.5,1013.8,0.9,260,5.8,48.72,0.0
A765,13/06/2018,10,22.4,22.5,22.1,94,96,94,21.4,21.6,21.4,1014.2,1016.2,1014.1,1.8,78,8.9,-0.60,1.2
A765,13/06/2018,14,25.1,25.1,24.0,84,89,83,22.3,22.4,21.8,1014.6,1014.9,1014.5,1.0,211,4.0,728.3,0.0
A765,13/06/2018,16,27.0,27.8,26.5,74,79,74,22.0,23.3,22.0,1014.2,1014.8,1014.2,2.2,196,4.6,1302.,0.0
A765,13/06/2018,18,24.2,26.8,24.2,82,82,66,20.8,20.8,19.8,1014.6,1014.7,1014.3,3.0,222,8.8,413.3,0.2
A765,13/06/2018,17,26.8,27.1,26.4,68,74,68,20.3,22.0,20.3,1014.3,1014.3,1014.0,2.6,221,5.5,869.6,0.0
A765,13/06/2018,07,22.4,22.5,22.4,94,94,94,21.4,21.5,21.4,1015.5,1015.5,1014.9,1.6,204,3.3,-1.14,0.0
A765,13/06/2018,20,22.1,23.2,22.1,89,89,85,20.2,20.7,20.1,1016.0,1016.0,1015.2,2.4,210,6.0,41.63,0.0
A765,13/06/2018,08,22.7,22.8,22.4,92,94,92,21.3,21.5,21.3,1015.9,1016.0,1015.5,1.9,199,4.8,-0.98,0.0
A765,13/06/2018,21,21.6,22.1,21.5,92,92,89,20.2,20.2,20.1,1016.5,1016.5,1015.9,1.7,218,5.8,9.173,0.0
A765,13/06/2018,19,23.2,24.2,23.2,85,85,82,20.6,21.1,20.5,1015.2,1015.3,1014.6,2.0,233,9.1,303.1,0.0
A765,13/06/2018,12,22.6,22.7,22.1,95,96,95,21.8,21.9,21.4,1014.8,1015.1,1014.5,1.1,254,3.1,243.3,0.0
A765,14/06/2018,23,17.1,17.1,16.6,95,96,94,16.3,16.3,15.9,1024.1,1024.2,1023.9,0.8,276,2.8,0.042,0.4
A765,14/06/2018,08,18.9,19.3,18.9,96,96,96,18.3,18.6,18.2,1021.4,1021.4,1021.1,1.3,209,3.8,0.572,2.8
A765,14/06/2018,13,17.8,18.1,17.8,95,96,95,17.0,17.4,17.0,1024.3,1024.4,1023.6,1.4,201,4.8,134.4,2.4
A765,14/06/2018,04,20.4,20.6,20.3,96,96,95,19.7,19.9,19.6,1020.3,1020.3,1020.1,1.1,199,5.6,-0.11,0.2
A765,14/06/2018,14,17.8,18.0,17.8,95,96,95,17.0,17.3,17.0,1024.3,1024.4,1024.1,1.7,171,4.2,209.4,2.6
A765,14/06/2018,02,20.6,20.8,20.5,95,95,94,19.8,19.9,19.7,1019.7,1019.7,1019.1,1.3,233,3.5,0.184,0.2
A765,14/06/2018,22,16.8,17.2,16.7,95,96,95,16.0,16.4,15.9,1023.9,1023.9,1023.2,1.2,245,3.4,-0.42,0.8
A765,14/06/2018,01,20.8,21.2,20.8,94,95,94,19.8,20.2,19.8,1019.1,1019.1,1018.4,1.3,223,3.2,0.076,0.0
A765,14/06/2018,00,20.7,21.2,20.5,95,95,92,20.0,20.0,19.5,1018.4,1018.4,1017.8,1.1,254,4.8,-0.59,7.0
A765,14/06/2018,12,18.1,18.3,17.9,96,96,96,17.4,17.6,17.2,1023.6,1023.6,1023.0,1.0,145,3.9,93.21,2.0
A765,14/06/2018,15,17.9,18.2,17.8,95,95,95,17.1,17.5,16.9,1024.2,1024.5,1024.2,1.1,287,4.6,332.2,0.6
A765,14/06/2018,09,18.0,18.9,18.0,96,96,96,17.4,18.3,17.4,1021.7,1021.7,1021.4,1.4,213,4.6,0.389,1.2
A765,14/06/2018,16,17.8,17.9,17.6,95,95,94,17.0,17.2,16.7,1023.8,1024.2,1023.7,1.2,188,3.5,286.0,2.0
A765,14/06/2018,06,19.5,19.9,19.5,96,96,96,18.8,19.2,18.8,1020.8,1021.0,1020.6,1.5,211,5.8,0.554,0.6
A765,14/06/2018,07,19.2,19.6,19.1,96,96,96,18.6,18.9,18.5,1021.1,1021.1,1020.8,1.1,195,4.5,0.540,1.8
A765,14/06/2018,05,19.9,20.4,19.9,96,96,96,19.2,19.8,19.2,1020.6,1020.6,1020.3,1.7,226,5.5,0.486,1.4
A765,14/06/2018,10,17.8,18.1,17.7,96,96,96,17.2,17.4,17.1,1022.4,1022.5,1021.7,1.9,203,3.8,0.527,1.2
A765,14/06/2018,17,17.9,18.0,17.5,95,95,94,17.1,17.2,16.7,1023.0,1023.8,1023.0,0.8,173,3.4,363.6,0.8
A765,14/06/2018,19,17.7,18.1,17.6,94,94,91,16.6,16.9,16.3,1022.6,1022.7,1022.5,1.7,294,2.8,256.2,0.0
A765,14/06/2018,11,17.9,18.0,17.7,96,96,96,17.3,17.4,17.1,1023.0,1023.1,1022.4,1.2,196,3.8,16.47,1.8
A765,14/06/2018,03,20.6,20.7,20.5,96,96,95,19.9,19.9,19.8,1020.1,1020.1,1019.6,2.5,220,5.6,0.185,0.2
A765,14/06/2018,20,17.4,17.8,17.2,94,95,93,16.4,16.9,16.3,1022.9,1022.9,1022.6,1.3,273,3.1,76.01,0.8
A765,14/06/2018,21,17.1,17.5,16.9,95,95,93,16.4,16.6,16.0,1023.2,1023.2,1022.9,1.3,277,2.6,11.20,1.2
A765,14/06/2018,18,17.9,17.9,17.4,93,95,93,16.7,17.1,16.5,1022.5,1023.0,1022.5,0.7,271,4.5,354.9,0.2
A765,15/06/2018,13,17.1,17.2,16.9,96,97,96,16.5,16.7,16.2,1025.4,1025.4,1025.0,1.1,209,2.4,248.1,1.0
A765,15/06/2018,14,17.7,17.8,17.1,96,97,96,17.1,17.2,16.5,1025.1,1025.4,1025.1,0.4,222,2.0,396.6,1.4
A765,15/06/2018,12,17.0,17.2,16.8,96,96,95,16.3,16.4,16.1,1025.0,1025.0,1024.3,1.2,225,2.2,91.42,0.4
A765,15/06/2018,06,16.5,16.6,16.3,97,97,96,15.9,16.1,15.7,1023.8,1024.2,1023.8,1.7,296,2.9,-0.75,1.4
A765,15/06/2018,20,17.6,17.9,17.6,96,96,96,17.0,17.3,17.0,1023.5,1023.5,1023.1,1.1,218,3.9,75.52,1.8
A765,15/06/2018,05,16.6,16.7,16.3,96,96,95,16.0,16.0,15.6,1024.2,1024.5,1024.2,1.7,289,2.4,-0.75,0.6
A765,15/06/2018,01,16.8,17.0,16.5,96,96,96,16.1,16.4,15.8,1024.8,1024.8,1024.4,1.5,323,3.2,0.232,0.2
A765,15/06/2018,16,18.2,18.3,17.7,96,96,96,17.5,17.6,17.1,1023.9,1024.7,1023.9,1.2,231,2.5,505.3,1.0
A765,15/06/2018,11,17.2,17.2,16.4,95,97,95,16.4,16.5,15.9,1024.3,1024.3,1023.6,1.0,296,2.8,44.38,0.0
A765,15/06/2018,07,16.7,16.9,16.4,96,97,96,16.1,16.4,15.8,1023.8,1024.0,1023.8,2.4,284,5.4,-0.98,1.8
A765,15/06/2018,21,17.5,17.7,17.4,97,97,96,16.9,17.1,16.9,1024.0,1024.0,1023.5,0.9,215,3.0,10.06,3.6
A765,15/06/2018,15,17.9,18.0,17.5,96,96,96,17.3,17.4,16.9,1024.7,1025.1,1024.7,0.7,243,2.2,368.7,0.8
A765,15/06/2018,08,16.5,16.8,16.4,96,96,96,15.9,16.2,15.8,1023.7,1024.0,1023.6,1.6,294,5.4,-0.54,0.8
A765,15/06/2018,23,17.7,17.8,17.4,97,97,97,17.2,17.3,16.9,1024.7,1024.7,1024.3,1.4,293,2.7,-0.60,4.0
A765,15/06/2018,17,18.4,18.5,18.0,96,96,95,17.7,17.7,17.2,1023.2,1023.9,1023.2,0.9,234,3.2,559.1,0.4
A765,15/06/2018,18,18.1,18.6,17.9,96,96,95,17.4,17.8,17.2,1022.9,1023.3,1022.9,1.0,203,3.6,325.7,0.8
A765,15/06/2018,03,16.5,17.0,16.5,95,96,95,15.8,16.3,15.8,1024.8,1024.9,1024.8,1.0,219,2.9,-0.00,0.0
A765,15/06/2018,22,17.7,17.8,17.4,97,97,96,17.2,17.2,16.9,1024.3,1024.3,1023.9,1.7,300,2.3,-0.47,4.0
A765,15/06/2018,00,16.6,17.1,16.5,96,96,94,15.9,16.2,15.8,1024.4,1024.4,1024.1,0.5,223,1.8,0.146,1.4
A765,15/06/2018,10,16.6,16.7,16.4,97,97,96,16.0,16.1,15.8,1023.7,1023.8,1023.6,1.4,310,2.4,-0.50,0.8
A765,15/06/2018,02,16.7,16.9,16.5,95,96,95,15.9,16.2,15.8,1024.9,1025.0,1024.8,1.4,291,2.8,0.222,0.2
A765,15/06/2018,04,16.7,16.7,16.5,96,96,95,15.9,16.0,15.7,1024.4,1024.8,1024.3,0.9,185,1.7,-0.35,0.0
A765,15/06/2018,09,16.7,16.8,16.4,96,97,96,16.1,16.2,15.9,1023.6,1023.8,1023.6,1.0,302,2.8,-0.81,0.2
A765,15/06/2018,19,17.9,18.1,17.9,96,96,96,17.3,17.5,17.2,1023.1,1023.1,1022.8,1.3,228,2.6,194.0,2.2
A765,16/06/2018,23,16.9,16.9,16.8,97,97,96,16.3,16.4,16.2,1026.5,1026.5,1026.1,1.1,231,2.5,-0.27,1.6
A765,16/06/2018,19,17.4,17.6,17.4,96,96,95,16.8,16.9,16.7,1025.3,1025.4,1025.2,1.2,228,3.2,173.7,2.2
A765,16/06/2018,02,17.3,17.5,17.2,97,97,97,16.7,17.0,16.7,1025.9,1025.9,1025.5,1.3,243,2.6,-0.23,3.8
A765,16/06/2018,05,17.1,17.1,16.9,97,97,97,16.6,16.6,16.4,1025.0,1026.0,1025.0,0.6,250,2.1,-0.40,0.0
A765,16/06/2018,17,17.7,17.9,17.5,95,96,95,17.0,17.1,16.8,1025.4,1026.2,1025.3,1.1,245,4.3,361.9,3.0
A765,16/06/2018,20,17.2,17.5,17.2,95,96,95,16.5,16.8,16.4,1025.4,1025.5,1025.3,0.9,252,3.9,115.5,0.4
A765,16/06/2018,16,17.6,17.8,17.5,96,96,94,16.9,17.0,16.6,1026.2,1026.7,1026.2,1.8,185,5.4,315.5,2.2
A765,16/06/2018,18,17.6,17.8,17.5,96,96,95,16.9,17.1,16.8,1025.4,1025.4,1025.2,1.0,250,3.2,266.2,3.0
A765,16/06/2018,21,17.1,17.3,17.0,96,96,95,16.3,16.5,16.3,1025.7,1025.7,1025.4,0.8,217,2.2,20.18,0.2
A765,16/06/2018,22,16.9,17.1,16.8,96,96,95,16.3,16.3,16.2,1026.1,1026.1,1025.7,0.8,228,2.4,-0.56,2.2
A765,16/06/2018,00,17.5,17.9,17.4,97,97,97,17.0,17.4,16.9,1025.2,1025.2,1024.7,0.9,232,3.6,-0.53,9.0
A765,16/06/2018,06,16.8,17.2,16.8,97,97,97,16.3,16.8,16.3,1024.8,1025.2,1024.8,1.3,234,2.8,-0.35,0.2
A765,16/06/2018,15,17.7,19.0,17.5,94,94,85,16.7,16.7,16.2,1026.6,1026.9,1026.6,2.2,212,6.9,309.2,0.0
A765,16/06/2018,01,17.5,17.9,17.4,97,97,97,17.0,17.4,16.9,1025.6,1025.6,1025.2,1.1,214,3.0,-0.40,6.4
A765,16/06/2018,14,18.9,19.2,18.1,85,90,84,16.4,16.7,16.3,1026.6,1026.7,1026.4,1.8,230,5.6,688.3,0.0
A765,16/06/2018,09,17.0,17.1,16.9,96,96,96,16.4,16.5,16.3,1024.3,1024.3,1024.0,2.0,215,4.3,-0.05,0.0
A765,16/06/2018,04,17.0,17.0,16.9,97,97,97,16.5,16.5,16.4,1026.0,1026.1,1025.8,1.0,209,2.4,-0.42,0.6
A765,16/06/2018,08,17.1,17.2,17.0,96,97,96,16.4,16.7,16.4,1024.2,1024.3,1024.1,1.1,221,1.7,-0.59,0.0
A765,16/06/2018,03,17.0,17.3,16.9,97,97,97,16.5,16.8,16.4,1026.0,1026.1,1025.9,0.9,248,3.0,-0.07,1.4
A765,16/06/2018,10,17.0,17.1,16.9,96,96,96,16.3,16.4,16.3,1024.7,1024.7,1024.3,1.4,216,4.3,-0.83,0.0
A765,16/06/2018,13,18.1,18.1,17.6,90,91,90,16.4,16.5,16.0,1026.4,1026.7,1026.1,2.1,205,5.2,299.2,0.0
A765,16/06/2018,12,17.8,18.0,17.6,90,95,90,16.1,16.9,16.1,1026.1,1026.1,1025.3,2.3,224,4.8,155.4,0.0
A765,16/06/2018,11,17.7,17.7,17.0,95,96,95,16.9,16.9,16.3,1025.3,1025.3,1024.7,1.2,254,4.1,68.61,0.0
A765,16/06/2018,07,17.0,17.1,16.8,97,97,97,16.5,16.6,16.2,1024.3,1024.8,1024.3,0.8,272,2.8,-0.18,0.2
A765,17/06/2018,17,18.8,19.7,18.8,86,86,83,16.5,17.1,16.4,1025.9,1026.6,1025.9,2.7,234,6.8,1486.,0.0
A765,17/06/2018,18,18.7,19.0,18.6,88,89,86,16.7,16.8,16.3,1025.6,1025.9,1025.6,2.3,230,6.8,869.3,0.0
A765,17/06/2018,20,17.8,18.0,17.7,91,92,91,16.4,16.6,16.3,1026.0,1026.0,1025.7,1.7,233,6.5,224.1,0.0
A765,17/06/2018,00,16.8,17.0,16.7,96,97,96,16.2,16.4,16.2,1026.8,1026.8,1026.5,1.2,222,3.4,-0.29,0.4
A765,17/06/2018,04,16.8,16.9,16.8,97,97,96,16.2,16.4,16.2,1026.5,1026.8,1026.5,1.4,214,3.2,-0.81,0.2
A765,17/06/2018,16,19.2,19.5,18.8,86,88,86,16.8,17.3,16.5,1026.6,1027.4,1026.6,2.7,218,6.2,1477.,0.0
A765,17/06/2018,19,17.9,18.8,17.9,91,91,88,16.5,16.8,16.4,1025.7,1025.8,1025.6,2.4,226,7.0,439.3,0.0
A765,17/06/2018,15,19.1,19.5,19.0,86,88,84,16.8,17.1,16.5,1027.4,1027.7,1027.4,2.6,203,5.9,1172.,0.0
A765,17/06/2018,01,16.8,16.9,16.7,96,97,96,16.2,16.4,16.1,1026.7,1026.9,1026.7,0.9,222,2.5,0.050,0.6
A765,17/06/2018,02,17.2,17.2,16.7,96,97,96,16.6,16.6,16.1,1026.7,1026.8,1026.6,1.2,270,2.3,-0.73,0.2
A765,17/06/2018,14,19.1,19.4,18.5,85,89,85,16.5,17.1,16.4,1027.7,1027.9,1027.7,1.5,218,4.2,827.7,0.0
A765,17/06/2018,23,18.2,18.4,17.9,87,91,86,15.9,16.4,15.9,1026.9,1026.9,1026.6,1.4,244,4.1,-0.86,0.0
A765,17/06/2018,22,18.0,18.0,17.6,90,93,90,16.4,16.6,16.4,1026.7,1026.7,1026.3,1.1,231,4.5,-0.28,0.0
A765,17/06/2018,21,17.6,17.8,17.6,93,93,91,16.4,16.4,16.3,1026.3,1026.3,1026.0,2.0,223,5.5,30.31,0.0
A765,17/06/2018,05,16.8,16.8,16.7,97,97,96,16.2,16.3,16.2,1026.2,1026.5,1026.2,1.6,209,3.1,-0.46,0.0
A765,17/06/2018,13,18.7,18.7,17.7,89,93,88,16.8,16.8,16.3,1027.9,1027.9,1027.4,1.2,255,3.4,632.9,0.0
A765,17/06/2018,03,16.8,17.2,16.8,97,97,96,16.3,16.5,16.2,1026.7,1026.9,1026.7,1.2,231,3.0,-0.22,0.0
A765,17/06/2018,07,16.9,16.9,16.8,96,97,96,16.2,16.3,16.2,1025.9,1026.0,1025.8,1.1,228,3.6,-1.39,0.0
A765,17/06/2018,08,16.9,17.2,16.8,96,96,96,16.3,16.6,16.2,1025.7,1025.9,1025.6,0.9,222,2.3,-1.12,0.0
A765,17/06/2018,06,16.8,16.8,16.7,96,97,96,16.2,16.3,16.2,1025.9,1026.2,1025.9,1.4,216,3.1,-0.78,0.0
A765,17/06/2018,10,17.1,17.2,17.0,92,94,91,15.7,16.2,15.7,1026.7,1026.7,1026.0,0.9,251,3.2,-0.53,0.0
A765,17/06/2018,09,17.1,17.1,16.9,94,96,94,16.1,16.3,16.1,1026.0,1026.0,1025.6,1.1,239,2.9,-1.58,0.0
A765,17/06/2018,12,17.7,17.8,17.2,93,95,93,16.6,16.9,16.3,1027.4,1027.4,1027.0,0.8,268,2.5,263.7,0.0
A765,17/06/2018,11,17.2,17.3,16.9,95,95,92,16.4,16.4,15.8,1027.0,1027.0,1026.7,0.8,309,2.1,31.00,0.0
A765,18/06/2018,00,18.1,18.3,18.1,87,87,86,15.9,16.0,15.8,1026.7,1026.9,1026.7,2.0,251,6.1,-1.05,0.0
A765,18/06/2018,14,20.6,20.9,19.8,82,84,80,17.4,17.6,16.6,1027.5,1027.5,1027.4,1.4,162,3.0,1211.,0.0
A765,18/06/2018,15,21.5,21.7,20.6,79,83,78,17.7,18.2,17.3,1026.8,1027.5,1026.8,0.8,172,3.0,1184.,0.2
A765,18/06/2018,17,21.0,21.8,20.9,82,82,79,17.8,18.4,17.5,1025.5,1026.1,1025.5,2.3,199,4.5,1051.,0.0
A765,18/06/2018,05,17.7,17.8,17.6,94,94,92,16.7,16.8,16.2,1026.3,1026.5,1026.3,1.1,288,2.5,-2.22,0.0
A765,18/06/2018,06,17.5,17.7,17.4,95,95,94,16.7,16.7,16.6,1025.9,1026.3,1025.9,0.9,291,1.9,-1.80,0.0
A765,18/06/2018,02,17.7,18.2,17.7,93,93,87,16.5,16.5,15.9,1027.0,1027.0,1026.9,1.6,300,2.7,-1.06,0.0
A765,18/06/2018,20,19.0,19.3,19.0,94,94,92,18.0,18.2,17.9,1025.5,1025.5,1025.4,1.2,215,3.4,87.13,0.0
A765,18/06/2018,19,19.2,20.7,19.2,92,92,84,18.0,18.1,17.8,1025.4,1025.4,1025.3,1.5,193,4.1,345.6,0.0
A765,18/06/2018,18,20.6,21.1,20.5,85,85,81,17.9,18.2,17.6,1025.3,1025.5,1025.3,1.4,207,4.5,677.8,0.0
A765,18/06/2018,21,18.9,19.1,18.8,96,96,94,18.2,18.2,18.0,1025.5,1025.6,1025.4,0.7,245,2.4,24.46,0.6
A765,18/06/2018,22,18.8,18.9,18.7,96,96,96,18.2,18.2,18.1,1025.7,1025.7,1025.5,0.8,244,2.5,-0.08,0.0
A765,18/06/2018,23,18.8,18.8,18.8,97,97,96,18.2,18.2,18.2,1025.9,1026.0,1025.7,1.5,223,3.5,-0.48,1.0
A765,18/06/2018,10,17.9,17.9,17.5,95,95,95,17.0,17.1,16.8,1026.2,1026.2,1025.6,0.6,265,2.1,-0.40,0.0
A765,18/06/2018,07,17.5,17.6,17.5,95,95,95,16.7,16.8,16.7,1025.5,1025.9,1025.5,0.5,210,1.8,-1.33,0.0
A765,18/06/2018,16,21.5,21.8,21.2,80,82,79,17.8,18.3,17.5,1026.1,1026.8,1026.1,2.2,156,3.5,1232.,0.0
A765,18/06/2018,09,17.5,17.9,17.5,95,95,93,16.7,16.9,16.7,1025.6,1025.6,1025.3,0.4,215,1.9,-1.64,0.0
A765,18/06/2018,08,17.9,17.9,17.5,94,95,94,16.9,16.9,16.7,1025.5,1025.5,1025.4,0.6,294,2.3,-1.37,0.0
A765,18/06/2018,13,20.0,20.0,18.9,84,92,84,17.2,17.6,16.9,1027.5,1027.6,1027.1,0.6,121,1.5,707.3,0.0
A765,18/06/2018,11,17.9,17.9,17.7,96,96,95,17.2,17.2,16.9,1026.5,1026.5,1026.2,0.5,241,1.6,70.26,0.0
A765,18/06/2018,01,18.0,18.3,17.8,89,91,87,16.2,16.6,15.9,1026.9,1026.9,1026.7,0.9,249,5.6,-0.76,0.0
A765,18/06/2018,04,17.7,18.1,17.6,92,93,90,16.3,16.6,16.2,1026.5,1026.9,1026.5,0.8,232,3.7,-2.83,0.0
A765,18/06/2018,03,17.8,18.0,17.6,92,93,92,16.5,16.8,16.5,1026.9,1027.1,1026.9,1.9,309,2.5,0.101,0.0
A765,18/06/2018,12,18.9,18.9,17.9,92,96,92,17.6,17.9,17.2,1027.1,1027.1,1026.5,0.7,200,1.7,374.4,0.0
A765,19/06/2018,02,18.6,18.8,18.6,97,97,96,18.1,18.2,18.0,1025.8,1026.1,1025.7,1.4,227,3.2,-1.16,0.0
A765,19/06/2018,03,18.6,18.7,18.6,96,97,96,18.0,18.1,18.0,1026.0,1026.0,1025.8,1.4,224,3.8,-0.50,0.0
A765,19/06/2018,08,18.5,18.6,18.5,96,96,96,17.9,18.0,17.8,1024.5,1024.7,1024.5,1.1,216,2.9,-1.06,0.0
A765,19/06/2018,13,21.8,21.8,19.3,85,95,85,19.1,19.3,18.5,1026.3,1026.4,1026.2,0.7,186,2.0,431.3,0.0
A765,19/06/2018,04,18.7,18.7,18.6,96,96,96,18.0,18.1,18.0,1026.0,1026.1,1025.9,1.6,204,3.6,-0.64,0.0
A765,19/06/2018,21,20.8,21.5,20.8,87,87,82,18.5,18.6,18.2,1023.0,1023.0,1022.6,0.6,241,3.1,42.23,0.0
A765,19/06/2018,10,18.1,18.5,18.1,96,96,96,17.5,17.9,17.5,1025.2,1025.2,1024.7,0.8,259,3.2,-2.41,0.0
A765,19/06/2018,20,21.4,22.0,21.4,82,82,76,18.2,18.2,17.6,1022.6,1022.6,1022.5,1.8,283,3.1,270.4,0.0
A765,19/06/2018,19,21.9,24.1,21.9,76,76,68,17.6,18.8,17.1,1022.5,1022.6,1022.4,1.7,152,3.9,917.7,0.0
A765,19/06/2018,15,22.5,22.9,21.9,77,80,74,18.3,18.7,17.6,1025.4,1026.0,1025.4,1.3,110,3.8,1121.,0.0
A765,19/06/2018,11,18.5,18.5,18.1,97,97,96,17.9,17.9,17.5,1025.7,1025.7,1025.2,1.0,230,2.7,85.62,0.0
A765,19/06/2018,09,18.5,18.6,18.5,96,96,96,17.9,18.0,17.9,1024.7,1024.7,1024.4,1.2,223,2.9,-0.87,0.0
A765,19/06/2018,22,20.5,20.8,20.4,89,90,87,18.6,18.8,18.5,1023.5,1023.5,1023.0,0.8,238,1.8,-1.29,0.0
A765,19/06/2018,23,20.1,20.5,20.1,91,91,88,18.7,18.7,18.4,1023.6,1023.7,1023.5,0.6,280,2.4,-0.41,0.0
A765,19/06/2018,12,19.3,19.3,18.5,95,97,95,18.5,18.5,18.0,1026.2,1026.2,1025.7,1.0,268,2.6,356.9,0.0
A765,19/06/2018,14,22.7,23.2,21.7,77,85,75,18.5,19.2,17.9,1026.0,1026.3,1026.0,1.4,133,3.3,1725.,0.0
A765,19/06/2018,00,18.8,18.9,18.7,97,97,97,18.2,18.3,18.2,1026.0,1026.1,1025.9,1.2,223,3.5,-0.02,0.2
A765,19/06/2018,01,18.8,18.9,18.8,96,97,96,18.2,18.4,18.2,1026.1,1026.1,1026.0,1.2,285,3.5,-0.45,0.0
A765,19/06/2018,05,18.6,18.7,18.6,96,96,96,17.9,18.0,17.9,1025.7,1026.0,1025.7,1.2,246,3.6,-0.67,0.0
A765,19/06/2018,06,18.6,18.6,18.5,96,96,96,17.9,17.9,17.9,1025.2,1025.7,1025.2,0.8,261,2.9,-0.38,0.0
A765,19/06/2018,18,23.5,24.1,22.9,72,77,71,18.2,19.2,17.9,1022.5,1023.2,1022.5,1.5,136,3.6,1791.,0.0
A765,19/06/2018,07,18.6,18.6,18.5,96,96,96,17.9,17.9,17.8,1024.7,1025.2,1024.7,0.9,260,2.5,-0.38,0.0
A765,19/06/2018,16,23.1,23.4,22.4,71,78,71,17.6,19.1,17.6,1024.5,1025.4,1024.5,1.3,118,3.8,1854.,0.0
A765,19/06/2018,17,23.3,23.9,22.7,74,76,69,18.4,19.1,17.0,1023.2,1024.5,1023.2,1.5,124,3.8,1771.,0.2
A765,20/06/2018,16,24.1,24.4,23.5,74,75,69,19.2,19.5,18.4,1022.0,1022.9,1022.0,1.8,139,4.0,2283.,0.0
A765,20/06/2018,17,23.7,24.1,23.5,78,78,73,19.5,19.7,18.8,1021.3,1022.0,1021.3,2.4,105,4.3,2146.,0.0
A765,20/06/2018,05,17.7,17.9,17.7,96,96,96,17.2,17.4,17.1,1023.1,1023.6,1023.1,0.9,297,1.5,-3.46,0.0
A765,20/06/2018,12,19.9,19.9,17.7,94,97,94,18.9,18.9,17.2,1024.3,1024.3,1023.5,1.4,207,2.9,414.2,0.0
A765,20/06/2018,04,17.8,18.7,17.8,96,96,95,17.1,17.9,17.1,1023.6,1023.7,1023.5,0.9,289,2.2,-3.51,0.0
A765,20/06/2018,02,19.2,19.7,19.2,93,93,93,18.1,18.5,18.1,1023.9,1024.0,1023.9,1.0,218,3.2,-2.75,0.0
A765,20/06/2018,11,17.7,17.7,16.4,97,97,97,17.2,17.2,16.0,1023.5,1023.5,1023.1,1.2,225,2.9,64.14,0.0
A765,20/06/2018,10,16.6,17.2,16.5,97,97,97,16.1,16.7,16.1,1023.1,1023.1,1022.9,0.7,248,1.6,-3.27,0.0
A765,20/06/2018,08,17.3,17.6,17.3,97,97,97,16.8,17.1,16.8,1022.8,1022.9,1022.7,0.9,258,2.7,-3.42,0.0
A765,20/06/2018,23,20.0,20.0,19.9,96,96,96,19.3,19.4,19.2,1021.3,1021.4,1021.3,0.6,248,1.3,-0.84,0.0
A765,20/06/2018,21,20.4,21.6,20.4,91,91,85,19.0,19.0,18.8,1021.4,1021.4,1021.0,1.0,257,2.6,12.30,0.0
A765,20/06/2018,13,22.7,22.7,19.9,80,94,79,19.0,19.3,18.4,1024.5,1024.6,1024.3,1.3,99,2.7,353.7,0.0
A765,20/06/2018,14,22.7,23.1,22.4,75,81,74,18.2,19.4,17.9,1024.1,1024.5,1024.1,1.6,125,3.5,1763.,0.0
A765,20/06/2018,15,23.6,24.1,22.7,74,76,72,18.6,19.1,18.0,1022.9,1024.1,1022.9,2.2,101,3.7,2186.,0.0
A765,20/06/2018,22,20.0,20.4,19.9,96,96,91,19.3,19.3,19.0,1021.4,1021.4,1021.3,0.8,338,2.3,-0.69,0.0
A765,20/06/2018,01,19.7,19.9,19.7,93,93,91,18.4,18.6,18.3,1023.9,1023.9,1023.6,0.7,245,2.2,-1.52,0.0
A765,20/06/2018,00,19.9,20.2,19.9,92,92,91,18.6,18.8,18.5,1023.6,1023.6,1023.6,1.1,311,1.9,-1.51,0.0
A765,20/06/2018,18,23.7,24.1,23.4,77,79,75,19.4,19.7,19.0,1020.8,1021.3,1020.8,1.5,143,4.4,1761.,0.0
A765,20/06/2018,07,17.5,17.6,17.2,97,97,97,17.0,17.1,16.7,1022.9,1023.0,1022.8,0.9,265,2.7,-3.53,0.0
A765,20/06/2018,20,21.6,22.0,21.6,85,85,83,18.9,19.0,18.7,1021.0,1021.0,1020.7,1.5,154,4.4,128.1,0.0
A765,20/06/2018,03,18.6,19.2,18.5,95,95,93,17.8,18.1,17.7,1023.7,1023.9,1023.7,0.6,291,2.6,-3.58,0.0
A765,20/06/2018,19,22.0,23.7,21.9,83,83,77,19.0,19.4,18.7,1020.8,1020.8,1020.7,1.9,158,4.9,824.1,0.0
A765,20/06/2018,09,17.2,17.6,17.1,97,97,97,16.7,17.1,16.6,1022.9,1022.9,1022.7,0.8,282,2.1,-2.57,0.0
A765,20/06/2018,06,17.3,17.8,17.2,97,97,96,16.7,17.2,16.7,1022.8,1023.1,1022.8,0.5,318,1.4,-3.54,0.0
A765,21/06/2018,20,22.2,23.1,22.2,84,84,80,19.3,19.8,19.2,1018.1,1018.1,1017.8,1.2,141,3.4,460.5,0.0
A765,21/06/2018,09,17.3,17.9,17.3,97,97,97,16.8,17.4,16.8,1019.4,1019.4,1019.0,0.5,335,1.4,-2.70,0.0
A765,21/06/2018,19,23.0,23.8,23.0,80,80,77,19.3,19.8,19.1,1017.8,1018.0,1017.8,1.8,112,3.9,1101.,0.0
A765,21/06/2018,08,17.8,18.0,17.7,97,97,97,17.4,17.5,17.2,1019.1,1019.2,1019.1,0.7,222,1.5,-3.08,0.0
A765,21/06/2018,03,20.0,20.1,20.0,96,96,96,19.4,19.5,19.3,1020.9,1021.2,1020.9,0.5,308,0.9,-0.45,0.0
A765,21/06/2018,06,18.1,18.9,18.0,96,96,95,17.5,18.1,17.4,1019.1,1019.9,1019.1,0.5,355,1.1,-3.57,0.0
A765,21/06/2018,02,20.0,20.1,20.0,96,96,96,19.4,19.5,19.4,1021.2,1021.4,1021.1,0.4,250,0.8,-0.43,0.0
A765,21/06/2018,07,17.9,18.1,17.8,97,97,96,17.4,17.5,17.1,1019.2,1019.2,1019.0,0.6,267,1.3,-3.44,0.0
A765,21/06/2018,01,20.1,20.1,19.9,96,96,96,19.4,19.5,19.3,1021.4,1021.4,1021.2,0.3,265,0.8,-0.64,0.0
A765,21/06/2018,17,24.0,24.5,23.5,78,79,74,19.8,20.1,19.2,1018.7,1019.8,1018.7,2.2,103,4.6,2254.,0.0
A765,21/06/2018,13,22.2,22.4,19.7,80,96,78,18.6,20.1,18.1,1020.7,1020.7,1020.5,1.4,128,3.1,331.6,0.0
A765,21/06/2018,04,19.7,20.0,19.7,95,96,95,18.8,19.4,18.8,1020.5,1020.9,1020.5,1.0,314,1.7,-1.24,0.0
A765,21/06/2018,11,17.5,17.6,16.9,97,97,97,17.1,17.1,16.5,1020.2,1020.2,1019.9,0.4,274,1.1,67.73,0.0
A765,21/06/2018,10,17.2,17.4,17.1,97,97,97,16.7,16.9,16.7,1020.0,1020.1,1019.3,0.4,360,1.0,-2.59,0.0
A765,21/06/2018,12,19.7,19.7,17.5,96,97,96,19.1,19.2,17.1,1020.5,1020.5,1020.1,0.8,257,1.6,449.7,0.0
A765,21/06/2018,15,23.7,24.1,23.3,76,78,73,19.2,19.7,18.7,1020.3,1020.7,1020.3,2.3,109,4.0,2191.,0.0
A765,21/06/2018,14,23.5,24.0,22.2,74,81,73,18.7,19.4,18.1,1020.7,1020.9,1020.7,1.5,130,3.5,1805.,0.0
A765,21/06/2018,16,24.1,24.2,23.2,77,79,75,19.7,19.9,19.0,1019.7,1020.4,1019.7,2.1,113,5.2,2265.,0.0
A765,21/06/2018,18,23.7,24.4,23.1,78,81,75,19.5,20.1,19.0,1018.0,1018.7,1018.0,2.1,127,4.1,1707.,0.0
A765,21/06/2018,22,20.4,20.7,20.4,94,94,91,19.4,19.5,19.2,1018.7,1018.7,1018.3,0.3,20,1.5,-3.50,0.0
A765,21/06/2018,00,20.0,20.0,20.0,96,96,96,19.4,19.4,19.3,1021.3,1021.4,1021.2,0.3,259,1.1,-0.61,0.0
A765,21/06/2018,21,20.7,22.2,20.7,91,91,84,19.2,19.5,19.2,1018.3,1018.3,1018.1,0.4,315,2.7,78.86,0.0
A765,21/06/2018,23,20.1,20.4,20.0,94,94,94,19.1,19.4,19.1,1019.3,1019.3,1018.7,0.3,351,1.5,-3.25,0.0
A765,21/06/2018,05,18.9,19.7,18.9,95,95,94,18.1,18.8,18.1,1019.9,1020.5,1019.9,0.1,305,1.8,-2.97,0.0
A765,22/06/2018,23,20.7,20.8,20.5,94,94,93,19.7,19.8,19.4,1019.1,1019.1,1018.7,0.8,293,1.5,-1.42,0.0
A765,22/06/2018,15,26.0,26.1,24.1,56,64,55,16.6,17.9,16.3,1018.6,1019.1,1018.6,0.5,328,4.9,1843.,0.0
A765,22/06/2018,21,21.5,22.4,21.5,87,87,80,19.1,19.2,18.8,1018.1,1018.1,1017.7,1.3,201,4.8,53.23,0.0
A765,22/06/2018,04,18.4,18.9,18.4,96,96,96,17.7,18.3,17.7,1017.2,1018.0,1017.2,0.3,225,1.1,-2.56,0.0
A765,22/06/2018,02,18.4,18.9,18.4,96,96,96,17.8,18.2,17.8,1018.3,1018.6,1018.3,0.6,69,1.3,-3.38,0.0
A765,22/06/2018,00,19.5,20.1,19.5,95,95,94,18.7,19.2,18.7,1018.7,1019.3,1018.7,0.3,129,1.9,-3.40,0.0
A765,22/06/2018,22,20.5,21.4,20.5,93,93,87,19.4,19.4,19.0,1018.7,1018.7,1018.1,0.7,354,2.5,-3.51,0.0
A765,22/06/2018,13,21.2,21.2,19.2,80,88,78,17.6,18.2,17.0,1018.7,1018.7,1018.4,1.0,277,1.9,678.0,0.0
A765,22/06/2018,03,18.6,18.9,18.4,96,96,96,18.0,18.3,17.7,1018.0,1018.3,1017.9,0.3,17,1.0,-1.69,0.0
A765,22/06/2018,09,17.0,17.6,16.9,96,96,95,16.3,16.7,16.2,1016.1,1016.2,1016.0,0.6,281,1.9,-3.59,0.0
A765,22/06/2018,08,17.6,18.8,17.5,95,95,94,16.7,17.9,16.6,1016.2,1016.4,1016.1,0.6,221,4.4,-3.58,0.0
A765,22/06/2018,07,18.5,18.5,17.7,95,96,94,17.6,17.7,17.1,1016.2,1016.4,1016.2,1.4,217,4.4,-3.57,0.2
A765,22/06/2018,01,18.8,19.5,18.8,96,96,95,18.2,18.6,18.2,1018.5,1018.7,1018.5,0.4,358,1.4,-3.47,0.0
A765,22/06/2018,12,19.2,19.2,18.3,88,89,85,17.2,17.2,16.4,1018.4,1018.4,1017.7,0.9,292,2.3,368.1,0.0
A765,22/06/2018,11,18.3,18.9,16.8,89,94,83,16.4,16.5,15.6,1017.7,1017.7,1016.9,0.6,251,5.5,103.8,0.0
A765,22/06/2018,10,16.8,17.1,16.5,94,96,94,15.9,16.4,15.8,1016.8,1016.8,1016.0,1.7,216,4.4,-3.35,0.0
A765,22/06/2018,14,24.3,24.3,21.2,62,81,62,16.4,17.9,16.4,1019.0,1019.3,1018.7,1.7,247,4.9,1158.,0.0
A765,22/06/2018,20,22.4,24.5,22.4,80,80,67,18.8,18.9,18.0,1017.8,1017.8,1017.2,1.9,215,5.6,204.7,0.0
A765,22/06/2018,19,24.5,26.3,24.5,67,68,57,18.1,18.3,16.9,1017.2,1017.2,1016.9,2.3,217,5.5,1128.,0.0
A765,22/06/2018,16,26.9,27.2,25.8,55,64,51,17.0,18.6,15.7,1017.9,1018.7,1017.9,2.0,129,4.6,2260.,0.0
A765,22/06/2018,05,18.0,18.4,18.0,96,96,96,17.4,17.7,17.4,1016.9,1017.2,1016.8,0.4,278,1.6,-3.52,0.0
A765,22/06/2018,06,18.0,18.4,18.0,96,97,96,17.3,17.8,17.3,1016.3,1016.9,1016.3,1.0,320,2.8,-3.58,0.0
A765,22/06/2018,18,26.1,26.7,26.1,58,61,56,17.3,18.1,17.1,1016.9,1017.3,1016.9,2.0,205,5.1,1790.,0.0
A765,22/06/2018,17,26.6,27.1,26.2,58,60,52,17.6,18.3,15.9,1017.3,1017.9,1017.3,2.7,189,5.3,2159.,0.0
A765,23/06/2018,18,24.2,24.4,23.4,77,80,74,19.9,20.3,19.1,1014.7,1015.3,1014.7,2.8,103,4.9,1816.,0.0
A765,23/06/2018,08,18.5,18.8,18.3,97,97,97,18.1,18.3,17.9,1017.5,1017.6,1017.4,0.6,297,1.5,-1.11,0.0
A765,23/06/2018,03,20.2,20.8,20.2,94,94,92,19.3,19.7,19.2,1019.1,1019.4,1019.1,0.5,299,1.3,-2.28,0.0
A765,23/06/2018,00,20.8,20.8,20.7,94,94,94,19.8,19.8,19.6,1019.3,1019.3,1019.1,0.8,300,1.2,-0.59,0.0
A765,23/06/2018,01,20.4,20.8,20.4,94,94,94,19.5,19.9,19.5,1019.4,1019.4,1019.3,0.2,92,1.2,-1.38,0.0
A765,23/06/2018,05,18.5,19.2,18.5,94,95,94,17.6,18.4,17.6,1018.0,1018.5,1018.0,0.4,14,1.6,-3.55,0.0
A765,23/06/2018,23,19.7,20.2,19.6,96,96,94,19.0,19.3,18.9,1016.1,1016.1,1015.6,0.3,250,1.6,-3.59,0.0
A765,23/06/2018,22,20.2,21.5,20.2,94,94,89,19.2,19.7,19.2,1015.6,1015.6,1015.1,0.6,242,2.1,-3.59,0.0
A765,23/06/2018,10,18.1,18.2,17.9,96,97,96,17.5,17.7,17.4,1018.2,1018.2,1017.6,0.5,347,1.4,0.200,0.0
A765,23/06/2018,09,17.9,18.6,17.7,97,97,97,17.5,18.2,17.2,1017.6,1017.6,1017.4,0.4,342,1.5,-0.52,0.0
A765,23/06/2018,11,18.2,18.2,17.8,96,96,96,17.5,17.6,17.2,1018.5,1018.6,1018.1,0.7,318,1.4,92.23,0.0
A765,23/06/2018,13,22.2,22.3,19.5,80,95,80,18.6,19.3,18.2,1018.8,1019.0,1018.8,0.9,58,2.5,592.8,0.0
A765,23/06/2018,16,23.5,24.2,22.6,76,79,73,18.9,19.5,18.5,1016.5,1017.7,1016.5,2.3,110,4.7,2166.,0.0
A765,23/06/2018,12,19.5,19.5,18.2,95,96,95,18.6,18.6,17.5,1018.9,1018.9,1018.5,0.5,326,1.4,392.8,0.0
A765,23/06/2018,15,22.6,23.5,22.3,78,79,74,18.6,19.2,17.9,1017.7,1018.2,1017.7,1.7,124,3.8,1558.,0.0
A765,23/06/2018,02,20.8,20.8,20.4,93,95,93,19.7,19.8,19.5,1019.4,1019.5,1019.4,0.5,9,1.1,0.116,0.0
A765,23/06/2018,14,23.0,23.3,22.1,77,80,74,18.8,19.0,17.9,1018.2,1018.8,1018.2,2.4,101,4.0,1506.,0.0
A765,23/06/2018,21,21.5,22.9,21.5,89,89,84,19.7,20.0,19.7,1015.1,1015.1,1015.0,0.9,134,3.3,64.70,0.0
A765,23/06/2018,20,22.9,23.7,22.9,84,84,80,19.9,20.2,19.7,1015.0,1015.0,1014.7,1.6,109,4.5,584.8,0.0
A765,23/06/2018,04,19.1,20.2,19.1,95,96,94,18.3,19.2,18.3,1018.5,1019.1,1018.5,0.8,352,1.5,-3.57,0.0
A765,23/06/2018,17,24.0,24.4,22.9,75,79,73,19.2,19.8,18.5,1015.3,1016.5,1015.3,2.1,116,4.9,2066.,0.0
A765,23/06/2018,07,18.5,18.6,18.3,97,97,96,18.0,18.1,17.6,1017.4,1017.5,1017.3,0.4,255,1.4,-0.34,0.0
A765,23/06/2018,06,18.4,18.5,18.1,96,96,94,17.6,17.7,17.3,1017.3,1018.0,1017.3,0.5,291,1.0,-3.56,0.0
A765,23/06/2018,19,23.3,24.2,23.3,81,81,76,19.9,20.1,19.7,1014.7,1014.8,1014.6,2.7,113,4.9,1267.,0.0
A765,24/06/2018,08,20.9,21.1,20.6,89,93,89,19.0,19.7,19.0,1015.0,1015.4,1014.9,1.5,204,3.9,-3.52,0.0
A765,24/06/2018,23,21.1,21.2,21.1,86,86,85,18.6,18.7,18.6,1018.2,1018.2,1017.8,1.2,224,4.5,-0.13,0.0
A765,24/06/2018,14,27.1,27.2,24.3,65,75,63,19.9,20.5,18.8,1016.2,1016.9,1016.2,0.9,192,2.9,1716.,0.0
A765,24/06/2018,07,20.9,20.9,20.2,93,95,93,19.7,19.7,19.3,1015.0,1015.5,1014.9,1.3,86,3.1,-2.27,0.0
A765,24/06/2018,11,20.1,20.8,20.0,91,92,91,18.6,19.3,18.5,1016.6,1016.6,1016.2,0.7,169,2.9,58.36,0.0
A765,24/06/2018,00,19.1,19.8,19.0,96,96,95,18.4,19.1,18.3,1016.6,1016.6,1016.1,0.4,293,1.5,-3.57,0.0
A765,24/06/2018,10,20.7,21.2,20.7,91,91,87,19.2,19.4,18.8,1016.2,1016.2,1015.5,0.8,338,6.0,-3.31,0.0
A765,24/06/2018,09,21.0,21.1,20.6,87,90,87,18.8,19.1,18.8,1015.5,1015.5,1015.0,2.5,209,5.9,-3.58,0.0
A765,24/06/2018,02,19.3,19.3,18.7,97,97,96,18.8,18.8,18.1,1016.7,1016.9,1016.6,0.6,206,2.8,-1.33,0.0
A765,24/06/2018,12,21.5,21.6,20.1,87,91,87,19.2,19.4,18.6,1016.7,1016.9,1016.5,0.9,288,2.4,353.3,0.0
A765,24/06/2018,13,24.3,24.3,21.5,75,87,75,19.5,20.2,19.1,1016.9,1017.1,1016.7,1.1,210,2.9,492.1,0.0
A765,24/06/2018,18,23.4,28.3,23.4,78,78,57,19.3,20.5,18.6,1015.8,1015.8,1014.5,3.4,230,11.1,1421.,0.0
A765,24/06/2018,03,19.8,19.9,19.3,96,97,96,19.3,19.3,18.7,1016.5,1016.8,1016.5,1.1,295,2.5,-0.85,0.0
A765,24/06/2018,16,25.9,28.4,25.9,76,77,59,21.3,21.4,19.5,1015.0,1015.8,1015.0,3.2,97,5.9,1995.,0.0
A765,24/06/2018,06,20.4,20.7,19.7,95,96,94,19.5,19.9,19.1,1015.5,1016.1,1015.5,0.7,237,3.1,-1.75,0.0
A765,24/06/2018,17,28.0,28.0,25.5,59,76,59,19.3,21.6,19.3,1014.5,1015.0,1014.4,1.5,116,5.9,2147.,0.0
A765,24/06/2018,04,19.8,19.9,19.7,96,96,96,19.2,19.3,19.1,1016.3,1016.6,1016.3,0.4,301,2.2,-0.83,0.0
A765,24/06/2018,15,26.9,27.5,26.1,67,71,58,20.1,20.6,18.3,1015.7,1016.2,1015.7,1.5,122,5.0,2052.,0.0
A765,24/06/2018,22,21.2,21.5,21.2,85,85,84,18.6,18.7,18.5,1017.9,1017.9,1017.6,1.6,243,5.4,0.068,0.0
A765,24/06/2018,19,21.9,23.4,21.9,81,81,78,18.5,19.2,18.4,1016.0,1016.0,1015.8,3.8,229,10.4,638.8,0.0
A765,24/06/2018,01,18.8,19.2,18.7,96,97,96,18.2,18.6,18.1,1016.8,1016.9,1016.6,0.6,331,1.7,-3.17,0.0
A765,24/06/2018,21,21.5,21.7,21.5,84,84,82,18.6,18.8,18.4,1017.6,1017.6,1016.8,1.7,247,6.9,20.48,0.0
A765,24/06/2018,05,19.9,20.1,19.8,96,96,96,19.3,19.5,19.2,1016.0,1016.3,1016.0,1.1,251,2.4,-0.87,0.0
A765,24/06/2018,20,21.7,21.9,21.6,82,83,81,18.5,18.6,18.4,1016.8,1016.8,1016.0,2.4,232,9.3,239.7,0.0
A765,25/06/2018,01,20.9,21.0,20.9,86,87,85,18.5,18.8,18.4,1018.7,1018.8,1018.6,1.8,227,4.1,-0.00,0.0
A765,25/06/2018,14,22.3,23.2,22.0,81,81,76,18.8,19.3,18.2,1017.3,1017.8,1017.3,1.7,115,3.5,1211.,0.0
A765,25/06/2018,05,19.9,19.9,19.5,93,94,93,18.7,18.7,18.5,1017.7,1017.9,1017.7,1.0,226,2.6,-0.96,0.0
A765,25/06/2018,23,19.8,20.5,19.7,95,95,92,18.9,19.2,18.8,1013.1,1013.1,1012.9,0.3,294,0.9,-3.57,0.0
A765,25/06/2018,06,20.1,20.1,19.9,92,93,92,18.7,18.9,18.7,1017.2,1017.7,1017.2,1.5,225,3.1,-0.29,0.0
A765,25/06/2018,00,21.0,21.1,21.0,87,88,85,18.8,18.8,18.6,1018.6,1018.6,1018.1,1.5,231,3.5,0.012,0.0
A765,25/06/2018,22,20.5,21.9,20.5,92,92,87,19.2,19.8,19.2,1012.9,1013.1,1012.9,0.6,356,1.9,-3.57,0.0
A765,25/06/2018,08,20.1,20.3,20.1,90,91,90,18.4,18.7,18.4,1017.1,1017.2,1017.1,0.7,240,3.1,0.213,0.0
A765,25/06/2018,07,20.3,20.3,20.0,90,92,90,18.6,18.7,18.5,1017.2,1017.2,1017.1,0.8,293,3.5,0.384,0.0
A765,25/06/2018,02,20.7,20.9,20.7,87,87,86,18.4,18.5,18.4,1018.7,1018.8,1018.7,0.9,216,4.0,-0.83,0.0
A765,25/06/2018,13,22.6,22.6,20.9,77,87,76,18.3,19.3,18.1,1017.8,1017.9,1017.7,1.5,123,3.0,398.7,0.0
A765,25/06/2018,10,20.1,20.3,20.0,92,92,90,18.7,18.8,18.5,1017.5,1017.5,1017.2,1.0,266,2.1,0.034,0.0
A765,25/06/2018,11,19.7,20.2,19.7,93,93,91,18.5,18.8,18.5,1017.8,1017.8,1017.5,1.1,338,2.1,65.24,0.0
A765,25/06/2018,09,20.1,20.3,20.0,91,91,90,18.5,18.8,18.4,1017.2,1017.2,1016.9,0.6,262,2.1,-0.06,0.0
A765,25/06/2018,03,20.1,20.7,20.1,93,93,86,18.9,19.0,18.3,1018.2,1018.7,1018.2,1.2,281,2.2,-2.94,0.0
A765,25/06/2018,04,19.5,20.1,19.4,93,93,93,18.4,18.9,18.3,1017.9,1018.2,1017.9,1.0,218,2.2,-3.59,0.0
A765,25/06/2018,12,20.9,20.9,19.7,87,93,87,18.6,18.8,18.4,1017.8,1017.9,1017.8,0.5,311,1.6,428.1,0.0
A765,25/06/2018,18,23.4,24.3,23.4,78,79,75,19.3,20.0,19.2,1013.8,1014.4,1013.8,2.2,109,4.8,1813.,0.0
A765,25/06/2018,16,23.5,23.7,22.8,78,81,76,19.3,19.9,18.9,1015.5,1016.5,1015.5,1.9,123,4.2,2293.,0.0
A765,25/06/2018,15,23.3,23.5,22.1,78,83,77,19.3,19.7,18.6,1016.5,1017.3,1016.5,2.0,105,3.9,1283.,0.0
A765,25/06/2018,17,23.9,24.2,23.3,76,80,75,19.4,19.9,19.1,1014.4,1015.5,1014.4,2.0,121,4.5,2161.,0.0
A765,25/06/2018,19,23.6,24.3,23.0,78,80,76,19.5,20.2,19.3,1013.5,1013.8,1013.5,2.1,124,4.5,1293.,0.0
A765,25/06/2018,20,23.0,23.8,23.0,82,82,78,19.7,20.0,19.5,1013.2,1013.5,1013.2,1.5,112,4.1,585.3,0.0
A765,25/06/2018,21,21.9,23.0,21.9,87,87,82,19.6,19.8,19.5,1013.1,1013.2,1013.1,1.1,71,3.4,76.43,0.0
A765,26/06/2018,13,26.6,27.3,25.4,44,52,38,13.3,15.1,11.6,1015.1,1015.2,1013.8,2.1,184,6.1,467.0,0.0
A765,26/06/2018,09,27.7,28.2,25.8,34,40,32,10.5,11.1,9.5,1012.3,1012.3,1012.1,3.3,5,7.4,-3.60,0.0
A765,26/06/2018,03,19.4,19.4,18.6,93,96,93,18.2,18.5,17.9,1013.2,1013.6,1013.0,1.6,271,4.0,-3.49,0.0
A765,26/06/2018,12,26.1,28.6,25.7,44,51,30,12.8,15.1,9.4,1013.8,1014.0,1012.9,1.4,142,9.1,501.1,0.0
A765,26/06/2018,01,18.9,19.5,18.8,96,96,96,18.2,18.8,18.1,1013.5,1013.5,1013.3,0.4,15,2.1,-3.46,0.0
A765,26/06/2018,10,26.1,27.7,26.0,39,40,33,11.0,11.9,9.8,1012.9,1012.9,1012.3,1.7,36,7.4,-3.60,0.0
A765,26/06/2018,11,26.1,27.7,25.8,41,42,33,11.7,11.9,9.8,1013.0,1013.1,1012.8,1.3,61,6.6,57.07,0.0
A765,26/06/2018,07,21.4,23.8,20.4,71,76,50,16.0,16.0,12.4,1012.2,1012.4,1012.2,1.1,22,3.9,-3.60,0.0
A765,26/06/2018,23,21.0,21.1,21.0,88,88,87,19.0,19.0,18.8,1016.1,1016.1,1015.5,0.6,220,2.5,0.209,0.0
A765,26/06/2018,04,19.8,20.1,19.3,85,93,84,17.3,18.5,16.9,1013.0,1013.2,1012.9,1.1,90,4.3,-3.60,0.0
A765,26/06/2018,02,18.8,19.1,18.5,96,96,96,18.1,18.4,17.8,1013.6,1013.6,1013.4,0.8,328,2.6,-3.56,0.0
A765,26/06/2018,05,20.3,21.2,19.8,83,87,75,17.3,17.7,16.2,1012.6,1013.0,1012.6,1.1,298,3.5,-3.60,0.0
A765,26/06/2018,22,21.1,21.3,21.1,87,87,85,18.8,18.8,18.6,1015.5,1015.5,1015.3,0.8,210,4.4,0.396,0.0
A765,26/06/2018,14,25.3,26.6,25.2,66,66,43,18.5,18.7,13.2,1015.3,1015.3,1015.1,2.4,203,6.6,1674.,0.0
A765,26/06/2018,21,21.3,21.5,21.3,85,85,84,18.7,18.8,18.6,1015.3,1015.3,1014.6,1.6,228,5.8,32.90,0.0
A765,26/06/2018,17,25.6,26.2,24.3,70,73,66,19.7,19.9,18.7,1013.8,1014.5,1013.8,1.9,186,5.6,2214.,0.0
A765,26/06/2018,15,24.5,25.3,24.0,72,73,66,19.0,19.2,18.5,1015.2,1015.4,1015.1,3.4,210,7.2,1432.,0.0
A765,26/06/2018,16,24.4,25.1,23.8,72,75,70,19.0,19.5,18.7,1014.5,1015.2,1014.5,2.7,196,6.7,1650.,0.0
A765,26/06/2018,20,21.5,22.3,21.5,84,84,81,18.6,19.0,18.6,1014.6,1014.6,1013.9,2.9,212,6.6,157.2,0.0
A765,26/06/2018,19,22.3,24.6,22.3,81,81,72,18.9,19.4,18.9,1013.9,1013.9,1013.7,2.8,207,6.6,521.1,0.0
A765,26/06/2018,18,24.6,26.5,24.5,73,73,67,19.4,20.2,19.1,1013.7,1013.8,1013.6,1.8,168,3.9,1504.,0.0
A765,26/06/2018,00,19.4,19.8,19.2,96,96,95,18.7,18.9,18.5,1013.3,1013.3,1013.1,0.9,276,1.8,-3.51,0.0
A765,26/06/2018,08,27.3,28.5,21.4,34,71,30,10.0,15.3,9.4,1012.1,1012.3,1012.0,2.2,305,6.0,-3.58,0.0
A765,26/06/2018,06,21.0,23.0,20.1,71,84,57,15.5,17.3,14.1,1012.3,1012.7,1012.3,1.2,183,4.5,-3.60,0.0
A765,27/06/2018,00,21.0,21.0,20.9,91,91,88,19.5,19.5,18.9,1016.7,1016.7,1016.1,1.0,278,1.7,-0.21,0.0
A765,27/06/2018,03,20.7,20.8,20.7,93,93,91,19.4,19.6,19.3,1017.2,1017.4,1017.1,0.6,243,1.6,0.410,0.0
A765,27/06/2018,01,20.9,21.0,20.8,91,92,91,19.3,19.6,19.3,1017.4,1017.4,1016.7,0.7,307,1.7,-0.60,0.0
A765,27/06/2018,23,20.7,21.0,20.5,88,90,86,18.7,19.0,18.2,1017.9,1018.0,1017.8,0.5,21,2.3,-2.18,0.0
A765,27/06/2018,06,20.5,20.6,20.3,92,94,92,19.1,19.5,19.0,1016.6,1016.6,1016.2,1.1,254,2.6,-0.66,0.0
A765,27/06/2018,22,21.0,21.4,20.9,89,91,89,19.1,19.6,19.1,1017.8,1018.2,1017.8,0.8,343,2.4,-3.34,0.0
A765,27/06/2018,05,20.6,20.9,20.6,93,93,91,19.4,19.5,19.3,1016.2,1017.2,1016.2,0.6,39,1.6,-0.39,0.0
A765,27/06/2018,10,19.0,19.2,18.9,94,94,91,18.0,18.2,17.4,1018.2,1018.2,1017.5,0.4,13,1.8,-1.89,0.0
A765,27/06/2018,21,21.4,22.8,21.4,89,89,83,19.6,19.8,19.4,1018.2,1018.4,1018.2,1.1,359,2.5,91.02,0.0
A765,27/06/2018,09,19.0,19.5,19.0,91,92,90,17.4,18.2,17.4,1017.5,1017.5,1017.2,1.1,295,2.0,-2.42,0.0
A765,27/06/2018,14,22.8,23.0,21.8,76,79,75,18.3,18.7,18.0,1021.1,1021.1,1020.8,0.5,348,1.4,1131.,0.0
A765,27/06/2018,11,19.7,19.8,19.0,93,94,92,18.4,18.5,17.9,1019.3,1019.3,1018.2,1.0,285,1.8,63.33,0.0
A765,27/06/2018,13,21.8,21.8,20.5,79,89,79,18.0,18.5,17.8,1020.8,1020.8,1020.2,0.7,339,1.5,715.0,0.0
A765,27/06/2018,04,20.7,20.8,20.7,92,93,92,19.3,19.5,19.3,1017.2,1017.2,1017.0,0.8,245,1.6,-0.09,0.0
A765,27/06/2018,12,20.5,20.5,19.5,89,93,89,18.6,18.8,18.1,1020.2,1020.2,1019.3,0.5,276,1.8,357.3,0.0
A765,27/06/2018,16,23.3,25.4,23.2,76,76,63,18.9,18.9,17.0,1019.7,1020.4,1019.7,3.3,163,8.2,2027.,0.0
A765,27/06/2018,15,23.3,23.6,22.6,74,77,72,18.5,18.7,18.1,1020.4,1021.1,1020.4,2.0,317,4.1,1524.,0.0
A765,27/06/2018,20,22.7,23.7,22.7,83,83,76,19.8,19.8,18.8,1018.4,1018.4,1018.2,1.4,88,3.1,451.6,0.0
A765,27/06/2018,19,23.6,24.2,22.8,78,80,74,19.5,19.7,18.7,1018.3,1018.8,1018.3,1.2,168,3.8,878.6,0.0
A765,27/06/2018,07,20.3,20.6,20.3,92,92,91,18.9,19.1,18.9,1016.9,1016.9,1016.6,1.1,232,2.8,-1.40,0.0
A765,27/06/2018,18,23.3,24.1,23.1,76,77,72,18.8,19.2,18.5,1018.7,1019.0,1018.6,2.0,205,4.7,1390.,0.0
A765,27/06/2018,17,23.4,23.6,22.7,75,81,74,18.6,19.7,18.4,1019.0,1019.7,1019.0,2.3,151,8.2,1064.,0.0
A765,27/06/2018,08,19.5,20.2,19.5,92,93,91,18.0,18.9,18.0,1017.4,1017.4,1016.9,0.9,327,2.2,-3.00,0.0
A765,27/06/2018,02,20.8,21.0,20.8,91,92,90,19.4,19.5,19.2,1017.4,1017.5,1017.3,0.8,277,1.5,-0.59,0.0
A765,28/06/2018,00,20.4,20.8,20.4,90,90,88,18.7,18.9,18.7,1017.8,1017.9,1017.5,0.7,216,1.9,-2.33,0.0
A765,28/06/2018,03,18.5,19.4,18.5,94,94,92,17.4,18.1,17.4,1019.2,1019.4,1019.1,0.5,255,1.8,-3.58,0.0
A765,28/06/2018,07,18.2,18.5,17.8,94,94,94,17.2,17.6,16.8,1017.2,1017.8,1017.2,0.5,257,1.6,-3.52,0.0
A765,28/06/2018,15,24.8,24.9,23.4,71,75,71,19.2,19.7,18.3,1019.0,1019.4,1018.9,1.8,153,3.1,1530.,0.0
A765,28/06/2018,09,18.5,18.5,17.5,96,96,95,17.9,17.9,16.8,1017.6,1017.6,1016.9,1.6,201,3.4,-3.23,0.0
A765,28/06/2018,06,18.4,18.7,18.1,94,95,93,17.5,17.8,17.0,1017.8,1018.4,1017.8,0.9,308,2.0,-3.52,0.0
A765,28/06/2018,10,18.9,18.9,18.5,95,96,95,18.0,18.1,17.8,1018.2,1018.2,1017.6,0.9,266,3.8,-1.05,0.0
A765,28/06/2018,14,23.4,23.5,22.1,74,79,74,18.6,19.0,18.0,1019.3,1019.8,1019.3,1.0,221,3.9,1068.,0.0
A765,28/06/2018,11,18.8,18.9,18.5,95,95,95,17.9,18.1,17.6,1018.9,1018.9,1018.2,0.8,241,2.1,73.69,0.0
A765,28/06/2018,13,22.2,22.5,19.4,77,93,77,18.1,19.4,18.1,1019.8,1019.9,1019.6,1.8,207,4.3,712.1,0.0
A765,28/06/2018,02,19.3,20.3,19.2,92,93,92,18.0,19.1,17.9,1019.4,1019.4,1019.0,0.6,176,2.9,-3.59,0.0
A765,28/06/2018,01,20.1,20.4,19.9,92,92,90,18.8,18.9,18.5,1019.0,1019.0,1017.8,1.0,162,3.9,-3.28,0.0
A765,28/06/2018,04,18.5,18.8,18.5,95,95,94,17.7,17.9,17.4,1019.2,1019.3,1019.1,0.6,276,2.1,-3.50,0.0
A765,28/06/2018,12,19.4,19.4,18.8,93,95,93,18.3,18.3,17.9,1019.6,1019.7,1018.9,0.6,241,1.8,300.5,0.0
A765,28/06/2018,05,18.6,18.8,18.5,95,95,95,17.8,18.0,17.7,1018.4,1019.2,1018.4,0.5,344,1.7,-3.46,0.0
A765,28/06/2018,21,21.3,23.3,21.3,89,89,78,19.4,19.5,18.8,1017.6,1017.6,1016.9,0.8,280,2.0,60.54,0.0
A765,28/06/2018,18,23.9,25.1,23.2,76,79,73,19.3,20.3,19.1,1017.2,1017.6,1017.2,1.3,145,4.7,1514.,0.0
A765,28/06/2018,08,17.8,18.3,17.8,95,96,94,17.0,17.5,17.0,1016.9,1017.2,1016.8,0.3,34,1.6,-2.99,0.0
A765,28/06/2018,17,24.7,26.1,24.3,76,79,67,20.1,20.7,19.0,1017.6,1018.4,1017.6,1.8,114,3.9,1649.,0.0
A765,28/06/2018,23,20.6,21.3,20.6,91,91,90,19.1,19.8,19.1,1018.0,1018.0,1017.7,0.5,185,1.9,-2.27,0.0
A765,28/06/2018,16,25.5,25.9,24.8,70,72,66,19.5,20.3,18.5,1018.4,1019.0,1018.3,1.5,137,3.5,2114.,0.0
A765,28/06/2018,20,23.3,24.5,23.2,78,80,73,19.4,20.0,19.1,1016.9,1017.1,1016.8,0.6,137,2.8,575.3,0.0
A765,28/06/2018,19,23.8,24.1,23.1,76,80,73,19.3,19.8,18.9,1017.1,1017.4,1017.0,0.9,144,3.8,910.5,0.0
A765,28/06/2018,22,21.1,21.3,21.0,91,91,89,19.6,19.6,19.2,1017.7,1017.7,1017.6,0.8,347,1.7,-2.86,0.0
A765,29/06/2018,01,18.8,19.5,18.8,95,95,94,18.0,18.6,18.0,1018.6,1018.7,1018.5,0.4,353,0.9,-3.57,0.0
A765,29/06/2018,04,19.7,19.8,19.1,94,95,94,18.8,18.9,18.4,1018.3,1018.5,1018.2,0.4,266,1.5,-0.96,0.0
A765,29/06/2018,02,19.1,19.1,18.8,95,96,95,18.3,18.4,18.0,1018.8,1019.0,1018.5,0.3,196,1.0,-2.42,0.0
A765,29/06/2018,14,22.4,22.7,21.1,75,82,75,17.8,18.4,17.6,1019.3,1019.8,1019.3,1.5,109,2.8,1311.,0.0
A765,29/06/2018,13,21.1,21.1,19.4,81,92,81,17.8,18.5,17.8,1019.8,1019.8,1019.5,1.2,285,1.9,639.1,0.0
A765,29/06/2018,09,19.0,19.3,18.9,95,95,94,18.2,18.4,18.1,1017.5,1017.5,1017.2,0.9,236,2.5,-1.90,0.0
A765,29/06/2018,10,18.7,19.1,18.6,95,96,95,17.9,18.4,17.9,1018.2,1018.2,1017.5,1.5,243,3.5,-1.61,0.0
A765,29/06/2018,18,22.7,23.6,22.5,77,78,73,18.4,18.9,18.2,1016.5,1017.0,1016.5,1.6,138,4.9,978.2,0.0
A765,29/06/2018,12,19.4,19.4,18.1,92,96,92,18.2,18.2,17.3,1019.5,1019.5,1019.0,1.0,272,2.5,380.9,0.0
A765,29/06/2018,11,18.2,18.7,18.2,95,96,95,17.4,18.0,17.4,1019.0,1019.0,1018.1,1.5,313,3.5,61.04,0.0
A765,29/06/2018,15,23.0,23.6,21.7,74,80,73,18.2,18.8,17.8,1018.8,1019.3,1018.8,2.2,123,3.9,1679.,0.0
A765,29/06/2018,00,19.5,20.6,19.5,94,94,91,18.5,19.3,18.5,1018.5,1018.5,1018.0,0.4,11,2.1,-3.59,0.0
A765,29/06/2018,17,23.4,24.5,22.9,74,76,70,18.5,19.3,18.0,1017.0,1017.8,1017.0,2.4,112,4.3,2066.,0.0
A765,29/06/2018,16,23.8,24.0,23.1,74,76,71,18.9,19.0,18.1,1017.8,1018.8,1017.8,1.9,137,4.1,2146.,0.0
A765,29/06/2018,03,19.1,19.3,19.1,95,96,95,18.3,18.5,18.3,1018.5,1019.0,1018.5,1.0,310,1.4,0.342,0.0
A765,29/06/2018,21,21.1,22.4,21.1,85,85,81,18.5,18.9,18.5,1016.5,1016.5,1016.4,1.2,102,2.4,72.49,0.0
A765,29/06/2018,06,19.7,19.8,19.4,93,94,93,18.6,18.8,18.4,1017.8,1018.0,1017.8,0.8,334,1.3,-1.87,0.0
A765,29/06/2018,07,19.4,19.8,19.4,94,94,93,18.4,18.7,18.3,1017.6,1017.8,1017.5,1.1,315,2.0,-1.68,0.0
A765,29/06/2018,05,19.5,19.9,19.5,94,95,94,18.5,19.0,18.5,1018.0,1018.3,1018.0,0.4,8,1.6,-1.37,0.0
A765,29/06/2018,20,22.4,23.1,22.3,81,81,78,18.9,19.2,18.6,1016.4,1016.4,1016.2,1.0,126,2.3,473.9,0.0
A765,29/06/2018,19,22.3,22.9,22.3,79,80,77,18.6,18.9,18.3,1016.3,1016.5,1016.2,1.3,164,3.6,655.3,0.0
A765,29/06/2018,08,19.2,19.5,19.2,94,94,93,18.2,18.5,18.2,1017.4,1017.6,1017.4,0.9,286,2.0,-1.78,0.0
A765,29/06/2018,22,20.7,21.3,20.6,89,89,85,18.7,18.8,18.5,1016.6,1016.7,1016.5,1.0,342,2.1,-1.19,0.0
A765,29/06/2018,23,20.5,20.7,20.5,88,89,88,18.5,18.8,18.5,1016.4,1016.7,1016.4,1.0,316,2.0,-0.78,0.0
A765,30/06/2018,02,18.4,19.2,18.4,93,93,91,17.3,17.8,17.3,1015.4,1016.0,1015.4,0.4,13,1.6,-3.60,0.0
A765,30/06/2018,13,23.5,23.5,20.4,71,88,69,17.9,18.9,17.2,1014.3,1014.4,1014.2,1.5,193,7.0,792.8,0.2
A765,30/06/2018,22,21.3,22.1,21.3,90,90,85,19.6,19.7,19.5,1015.2,1015.2,1014.5,0.8,307,1.7,-2.74,0.0
A765,30/06/2018,00,20.2,20.6,20.2,88,89,87,18.3,18.6,18.2,1016.1,1016.4,1016.1,0.9,329,2.0,-2.51,0.0
A765,30/06/2018,12,20.5,20.5,17.8,88,94,87,18.4,18.6,16.7,1014.3,1014.4,1014.1,0.9,172,3.1,495.3,0.0
A765,30/06/2018,03,18.1,18.4,18.0,95,95,93,17.3,17.5,17.1,1015.4,1015.6,1015.4,0.5,343,1.6,-3.60,0.0
A765,30/06/2018,11,17.8,17.9,17.5,94,95,94,16.7,17.0,16.6,1014.1,1014.1,1013.9,0.8,186,3.3,69.39,0.0
A765,30/06/2018,10,17.8,18.2,17.7,95,96,95,17.0,17.4,16.8,1014.1,1014.1,1013.7,1.2,250,3.9,-3.40,0.0
A765,30/06/2018,09,18.2,18.3,17.3,96,96,95,17.5,17.7,16.8,1013.8,1013.8,1013.6,1.0,254,4.7,-3.59,0.0
A765,30/06/2018,16,25.4,26.4,25.4,66,67,60,18.5,19.3,17.8,1013.7,1014.3,1013.7,2.9,180,7.1,2261.,0.0
A765,30/06/2018,04,17.8,18.2,17.6,95,96,95,17.1,17.4,16.8,1015.0,1015.4,1014.9,0.7,278,1.6,-3.59,0.0
A765,30/06/2018,15,26.5,27.7,25.3,62,65,53,18.5,18.7,16.7,1014.3,1014.4,1014.0,2.5,191,6.7,1928.,0.0
A765,30/06/2018,14,27.7,27.8,23.2,54,72,49,17.4,19.5,15.3,1014.0,1014.3,1013.9,0.6,346,3.5,1413.,0.0
A765,30/06/2018,21,22.1,22.4,22.1,85,85,83,19.5,19.6,19.2,1014.5,1014.5,1013.9,0.7,321,2.2,42.54,0.0
A765,30/06/2018,20,22.3,23.5,22.3,83,84,79,19.3,20.0,19.2,1013.9,1013.9,1013.4,1.4,105,3.9,551.0,0.0
A765,30/06/2018,17,24.4,25.7,24.3,75,75,66,19.6,20.2,18.7,1013.4,1013.7,1013.4,1.9,132,5.5,1898.,0.0
A765,30/06/2018,19,22.9,23.7,22.7,83,83,77,19.8,19.8,18.9,1013.4,1013.5,1013.3,2.0,101,4.3,959.8,0.0
A765,30/06/2018,18,23.5,25.2,23.4,79,79,71,19.7,20.1,19.1,1013.4,1013.4,1013.2,2.1,112,4.2,1543.,0.0
A765,30/06/2018,07,17.5,18.0,17.3,96,97,96,16.9,17.4,16.7,1013.9,1014.3,1013.9,0.6,325,2.2,-3.59,0.0
A765,30/06/2018,01,19.2,20.2,19.2,91,92,88,17.7,18.3,17.7,1016.0,1016.1,1016.0,0.9,349,1.5,-3.60,0.0
A765,30/06/2018,05,17.6,17.9,17.5,96,96,95,17.0,17.2,16.8,1014.4,1015.0,1014.3,0.5,257,1.7,-3.59,0.0
A765,30/06/2018,23,20.4,21.3,20.4,92,92,90,19.2,19.7,19.2,1015.6,1015.7,1015.1,1.4,209,2.6,-3.59,0.0
A765,30/06/2018,08,17.3,17.7,17.2,96,97,96,16.8,17.2,16.6,1013.6,1014.0,1013.6,1.5,226,4.7,-3.59,0.0
A765,30/06/2018,06,18.0,18.2,17.6,96,97,96,17.4,17.6,16.9,1014.2,1014.5,1014.2,0.9,200,3.4,-3.59,0.0
A765,01/07/2018,20,20.6,21.1,20.6,85,85,82,18.1,18.2,17.9,1014.5,1014.9,1014.5,1.2,73,3.0,121.7,0.0
A765,01/07/2018,09,18.9,19.4,18.9,95,95,94,18.0,18.5,18.0,1016.1,1016.1,1015.6,1.0,334,1.9,-2.93,0.0
A765,01/07/2018,03,19.3,20.0,19.3,94,94,93,18.4,18.9,18.3,1016.9,1016.9,1016.6,0.8,278,4.3,-3.60,0.0
A765,01/07/2018,08,19.4,19.6,19.3,94,94,93,18.4,18.5,18.3,1015.8,1016.0,1015.8,0.8,307,1.5,-2.98,0.0
A765,01/07/2018,00,20.1,20.5,20.1,94,94,92,19.1,19.3,19.1,1015.9,1016.0,1015.6,0.7,267,2.5,-3.55,0.0
A765,01/07/2018,02,19.9,19.9,19.5,94,95,94,18.9,18.9,18.7,1016.6,1016.6,1016.4,1.7,219,4.2,-3.44,0.0
A765,01/07/2018,11,19.4,19.5,19.0,95,95,94,18.5,18.6,18.1,1017.2,1017.2,1016.6,0.8,294,1.6,42.39,0.0
A765,01/07/2018,01,19.6,20.1,19.5,95,95,94,18.8,19.2,18.6,1016.4,1016.4,1015.9,0.7,277,1.8,-3.44,0.0
A765,01/07/2018,07,19.6,19.9,19.4,93,93,93,18.4,18.8,18.2,1016.0,1016.5,1016.0,0.4,11,1.3,-3.10,0.0
A765,01/07/2018,04,18.6,19.3,18.5,95,95,94,17.7,18.4,17.7,1017.0,1017.0,1016.8,0.9,307,2.6,-3.45,0.0
A765,01/07/2018,18,21.3,21.4,21.2,81,83,81,17.9,18.3,17.8,1014.8,1015.4,1014.8,1.0,134,3.9,285.4,0.0
A765,01/07/2018,10,19.0,19.0,18.8,94,95,94,18.1,18.1,17.9,1016.6,1016.6,1016.1,0.5,260,1.9,-1.76,0.0
A765,01/07/2018,15,21.9,23.4,21.9,80,80,74,18.3,19.0,18.0,1016.8,1017.5,1016.8,1.9,143,4.6,996.2,0.0
A765,01/07/2018,05,19.4,19.4,18.6,94,95,94,18.4,18.4,17.7,1016.8,1017.0,1016.8,0.5,267,1.8,-2.12,0.0
A765,01/07/2018,14,23.3,23.5,21.7,74,82,74,18.5,19.0,17.7,1017.5,1017.8,1017.5,1.5,122,3.9,1774.,0.0
A765,01/07/2018,13,21.8,21.8,20.3,82,92,82,18.5,19.3,18.4,1017.8,1018.0,1017.7,1.2,212,3.5,712.4,0.0
A765,01/07/2018,12,20.3,20.4,19.4,92,95,92,19.0,19.0,18.5,1017.7,1017.7,1017.1,0.7,224,1.9,275.8,0.0
A765,01/07/2018,17,21.3,21.6,21.2,83,83,81,18.2,18.3,18.0,1015.4,1016.1,1015.4,1.8,157,4.1,349.1,0.0
A765,01/07/2018,16,21.4,22.0,21.4,82,82,80,18.1,18.4,18.0,1016.1,1016.8,1016.1,2.2,153,5.1,520.9,0.0
A765,01/07/2018,06,19.8,19.9,19.4,93,94,93,18.6,18.8,18.4,1016.5,1016.8,1016.5,0.3,58,2.1,-2.48,0.0
A765,01/07/2018,23,20.4,20.5,20.2,88,91,87,18.4,18.6,18.2,1015.2,1015.2,1015.0,0.9,11,2.1,-0.58,0.0
A765,01/07/2018,19,21.1,21.3,21.0,82,83,81,18.0,18.2,17.7,1014.9,1014.9,1014.8,1.2,139,3.1,254.1,0.0
A765,01/07/2018,21,20.3,20.7,20.3,90,90,85,18.6,18.7,18.0,1014.6,1014.6,1014.4,1.0,348,3.0,21.66,0.0
A765,01/07/2018,22,20.2,20.4,20.1,91,91,90,18.7,18.7,18.6,1015.1,1015.1,1014.6,1.1,345,1.9,-0.56,0.0
A765,02/07/2018,12,20.4,20.4,17.4,94,97,94,19.4,19.4,16.9,1014.9,1014.9,1014.4,0.6,169,2.7,494.3,0.0
A765,02/07/2018,07,17.7,18.0,17.7,96,96,95,17.0,17.3,17.0,1013.5,1014.1,1013.5,0.7,275,1.9,-3.58,0.0
A765,02/07/2018,21,22.2,24.6,22.2,88,88,75,20.0,20.2,19.6,1012.5,1012.5,1012.3,0.5,299,2.5,84.67,0.0
A765,02/07/2018,11,17.4,17.5,17.1,97,97,97,16.9,16.9,16.6,1014.4,1014.5,1013.8,1.3,209,2.4,80.45,0.0
A765,02/07/2018,02,20.1,20.4,20.0,87,88,85,17.9,18.0,17.8,1015.6,1015.7,1015.4,1.1,342,2.0,-0.18,0.0
A765,02/07/2018,23,19.9,20.7,19.9,94,94,90,18.8,19.0,18.8,1012.9,1012.9,1012.8,0.4,293,1.2,-3.59,0.0
A765,02/07/2018,08,17.4,17.8,17.3,96,97,96,16.8,17.1,16.7,1013.3,1013.5,1013.3,0.9,320,1.5,-3.59,0.0
A765,02/07/2018,10,17.4,17.8,17.2,97,97,97,16.9,17.3,16.7,1013.9,1013.9,1013.4,0.7,256,2.6,-2.96,0.0
A765,02/07/2018,09,17.3,17.4,17.0,97,97,96,16.8,16.9,16.4,1013.4,1013.5,1013.2,0.7,217,2.6,-3.58,0.0
A765,02/07/2018,00,20.4,20.5,20.4,87,88,86,18.1,18.4,18.0,1015.7,1015.7,1015.2,0.7,37,2.6,-0.33,0.0
A765,02/07/2018,04,19.1,19.8,19.1,91,91,88,17.5,17.9,17.4,1015.3,1015.6,1015.3,1.6,292,2.9,-2.96,0.0
A765,02/07/2018,01,20.3,20.5,20.3,86,87,86,17.8,18.3,17.8,1015.6,1015.7,1015.4,1.0,2,1.9,-0.31,0.0
A765,02/07/2018,20,24.6,25.6,24.6,75,75,64,19.9,19.9,18.1,1012.3,1012.3,1011.9,1.0,101,3.6,623.3,0.0
A765,02/07/2018,13,23.4,23.4,20.4,75,94,74,18.7,19.7,18.4,1014.8,1014.9,1014.7,0.7,157,3.1,569.3,0.0
A765,02/07/2018,15,27.9,29.3,26.1,56,65,41,18.4,19.8,14.6,1013.8,1014.3,1013.8,1.5,149,4.0,2189.,0.0
A765,02/07/2018,03,19.8,20.1,19.8,89,89,87,17.9,18.0,17.7,1015.6,1015.8,1015.6,1.3,316,2.4,-0.81,0.0
A765,02/07/2018,14,26.1,26.1,23.4,63,76,60,18.5,19.6,17.4,1014.3,1014.8,1014.3,1.7,181,3.2,1698.,0.0
A765,02/07/2018,18,26.5,26.5,25.0,57,71,57,17.3,19.9,17.2,1012.1,1012.3,1012.1,1.7,114,5.5,1674.,0.0
A765,02/07/2018,17,25.5,28.1,25.2,70,74,59,19.6,20.7,19.0,1012.3,1013.0,1012.1,2.8,102,5.1,2150.,0.0
A765,02/07/2018,16,27.7,28.0,26.7,59,63,56,19.0,19.9,18.4,1013.0,1013.8,1013.0,1.7,156,4.3,2320.,0.0
A765,02/07/2018,19,25.4,26.5,25.2,66,67,56,18.6,18.8,16.7,1011.9,1012.1,1011.8,1.3,113,3.9,1145.,0.0
A765,02/07/2018,05,18.3,19.1,18.3,94,94,91,17.3,17.6,17.3,1014.7,1015.3,1014.7,0.7,248,2.7,-3.59,0.0
A765,02/07/2018,22,20.7,22.2,20.7,90,92,87,18.9,20.1,18.8,1012.8,1012.8,1012.5,0.7,279,1.5,-3.60,0.0
A765,02/07/2018,06,17.9,18.4,17.9,95,95,94,17.2,17.4,17.1,1014.1,1014.7,1014.0,1.0,254,2.0,-3.58,0.0
A765,03/07/2018,21,19.6,20.0,19.5,96,96,95,18.9,19.3,18.9,1018.7,1018.7,1018.5,1.6,225,4.2,23.86,2.0
A765,03/07/2018,13,23.8,24.5,21.9,71,81,69,18.3,19.4,17.9,1017.4,1017.4,1015.5,3.2,224,11.1,520.8,0.0
A765,03/07/2018,00,19.6,19.9,19.5,95,95,94,18.7,19.0,18.5,1013.2,1013.2,1012.9,0.5,271,1.3,-3.58,0.0
A765,03/07/2018,02,19.0,19.5,18.7,92,93,90,17.6,18.2,17.1,1013.4,1013.5,1013.3,0.7,258,1.9,-3.59,0.0
A765,03/07/2018,09,19.1,19.5,18.6,88,90,83,17.1,17.3,16.4,1013.6,1013.6,1013.0,0.6,288,2.6,-3.34,0.0
A765,03/07/2018,12,21.9,21.9,19.9,79,84,78,18.1,18.1,16.9,1015.5,1015.5,1014.5,1.1,275,2.8,482.3,0.0
A765,03/07/2018,08,18.6,18.6,18.0,90,91,89,16.9,17.0,16.5,1013.1,1013.1,1012.7,0.6,311,3.1,-3.52,0.0
A765,03/07/2018,17,21.5,22.5,21.5,88,88,81,19.4,19.7,18.9,1018.0,1018.6,1018.0,1.4,214,4.1,285.2,0.0
A765,03/07/2018,11,19.9,19.9,18.4,83,91,82,17.0,17.4,16.7,1014.5,1014.5,1014.0,0.8,222,3.0,58.02,0.0
A765,03/07/2018,10,19.0,19.3,18.8,89,91,86,17.1,17.4,16.8,1014.1,1014.1,1013.6,0.8,280,2.2,-3.59,0.0
A765,03/07/2018,03,18.7,19.0,18.5,94,94,92,17.7,17.9,17.5,1013.2,1013.4,1013.2,0.7,282,1.9,-3.56,0.0
A765,03/07/2018,23,19.1,19.3,19.0,96,96,96,18.4,18.6,18.4,1019.7,1019.7,1019.2,1.2,208,4.3,-0.97,1.2
A765,03/07/2018,20,20.0,20.5,19.9,95,95,94,19.2,19.6,19.1,1018.6,1018.6,1018.1,1.3,194,4.4,86.61,2.2
A765,03/07/2018,14,24.0,25.1,23.8,75,75,66,19.2,19.2,17.8,1018.4,1018.4,1017.4,3.8,200,9.3,1430.,0.0
A765,03/07/2018,22,19.3,19.6,19.2,96,96,96,18.6,18.9,18.5,1019.2,1019.2,1018.7,1.3,216,5.0,-1.43,0.4
A765,03/07/2018,01,19.3,19.8,19.3,93,95,92,18.2,18.8,18.0,1013.3,1013.3,1013.1,0.5,354,1.9,-3.57,0.0
A765,03/07/2018,15,23.5,24.5,23.4,75,76,71,18.8,19.5,18.4,1018.9,1018.9,1018.4,2.9,222,8.5,1903.,0.0
A765,03/07/2018,05,18.0,18.2,18.0,94,95,94,17.1,17.4,17.1,1012.9,1013.1,1012.9,0.6,283,1.8,-3.55,0.0
A765,03/07/2018,07,18.0,18.5,18.0,91,92,89,16.5,17.1,16.4,1012.8,1012.8,1012.7,0.9,248,3.1,-3.60,0.0
A765,03/07/2018,04,18.2,18.7,18.2,94,95,94,17.2,17.8,17.2,1013.1,1013.2,1013.0,0.5,311,2.0,-3.59,0.0
A765,03/07/2018,19,20.5,21.8,20.4,94,94,89,19.5,19.9,19.3,1018.1,1018.1,1018.0,1.0,228,4.6,190.7,0.6
A765,03/07/2018,18,21.6,21.7,21.3,90,91,88,19.8,20.0,19.2,1018.0,1018.1,1017.9,1.5,213,4.0,383.2,0.0
A765,03/07/2018,16,22.4,23.6,22.3,81,82,74,19.0,19.1,18.5,1018.6,1018.9,1018.6,1.8,214,6.8,650.4,0.0
A765,03/07/2018,06,18.2,18.5,18.0,92,94,91,16.8,17.2,16.7,1012.8,1012.9,1012.7,1.0,281,2.6,-3.59,0.0
A765,04/07/2018,05,18.2,18.3,18.2,97,97,97,17.7,17.8,17.7,1019.9,1020.1,1019.8,0.8,221,2.1,0.006,1.2
A765,04/07/2018,01,18.6,18.8,18.6,96,96,96,18.1,18.1,18.0,1020.3,1020.4,1020.1,1.1,233,3.5,-0.36,0.6
A765,04/07/2018,20,20.0,20.5,19.9,90,90,86,18.3,18.3,17.9,1017.4,1017.5,1017.3,1.2,147,4.1,202.4,0.0
A765,04/07/2018,17,21.4,21.7,20.0,84,90,83,18.5,18.9,18.1,1018.3,1019.3,1018.3,2.0,156,3.7,1569.,0.0
A765,04/07/2018,04,18.3,18.4,18.3,97,97,97,17.8,17.9,17.8,1020.0,1020.2,1020.0,0.6,209,2.5,-0.20,0.4
A765,04/07/2018,18,21.0,22.0,21.0,84,85,82,18.1,19.2,17.9,1017.8,1018.3,1017.7,2.0,163,4.1,1550.,0.0
A765,04/07/2018,11,18.1,18.2,17.9,97,97,97,17.7,17.8,17.4,1020.5,1020.5,1019.5,1.0,259,3.5,15.08,0.0
A765,04/07/2018,06,18.1,18.3,18.1,97,97,97,17.6,17.8,17.6,1019.6,1019.9,1019.4,0.6,249,2.1,-0.01,0.4
A765,04/07/2018,19,20.5,21.3,20.4,86,87,82,18.1,18.5,17.9,1017.5,1017.8,1017.5,1.4,158,4.1,713.5,0.0
A765,04/07/2018,12,18.4,18.5,18.1,96,97,96,17.8,18.0,17.6,1020.5,1020.6,1020.3,0.8,281,2.3,244.9,0.0
A765,04/07/2018,22,19.7,19.9,19.6,93,93,91,18.4,18.6,18.2,1018.3,1018.3,1017.9,0.6,271,2.3,-0.19,0.0
A765,04/07/2018,00,18.7,19.1,18.7,96,96,96,18.1,18.4,18.1,1020.1,1020.2,1019.7,1.5,232,4.7,-0.56,1.0
A765,04/07/2018,21,19.9,20.1,19.8,91,91,90,18.3,18.5,18.2,1017.9,1017.9,1017.4,0.7,185,2.8,70.17,0.0
A765,04/07/2018,10,18.0,18.0,17.9,97,97,97,17.6,17.6,17.4,1019.5,1019.8,1019.4,0.6,268,1.7,-0.11,0.2
A765,04/07/2018,16,20.0,20.8,19.9,89,90,87,18.2,18.9,18.1,1019.3,1020.1,1019.3,2.2,152,3.8,1165.,0.2
A765,04/07/2018,08,18.1,18.2,18.0,97,97,97,17.6,17.7,17.5,1019.2,1019.4,1019.2,1.1,298,2.1,-0.32,0.6
A765,04/07/2018,09,18.0,18.2,17.9,97,97,97,17.5,17.7,17.5,1019.5,1019.6,1019.2,0.7,224,1.7,0.013,0.4
A765,04/07/2018,13,18.6,18.6,18.4,96,96,96,18.0,18.0,17.8,1021.1,1021.1,1020.5,1.2,227,2.0,247.0,0.0
A765,04/07/2018,15,19.9,20.6,18.8,89,96,88,18.0,18.9,18.0,1020.1,1021.1,1020.1,1.6,176,2.4,1178.,0.0
A765,04/07/2018,23,19.5,19.7,19.5,93,93,92,18.2,18.5,18.2,1018.7,1018.7,1018.3,1.0,206,2.1,-0.85,0.0
A765,04/07/2018,07,18.1,18.2,18.0,97,97,97,17.6,17.7,17.6,1019.3,1019.6,1019.3,0.8,234,1.6,-0.55,0.4
A765,04/07/2018,02,18.5,18.7,18.5,97,97,96,17.9,18.1,17.9,1020.3,1020.4,1020.3,0.8,235,3.0,-0.10,0.8
A765,04/07/2018,03,18.4,18.5,18.4,97,97,97,17.9,18.0,17.8,1020.1,1020.3,1020.1,0.9,238,2.4,-0.06,0.6
A765,04/07/2018,14,18.9,19.0,18.5,96,96,96,18.3,18.3,17.9,1021.1,1021.2,1021.0,0.9,240,2.6,449.7,0.2
A765,05/07/2018,05,17.5,17.8,17.3,97,97,96,16.9,17.3,16.8,1017.5,1018.0,1017.5,0.5,358,1.5,-3.55,0.0
A765,05/07/2018,01,19.0,19.3,19.0,95,95,94,18.2,18.5,18.1,1019.0,1019.0,1018.9,0.7,309,2.2,-3.00,0.0
A765,05/07/2018,21,21.2,21.8,21.1,90,90,87,19.4,19.6,19.3,1016.7,1016.7,1016.4,1.0,1,2.8,46.95,0.0
A765,05/07/2018,06,17.3,17.5,17.2,97,97,97,16.8,16.9,16.6,1016.9,1017.5,1016.9,0.8,289,1.8,-3.55,0.0
A765,05/07/2018,19,22.0,23.4,21.9,85,86,80,19.5,20.0,19.3,1016.4,1016.4,1016.2,2.1,121,5.0,903.7,0.0
A765,05/07/2018,18,23.1,24.1,22.7,81,83,78,19.6,20.3,19.3,1016.2,1016.4,1016.2,2.7,111,5.0,1787.,0.0
A765,05/07/2018,20,21.8,22.1,21.6,87,87,85,19.5,19.6,19.2,1016.4,1016.5,1016.3,1.4,108,4.1,260.3,0.0
A765,05/07/2018,22,21.1,21.2,21.1,90,90,90,19.4,19.6,19.4,1016.9,1016.9,1016.7,0.5,29,2.8,0.278,0.0
A765,05/07/2018,04,17.8,18.2,17.7,97,97,96,17.2,17.6,17.1,1017.9,1018.4,1017.9,0.6,308,1.5,-3.54,0.0
A765,05/07/2018,16,23.6,23.9,22.7,80,81,76,19.9,19.9,18.9,1017.0,1017.9,1017.0,1.8,113,4.0,2258.,0.2
A765,05/07/2018,12,19.2,19.2,18.0,97,97,97,18.6,18.6,17.6,1019.0,1019.0,1018.4,0.6,242,1.8,388.0,0.0
A765,05/07/2018,09,17.6,17.7,16.6,97,97,97,17.1,17.3,16.1,1017.1,1017.1,1016.7,1.5,203,4.2,-1.22,0.0
A765,05/07/2018,08,16.6,17.1,16.6,97,97,97,16.2,16.7,16.1,1016.7,1016.7,1016.6,1.0,236,2.6,-2.88,0.0
A765,05/07/2018,10,17.7,18.0,17.5,97,98,97,17.3,17.5,17.1,1017.8,1017.8,1017.1,1.0,268,3.3,-2.00,0.0
A765,05/07/2018,23,20.9,21.1,20.9,92,92,90,19.5,19.5,19.4,1017.3,1017.3,1016.9,0.8,278,1.4,-0.01,0.0
A765,05/07/2018,07,16.7,17.3,16.6,97,97,97,16.2,16.8,16.1,1016.7,1017.0,1016.6,0.6,182,1.2,-3.47,0.0
A765,05/07/2018,11,18.0,18.0,17.6,97,97,97,17.5,17.5,17.2,1018.4,1018.4,1017.8,1.1,271,2.2,48.60,0.0
A765,05/07/2018,14,22.4,22.4,20.2,81,91,80,19.0,19.3,18.4,1019.0,1019.4,1019.0,0.9,48,2.4,1559.,0.0
A765,05/07/2018,15,23.6,23.9,21.8,78,81,76,19.4,19.7,18.0,1017.9,1019.0,1017.9,1.2,107,3.1,2097.,0.0
A765,05/07/2018,13,20.2,20.2,19.1,91,97,91,18.7,18.9,18.5,1019.4,1019.4,1019.0,0.6,258,1.9,753.1,0.0
A765,05/07/2018,03,18.2,18.5,18.0,96,96,96,17.6,17.9,17.4,1018.4,1018.9,1018.4,1.0,279,1.5,-3.48,0.0
A765,05/07/2018,00,19.3,19.5,19.3,94,94,93,18.3,18.4,18.2,1018.9,1018.9,1018.7,0.9,221,2.2,-0.88,0.0
A765,05/07/2018,02,18.5,19.0,18.3,96,96,95,17.8,18.2,17.6,1018.9,1019.0,1018.8,0.7,312,1.5,-3.38,0.0
A765,05/07/2018,17,23.7,24.0,22.9,80,82,77,20.1,20.2,19.3,1016.4,1017.0,1016.4,2.2,110,4.2,2156.,0.0
A765,06/07/2018,06,19.4,19.8,19.4,95,95,95,18.5,19.0,18.5,1017.8,1017.8,1017.5,0.8,304,3.3,0.529,0.0
A765,06/07/2018,17,23.7,24.1,23.2,78,81,77,19.6,20.4,19.4,1017.4,1018.4,1017.4,2.5,117,4.8,2053.,0.0
A765,06/07/2018,23,21.0,21.2,21.0,94,94,92,20.0,20.0,19.8,1019.0,1019.0,1018.6,1.1,283,1.9,-2.62,0.0
A765,06/07/2018,07,19.7,19.7,19.4,94,95,94,18.6,18.7,18.5,1017.8,1017.8,1017.7,1.1,302,2.4,0.007,0.0
A765,06/07/2018,22,21.2,21.8,21.2,92,92,88,19.9,19.9,19.7,1018.6,1018.7,1018.6,0.7,291,3.6,-2.33,0.0
A765,06/07/2018,16,23.6,24.1,23.0,79,80,76,19.7,20.1,19.2,1018.4,1019.3,1018.4,2.7,114,4.9,2171.,0.0
A765,06/07/2018,11,18.6,18.6,18.3,95,95,94,17.8,17.9,17.5,1019.5,1019.5,1018.9,0.8,276,1.6,74.09,0.0
A765,06/07/2018,10,18.5,19.5,18.5,94,94,92,17.5,18.1,17.5,1018.9,1018.9,1018.2,0.8,292,2.1,-3.29,0.0
A765,06/07/2018,04,19.7,20.1,19.7,94,94,93,18.7,18.9,18.6,1017.4,1017.6,1017.4,0.9,323,2.2,-0.19,0.0
A765,06/07/2018,03,20.1,20.3,20.1,93,93,92,18.9,19.1,18.9,1017.6,1017.6,1017.5,0.7,351,1.4,-0.19,0.0
A765,06/07/2018,08,19.7,19.8,19.5,94,94,94,18.7,18.8,18.5,1017.9,1018.0,1017.7,0.8,280,2.2,-0.20,0.0
A765,06/07/2018,00,20.3,20.9,20.3,92,92,91,19.0,19.5,19.0,1017.7,1017.7,1017.3,1.2,317,1.8,0.456,0.0
A765,06/07/2018,15,23.0,23.5,22.5,79,82,77,19.1,19.7,18.9,1019.3,1020.1,1019.3,1.7,119,3.5,1494.,0.0
A765,06/07/2018,14,22.9,22.9,22.1,81,83,80,19.4,19.6,18.7,1020.1,1020.3,1020.1,1.3,115,3.2,1147.,0.0
A765,06/07/2018,12,19.9,19.9,18.6,94,95,94,18.9,18.9,17.8,1020.0,1020.0,1019.5,0.4,309,1.5,377.7,0.0
A765,06/07/2018,13,22.3,22.3,19.9,81,94,80,18.9,19.2,18.4,1020.3,1020.3,1020.0,0.6,71,1.5,699.5,0.0
A765,06/07/2018,02,20.3,20.3,20.2,93,93,92,19.0,19.1,18.9,1017.6,1017.6,1017.5,0.5,287,1.7,0.180,0.0
A765,06/07/2018,05,19.8,19.8,19.6,95,95,94,18.9,18.9,18.7,1017.5,1017.5,1017.3,1.1,291,2.1,0.324,0.0
A765,06/07/2018,18,24.0,24.4,23.0,78,81,75,19.9,20.1,19.2,1016.6,1017.4,1016.6,2.5,102,5.1,1741.,0.0
A765,06/07/2018,19,24.3,24.3,23.5,79,81,77,20.5,20.5,19.6,1015.6,1016.6,1015.6,1.0,360,4.5,1126.,0.0
A765,06/07/2018,01,20.2,20.4,20.2,93,93,92,19.0,19.1,19.0,1017.6,1017.8,1017.6,1.0,309,2.1,-0.03,0.0
A765,06/07/2018,21,21.8,22.2,21.8,88,88,85,19.8,19.8,19.5,1018.6,1018.6,1017.1,1.7,128,10.2,36.23,0.0
A765,06/07/2018,09,19.5,19.8,19.5,92,94,91,18.1,18.8,18.1,1018.2,1018.2,1017.9,0.8,289,2.7,-0.95,0.0
A765,06/07/2018,20,22.2,25.0,22.2,85,85,77,19.5,20.8,19.5,1017.1,1017.1,1015.5,3.5,151,10.2,640.8,0.0
A765,07/07/2018,21,21.5,22.2,21.5,89,89,86,19.6,19.7,19.5,1015.5,1015.5,1014.9,1.1,98,3.0,93.91,0.0
A765,07/07/2018,16,24.0,25.2,23.9,74,75,69,18.9,19.9,18.2,1016.6,1017.8,1016.6,2.0,116,3.6,2017.,0.0
A765,07/07/2018,06,20.3,20.5,20.2,95,95,94,19.5,19.6,19.3,1018.0,1018.7,1018.0,0.4,301,1.2,-1.31,0.0
A765,07/07/2018,22,20.7,21.5,20.7,93,93,89,19.5,19.7,19.4,1015.7,1015.7,1015.5,0.4,357,2.1,-2.68,0.0
A765,07/07/2018,20,22.1,23.1,22.1,86,86,80,19.6,19.8,19.2,1014.9,1014.9,1014.7,1.8,94,3.8,464.2,0.0
A765,07/07/2018,09,19.8,20.2,19.8,96,97,96,19.1,19.7,19.1,1017.8,1017.8,1017.7,0.8,340,2.0,-1.04,0.0
A765,07/07/2018,08,20.0,20.3,20.0,96,96,96,19.4,19.6,19.4,1017.7,1017.7,1017.5,0.9,223,1.7,-2.26,0.0
A765,07/07/2018,15,24.5,24.5,22.7,74,79,72,19.6,19.8,17.8,1017.8,1018.8,1017.8,1.5,107,3.2,1900.,0.0
A765,07/07/2018,02,21.0,21.1,21.0,95,95,94,20.1,20.2,20.0,1019.5,1019.6,1019.4,0.4,338,1.6,-0.56,0.0
A765,07/07/2018,01,21.0,21.1,20.9,94,94,94,20.1,20.2,20.0,1019.6,1019.6,1019.4,0.8,285,1.2,-1.09,0.0
A765,07/07/2018,23,19.8,20.7,19.8,94,94,93,18.8,19.5,18.8,1015.9,1016.0,1015.7,1.5,336,2.6,-3.58,0.0
A765,07/07/2018,10,19.3,19.8,19.3,96,97,96,18.7,19.2,18.7,1018.4,1018.4,1017.8,0.7,291,1.5,-2.32,0.0
A765,07/07/2018,12,20.0,20.0,19.1,97,97,97,19.6,19.6,18.6,1019.2,1019.2,1018.9,0.6,256,1.9,402.1,0.0
A765,07/07/2018,07,20.3,20.5,20.2,96,96,95,19.6,19.7,19.5,1017.6,1018.0,1017.6,0.6,331,1.0,-1.62,0.0
A765,07/07/2018,03,20.9,21.0,20.9,95,95,95,20.0,20.2,20.0,1019.3,1019.5,1019.3,0.6,242,1.4,-0.48,0.0
A765,07/07/2018,11,19.1,19.3,19.0,97,97,96,18.6,18.7,18.4,1018.9,1018.9,1018.4,0.6,311,1.2,80.61,0.0
A765,07/07/2018,00,21.0,21.1,20.9,94,94,94,20.0,20.1,19.9,1019.4,1019.4,1019.0,0.7,302,1.6,-1.52,0.0
A765,07/07/2018,04,20.7,20.9,20.7,95,95,94,19.8,20.0,19.8,1019.2,1019.3,1019.2,0.9,310,1.5,-0.34,0.0
A765,07/07/2018,14,22.7,22.7,21.6,78,91,78,18.6,20.1,18.6,1018.8,1019.3,1018.8,0.8,290,1.5,1062.,0.0
A765,07/07/2018,13,21.6,21.7,20.0,91,97,90,20.0,20.0,19.5,1019.3,1019.4,1019.2,0.6,199,1.8,627.9,0.0
A765,07/07/2018,17,24.2,24.7,23.6,76,77,70,19.7,19.9,18.4,1015.5,1016.6,1015.5,2.4,121,4.2,1645.,0.0
A765,07/07/2018,19,22.9,23.9,22.8,83,83,78,19.8,20.1,19.5,1014.7,1015.0,1014.7,1.8,120,4.4,977.8,0.0
A765,07/07/2018,05,20.5,20.7,20.4,94,95,94,19.6,19.8,19.5,1018.7,1019.3,1018.7,0.6,1,1.6,-1.34,0.0
A765,07/07/2018,18,23.8,24.5,23.5,78,79,74,19.9,20.0,19.2,1015.0,1015.5,1015.0,2.6,121,4.9,1674.,0.0
A765,08/07/2018,09,18.9,19.0,18.1,79,85,78,15.1,16.0,15.1,1013.4,1013.5,1013.2,0.9,252,3.4,-3.60,0.0
A765,08/07/2018,20,28.4,31.6,28.4,48,,,16.1,,,1012.9,1012.9,1012.3,1.2,126,4.0,650.1,0.0
A765,08/07/2018,02,18.2,18.7,18.0,95,96,95,17.4,18.0,17.3,1015.4,1015.7,1015.3,0.7,296,1.4,-3.58,0.0
A765,08/07/2018,21,24.1,28.6,24.1,65,66,47,17.1,17.9,16.0,1013.5,1013.5,1012.9,1.2,331,3.6,101.5,0.0
A765,08/07/2018,08,18.8,19.0,17.6,81,90,81,15.4,16.8,15.1,1013.4,1013.5,1013.3,1.0,292,3.4,-3.60,0.0
A765,08/07/2018,06,17.5,17.7,17.3,96,96,96,16.8,17.1,16.6,1013.7,1014.3,1013.7,0.6,141,1.5,-3.58,0.0
A765,08/07/2018,12,27.1,27.3,21.3,40,65,39,12.2,14.5,12.0,1014.6,1014.6,1014.3,4.8,282,9.5,508.3,0.0
A765,08/07/2018,01,18.6,19.1,18.6,95,96,94,17.9,18.2,17.9,1015.7,1015.9,1015.7,0.4,325,1.1,-3.59,0.0
A765,08/07/2018,11,21.4,21.5,19.4,64,74,63,14.2,15.2,13.7,1014.3,1014.3,1013.8,1.6,259,5.4,61.09,0.0
A765,08/07/2018,22,22.7,24.1,22.5,73,76,65,17.6,18.1,16.9,1014.0,1014.0,1013.5,0.6,42,2.7,-3.51,0.0
A765,08/07/2018,10,19.4,19.9,18.1,74,82,74,14.7,15.8,14.6,1013.8,1013.8,1013.4,1.0,231,3.4,-3.59,0.0
A765,08/07/2018,15,30.4,30.4,29.5,,37,34,,,,1013.9,1014.4,1013.9,4.3,312,7.8,2237.,0.0
A765,08/07/2018,00,19.1,19.8,19.1,94,94,94,18.2,18.8,18.2,1015.9,1016.0,1015.9,0.5,207,2.6,-3.60,0.0
A765,08/07/2018,23,20.6,22.7,20.6,84,84,70,17.8,17.9,16.8,1014.7,1014.7,1014.0,0.3,229,2.1,-3.60,0.0
A765,08/07/2018,14,29.5,29.6,28.6,36,37,34,12.7,12.7,11.7,1014.4,1014.7,1014.4,4.5,302,10.4,1888.,0.0
A765,08/07/2018,04,18.1,19.2,18.1,96,96,96,17.4,18.5,17.4,1014.8,1015.2,1014.8,1.2,296,4.2,-3.48,0.0
A765,08/07/2018,03,18.8,18.8,17.9,96,96,95,18.1,18.1,17.1,1015.2,1015.4,1015.1,1.7,215,4.1,-3.56,0.0
A765,08/07/2018,13,28.8,28.8,26.7,35,45,34,11.7,13.5,11.7,1014.6,1014.8,1014.6,5.5,292,10.4,339.5,0.0
A765,08/07/2018,07,17.6,17.8,17.2,90,96,90,15.9,17.1,15.9,1013.4,1013.7,1013.4,0.6,1,3.2,-3.35,0.0
A765,08/07/2018,16,31.7,31.8,30.4,,,,,,,1013.4,1013.9,1013.4,2.0,313,7.9,2343.,0.0
A765,08/07/2018,05,17.5,18.1,17.5,96,96,95,16.7,17.4,16.7,1014.2,1014.8,1014.2,0.8,221,2.1,-3.50,0.0
A765,08/07/2018,19,31.5,32.9,31.5,,,,,,,1012.3,1012.4,1012.2,1.2,131,3.9,1286.,0.0
A765,08/07/2018,18,32.3,32.9,31.1,,,,,,,1012.4,1012.8,1012.4,2.2,220,5.1,1878.,0.0
A765,08/07/2018,17,32.1,32.4,31.2,,,,,,,1012.7,1013.4,1012.7,2.0,257,6.0,2253.,0.0
A765,09/07/2018,04,20.1,20.1,18.9,79,90,79,16.4,17.1,16.4,1014.4,1014.4,1014.2,1.0,197,3.7,-3.58,0.0
A765,09/07/2018,18,19.3,19.4,18.7,86,92,85,16.9,17.4,16.7,1017.9,1018.1,1017.9,1.0,233,4.2,387.5,0.0
A765,09/07/2018,05,21.3,21.5,19.0,77,87,71,17.1,17.1,15.9,1015.6,1015.6,1014.4,1.9,190,8.1,-2.85,0.0
A765,09/07/2018,22,17.9,18.2,17.9,91,91,90,16.4,16.8,16.3,1019.8,1019.8,1019.0,1.1,233,3.0,-2.84,0.0
A765,09/07/2018,06,21.3,22.7,21.3,82,82,69,18.2,18.2,16.6,1016.4,1016.4,1015.6,4.0,201,8.7,-3.47,0.0
A765,09/07/2018,21,18.2,19.0,18.2,90,90,85,16.5,16.9,16.2,1019.1,1019.1,1018.9,1.0,3,2.7,13.45,0.0
A765,09/07/2018,17,18.8,19.9,18.8,91,93,91,17.3,18.7,17.3,1018.1,1018.5,1018.0,2.1,198,4.4,366.2,0.2
A765,09/07/2018,08,20.4,21.6,20.4,83,83,76,17.4,17.9,16.9,1017.0,1017.2,1017.0,1.1,230,6.1,-3.32,0.0
A765,09/07/2018,12,20.6,20.6,20.2,89,91,89,18.7,18.8,18.6,1018.8,1018.8,1017.9,1.1,220,2.8,133.5,0.0
A765,09/07/2018,10,19.2,19.8,19.2,90,91,85,17.6,17.8,17.2,1017.4,1017.4,1017.0,0.6,313,1.7,-2.98,0.0
A765,09/07/2018,20,18.7,18.7,18.4,89,93,89,16.8,17.3,16.8,1018.9,1018.9,1018.4,0.6,21,2.9,94.79,0.0
A765,09/07/2018,03,18.9,19.0,18.7,90,91,89,17.2,17.5,17.0,1014.3,1014.6,1014.3,0.8,257,1.7,-3.55,0.0
A765,09/07/2018,19,18.6,19.3,18.5,92,92,85,17.2,17.2,16.6,1018.4,1018.4,1017.9,1.2,4,2.5,101.2,0.0
A765,09/07/2018,09,19.8,20.5,19.8,85,85,83,17.3,17.7,17.2,1017.0,1017.1,1016.9,0.8,321,2.2,-1.35,0.0
A765,09/07/2018,00,20.2,20.6,20.0,80,88,80,16.7,18.2,16.6,1014.6,1014.7,1014.6,0.6,65,3.1,-3.60,0.0
A765,09/07/2018,11,20.2,20.2,19.2,91,92,90,18.6,18.6,17.6,1017.9,1017.9,1017.4,0.9,202,2.6,32.55,0.0
A765,09/07/2018,23,17.4,17.9,17.4,95,95,91,16.6,16.6,16.3,1020.3,1020.3,1019.7,1.5,218,3.7,-1.69,0.2
A765,09/07/2018,01,19.6,20.6,19.3,85,87,77,16.9,17.5,16.5,1014.7,1014.8,1014.6,0.6,121,2.6,-3.60,0.0
A765,09/07/2018,02,18.7,19.7,18.7,90,90,84,17.1,17.3,16.8,1014.6,1014.7,1014.5,0.6,265,1.7,-3.60,0.0
A765,09/07/2018,13,20.8,21.0,20.6,88,89,88,18.8,19.1,18.7,1019.3,1019.4,1018.8,1.3,170,3.3,170.1,0.0
A765,09/07/2018,14,20.6,20.9,20.5,91,92,88,19.1,19.2,18.8,1019.4,1019.5,1019.3,0.8,212,3.0,166.7,0.0
A765,09/07/2018,15,19.8,20.6,19.7,92,92,91,18.4,19.2,18.3,1019.1,1019.4,1019.1,1.2,222,3.4,174.3,0.0
A765,09/07/2018,16,19.8,20.0,19.7,92,93,92,18.5,18.8,18.4,1018.5,1019.1,1018.5,1.2,213,2.9,306.8,0.0
A765,09/07/2018,07,21.2,21.4,21.0,79,82,77,17.4,18.1,17.2,1017.2,1017.2,1016.4,2.3,246,9.7,-3.36,0.0
A765,10/07/2018,10,17.0,17.0,16.5,74,89,74,12.3,14.8,12.3,1020.8,1020.8,1020.1,1.0,250,2.1,-1.70,0.0
A765,10/07/2018,09,16.6,16.7,16.2,88,91,88,14.6,14.9,14.3,1020.2,1020.2,1019.8,0.7,347,2.4,-1.12,0.0
A765,10/07/2018,06,17.1,17.2,16.4,77,87,76,13.2,14.2,13.0,1019.8,1020.1,1019.8,1.5,314,4.5,-1.59,0.0
A765,10/07/2018,11,16.5,17.4,16.4,76,78,71,12.1,13.2,11.5,1021.5,1021.5,1020.8,1.4,243,5.2,1.622,0.0
A765,10/07/2018,00,17.1,17.4,17.1,96,96,95,16.5,16.6,16.4,1020.8,1020.8,1020.3,1.1,214,4.6,-0.48,0.8
A765,10/07/2018,23,15.8,16.2,15.5,79,84,76,12.2,12.9,12.0,1023.6,1023.6,1023.2,1.6,223,4.1,-3.59,0.0
A765,10/07/2018,01,17.1,17.3,17.0,95,96,95,16.4,16.6,16.3,1020.5,1020.8,1020.4,1.3,228,2.5,-0.59,0.0
A765,10/07/2018,03,16.3,17.1,16.3,95,96,95,15.6,16.4,15.6,1020.8,1020.8,1020.6,2.2,218,7.2,-0.31,0.2
A765,10/07/2018,12,16.8,17.2,16.4,73,76,72,11.9,12.8,11.6,1022.3,1022.3,1021.5,2.0,252,6.0,44.96,0.0
A765,10/07/2018,13,14.8,16.8,14.8,92,92,73,13.5,13.5,12.0,1023.3,1023.3,1022.3,2.0,203,5.3,90.30,0.6
A765,10/07/2018,05,17.0,17.1,16.0,83,95,82,14.0,15.3,13.8,1020.0,1020.5,1020.0,2.2,291,6.3,-2.63,0.0
A765,10/07/2018,07,16.4,17.1,16.3,84,86,77,13.7,13.9,13.1,1019.7,1019.8,1019.7,0.4,92,2.5,-0.98,0.0
A765,10/07/2018,02,17.0,17.2,17.0,96,96,95,16.3,16.5,16.3,1020.7,1020.7,1020.5,0.9,221,2.4,-0.42,0.0
A765,10/07/2018,17,16.1,16.5,15.8,80,83,78,12.7,13.0,12.2,1022.0,1022.4,1021.9,1.7,243,9.5,324.3,0.0
A765,10/07/2018,15,15.8,15.8,14.9,86,92,86,13.5,14.0,13.5,1023.1,1023.7,1023.1,2.6,267,6.8,558.9,0.2
A765,10/07/2018,14,15.0,15.3,14.8,92,94,92,13.7,14.3,13.5,1023.6,1023.6,1023.3,2.7,240,7.3,303.1,1.2
A765,10/07/2018,16,15.9,16.4,15.8,81,87,79,12.7,13.7,12.5,1022.4,1023.1,1022.3,4.2,262,9.4,624.5,0.0
A765,10/07/2018,22,16.2,17.1,16.2,76,77,73,12.0,12.8,11.8,1023.2,1023.2,1022.7,1.3,250,5.9,-3.25,0.0
A765,10/07/2018,20,16.4,16.5,15.7,81,88,81,13.2,14.0,13.2,1022.3,1022.3,1021.8,0.9,237,2.0,124.6,0.2
A765,10/07/2018,18,16.5,17.2,15.8,81,85,76,13.1,13.7,12.8,1021.8,1022.0,1021.3,1.7,240,5.0,455.6,0.0
A765,10/07/2018,04,16.0,16.3,15.9,95,96,95,15.2,15.6,15.1,1020.5,1020.8,1020.5,2.0,235,7.2,-0.96,0.0
A765,10/07/2018,19,15.7,16.5,15.5,88,89,80,13.6,13.7,12.8,1021.8,1021.9,1021.7,0.9,229,5.5,166.6,0.0
A765,10/07/2018,21,16.6,17.0,16.4,75,82,75,12.2,13.4,12.2,1022.7,1022.7,1022.3,1.6,250,5.0,42.93,0.0
A765,10/07/2018,08,16.5,16.9,16.3,90,90,82,14.8,14.8,13.5,1019.8,1019.8,1019.6,0.9,260,1.7,-1.06,0.0
A765,11/07/2018,04,16.3,16.9,15.9,72,74,70,11.4,12.0,11.1,1023.2,1023.5,1023.2,1.3,244,6.1,-2.95,0.0
A765,11/07/2018,00,16.1,16.2,15.1,77,83,77,12.1,12.7,12.1,1023.7,1023.7,1023.6,2.2,258,5.8,-3.60,0.2
A765,11/07/2018,17,18.0,18.2,17.6,73,75,69,13.1,13.4,12.3,1023.2,1023.7,1023.2,3.2,254,7.5,750.5,0.0
A765,11/07/2018,15,18.4,18.4,17.5,71,75,69,13.0,13.3,12.4,1024.2,1024.7,1024.2,2.0,249,8.2,1086.,0.0
A765,11/07/2018,22,16.4,17.4,16.3,86,87,78,14.1,14.3,13.4,1024.1,1024.1,1023.7,1.8,329,3.5,-0.95,0.0
A765,11/07/2018,08,15.1,15.3,14.9,87,88,84,12.9,13.1,12.6,1021.7,1022.2,1021.7,2.2,223,5.6,-3.59,0.0
A765,11/07/2018,10,16.1,16.2,15.3,80,85,80,12.7,13.3,12.5,1022.5,1022.5,1022.0,2.0,251,5.3,-3.53,0.0
A765,11/07/2018,23,16.0,16.4,15.9,89,89,86,14.1,14.4,13.8,1024.6,1024.6,1024.1,1.5,332,2.9,-1.37,0.0
A765,11/07/2018,02,16.6,16.8,15.9,75,79,73,12.0,12.7,11.5,1023.9,1024.0,1023.8,2.7,273,5.4,-3.60,0.0
A765,11/07/2018,14,17.6,18.2,17.5,75,76,70,13.0,13.2,12.1,1024.7,1024.7,1024.3,3.6,258,7.8,1437.,0.0
A765,11/07/2018,11,15.9,16.1,15.7,81,83,78,12.6,13.1,12.3,1023.2,1023.2,1022.5,1.3,197,4.7,40.69,0.0
A765,11/07/2018,01,16.3,16.6,15.9,76,78,74,12.0,12.5,11.4,1023.8,1023.8,1023.7,2.0,265,6.8,-3.60,0.0
A765,11/07/2018,07,14.9,16.2,14.9,87,87,77,12.8,12.8,12.0,1022.2,1022.6,1022.2,1.9,189,8.0,-2.80,0.0
A765,11/07/2018,06,16.2,17.0,16.2,78,78,71,12.3,12.3,11.5,1022.6,1022.8,1022.5,2.5,242,8.0,-2.86,0.0
A765,11/07/2018,09,15.4,15.4,14.8,85,89,85,12.8,13.1,12.8,1022.0,1022.0,1021.7,1.9,223,5.4,-3.59,0.0
A765,11/07/2018,13,17.5,17.5,16.5,76,78,73,13.2,13.2,12.4,1024.4,1024.4,1023.8,2.8,255,8.0,769.4,0.0
A765,11/07/2018,12,16.7,16.8,15.7,77,82,76,12.6,12.9,12.4,1023.8,1023.8,1023.2,1.9,262,5.4,307.6,0.0
A765,11/07/2018,21,17.3,17.5,17.0,79,82,76,13.6,13.9,13.1,1023.7,1023.7,1023.2,1.8,278,5.9,38.99,0.0
A765,11/07/2018,05,16.9,17.0,16.3,72,75,70,11.8,12.0,11.2,1022.8,1023.2,1022.8,2.2,245,7.1,-2.49,0.0
A765,11/07/2018,16,18.2,19.1,18.0,71,72,66,12.8,13.4,12.4,1023.7,1024.2,1023.7,2.3,245,7.8,1801.,0.0
A765,11/07/2018,20,17.4,17.9,17.3,78,81,73,13.5,14.0,13.0,1023.2,1023.3,1023.0,1.7,252,6.3,214.5,0.0
A765,11/07/2018,03,16.1,16.9,16.1,73,76,72,11.1,12.3,11.1,1023.5,1023.9,1023.4,1.1,248,6.5,-3.56,0.0
A765,11/07/2018,19,17.9,18.9,17.9,74,74,69,13.2,13.5,12.7,1023.0,1023.1,1022.9,2.7,230,7.6,948.3,0.0
A765,11/07/2018,18,18.1,18.5,17.9,72,75,71,12.9,13.6,12.7,1023.1,1023.2,1023.0,3.1,236,7.6,1012.,0.2
A765,12/07/2018,19,18.0,18.5,18.0,70,71,68,12.5,12.8,12.4,1022.3,1022.9,1022.3,1.6,164,4.4,504.4,0.0
A765,12/07/2018,08,13.6,14.4,13.2,93,94,92,12.5,13.3,12.2,1023.2,1023.6,1023.2,1.0,307,2.3,-3.59,0.0
A765,12/07/2018,23,16.3,16.7,16.3,86,87,85,13.9,14.5,13.9,1023.1,1023.2,1022.7,0.7,200,2.4,-0.66,0.0
A765,12/07/2018,00,15.9,16.3,15.7,88,89,87,13.9,14.4,13.8,1025.0,1025.0,1024.6,1.6,302,3.2,-2.34,0.0
A765,12/07/2018,18,18.3,18.7,18.1,70,70,65,12.7,12.7,12.0,1022.9,1023.4,1022.9,1.8,158,5.4,646.7,0.0
A765,12/07/2018,21,16.8,17.7,16.7,77,77,72,12.8,12.9,12.4,1022.2,1022.3,1022.0,0.7,178,2.4,87.56,0.0
A765,12/07/2018,17,18.5,20.0,18.5,65,67,60,11.8,12.9,11.8,1023.4,1024.3,1023.3,2.8,158,6.3,2105.,0.0
A765,12/07/2018,01,16.1,16.3,15.8,89,89,87,14.4,14.4,13.9,1025.3,1025.4,1025.0,0.9,325,2.9,-2.63,0.0
A765,12/07/2018,06,15.2,15.7,15.2,92,93,91,13.9,14.3,13.9,1023.8,1024.5,1023.8,0.4,82,2.0,-3.02,0.0
A765,12/07/2018,22,16.5,16.8,16.4,87,87,77,14.3,14.4,12.8,1022.7,1022.7,1022.2,1.4,287,2.4,-1.60,0.0
A765,12/07/2018,20,17.6,18.1,17.6,73,73,70,12.8,12.8,12.5,1022.2,1022.3,1022.1,1.2,161,3.6,385.3,0.0
A765,12/07/2018,10,12.6,13.3,12.5,95,95,94,11.8,12.4,11.6,1024.3,1024.3,1023.4,1.0,256,2.3,-3.58,0.0
A765,12/07/2018,09,12.9,13.7,12.9,94,95,93,12.0,12.6,11.9,1023.4,1023.4,1023.2,0.8,271,2.0,-3.60,0.0
A765,12/07/2018,02,15.7,16.1,15.6,90,93,89,14.1,14.5,14.0,1025.2,1025.4,1025.1,1.5,341,2.4,-2.55,0.0
A765,12/07/2018,03,15.6,15.9,15.6,90,91,90,14.0,14.4,14.0,1025.1,1025.2,1025.0,0.7,210,2.4,-2.71,0.0
A765,12/07/2018,16,19.6,21.1,19.6,64,64,56,12.5,13.3,11.2,1024.3,1025.2,1024.3,2.7,153,5.6,2532.,0.0
A765,12/07/2018,11,13.2,13.2,12.5,94,96,94,12.3,12.5,11.8,1025.0,1025.0,1024.3,0.9,266,2.0,63.46,0.2
A765,12/07/2018,13,17.6,17.9,15.4,70,86,70,12.1,13.3,12.1,1025.9,1026.2,1025.8,1.8,193,3.5,685.6,0.0
A765,12/07/2018,07,14.1,15.1,14.1,92,93,92,12.8,14.0,12.8,1023.6,1023.8,1023.6,0.8,226,2.3,-3.60,0.0
A765,12/07/2018,12,15.4,15.4,13.2,86,94,86,13.1,13.5,12.2,1025.8,1025.8,1025.0,1.5,212,3.3,584.4,0.0
A765,12/07/2018,04,15.4,15.8,15.4,90,90,88,13.7,14.1,13.7,1024.9,1025.2,1024.9,1.3,227,2.9,-2.57,0.0
A765,12/07/2018,15,20.0,20.4,18.5,58,63,56,11.4,12.6,10.0,1025.2,1025.7,1025.2,2.3,120,4.6,2405.,0.0
A765,12/07/2018,14,18.6,18.9,17.6,61,72,59,10.9,12.6,10.4,1025.7,1026.1,1025.7,0.7,128,3.9,1768.,0.0
A765,12/07/2018,05,15.4,15.6,15.3,92,92,90,14.1,14.3,13.7,1024.5,1025.0,1024.5,0.7,246,2.9,-2.40,0.0
A765,13/07/2018,08,14.2,14.7,14.1,95,95,95,13.4,13.9,13.3,1020.8,1021.4,1020.8,0.7,213,1.6,-0.88,0.0
A765,13/07/2018,10,13.4,14.2,13.4,95,95,94,12.5,13.4,12.5,1021.0,1021.0,1020.4,0.9,241,2.6,-3.45,0.0
A765,13/07/2018,01,16.2,16.6,16.2,89,89,87,14.4,14.4,14.2,1023.1,1023.3,1023.1,0.3,16,1.2,-1.18,0.0
A765,13/07/2018,02,16.0,16.3,16.0,91,91,89,14.4,14.7,14.4,1023.1,1023.4,1023.1,0.4,230,1.4,-1.57,0.0
A765,13/07/2018,05,14.2,14.6,14.0,95,95,94,13.4,13.6,13.2,1022.2,1022.4,1022.2,0.8,296,1.2,-3.60,0.0
A765,13/07/2018,16,21.0,21.6,20.4,60,64,58,12.9,13.9,12.7,1020.4,1021.2,1020.3,2.4,118,5.3,2402.,0.0
A765,13/07/2018,06,13.8,14.2,13.6,95,96,95,13.0,13.5,12.8,1021.3,1022.2,1021.3,0.7,285,1.7,-3.60,0.0
A765,13/07/2018,22,16.8,18.1,16.8,90,90,82,15.2,15.2,14.9,1019.9,1019.9,1019.3,0.6,303,1.8,-3.60,0.0
A765,13/07/2018,20,20.1,20.9,20.1,69,69,64,14.2,14.3,13.6,1018.9,1019.1,1018.9,1.2,123,3.8,667.8,0.0
A765,13/07/2018,21,18.1,20.1,18.1,82,82,68,15.0,15.0,13.9,1019.3,1019.4,1018.9,0.7,321,2.7,110.5,0.0
A765,13/07/2018,19,20.9,21.5,20.5,64,65,61,13.8,14.1,13.3,1019.0,1019.0,1018.9,2.0,121,4.6,1351.,0.0
A765,13/07/2018,18,21.1,21.5,20.7,63,64,59,13.7,13.8,12.8,1019.0,1019.4,1019.0,2.4,114,4.9,1922.,0.0
A765,13/07/2018,00,16.5,16.6,16.2,87,88,86,14.3,14.4,13.9,1023.2,1023.3,1023.1,0.7,317,1.4,-0.56,0.0
A765,13/07/2018,09,13.9,14.2,13.8,94,95,94,12.9,13.4,12.9,1020.4,1020.8,1020.3,0.4,199,1.5,-3.16,0.0
A765,13/07/2018,03,15.3,16.0,15.3,93,93,91,14.1,14.6,14.1,1022.7,1023.1,1022.6,0.6,238,1.3,-3.54,0.0
A765,13/07/2018,07,14.3,14.4,13.6,95,96,95,13.5,13.6,12.9,1021.4,1021.5,1021.3,0.8,268,2.1,-0.85,0.0
A765,13/07/2018,23,16.1,16.8,16.1,92,93,90,14.8,15.1,14.7,1020.5,1020.5,1019.9,0.8,280,1.6,-3.60,0.0
A765,13/07/2018,04,14.5,15.3,14.5,94,94,93,13.6,14.1,13.5,1022.4,1022.7,1022.2,0.6,282,1.3,-3.60,0.0
A765,13/07/2018,12,16.6,16.6,13.5,85,94,85,14.0,14.3,12.6,1021.5,1021.5,1021.2,0.8,240,2.4,514.3,0.0
A765,13/07/2018,11,13.5,14.0,13.3,94,95,94,12.6,13.2,12.4,1021.3,1021.4,1021.0,0.6,253,2.5,77.40,0.0
A765,13/07/2018,13,18.7,18.9,16.4,66,85,66,12.3,14.3,12.3,1021.9,1021.9,1021.5,1.5,186,3.5,775.1,0.0
A765,13/07/2018,15,20.5,20.9,19.9,62,66,61,13.0,13.8,12.4,1021.2,1021.9,1021.1,2.1,155,4.7,2250.,0.0
A765,13/07/2018,17,21.2,21.7,20.8,59,61,57,13.0,13.6,12.6,1019.4,1020.4,1019.4,2.3,123,4.4,2290.,0.0
A765,13/07/2018,14,20.1,20.1,18.5,63,69,62,12.9,13.1,11.6,1021.8,1022.0,1021.8,1.3,167,4.5,1902.,0.0
A765,14/07/2018,18,22.4,23.8,22.0,74,75,62,17.4,17.7,16.0,1017.0,1017.7,1017.0,2.8,111,5.4,1955.,0.0
A765,14/07/2018,05,15.4,15.4,15.0,92,95,86,14.0,14.5,12.9,1019.6,1019.9,1019.5,1.0,249,2.2,-3.22,0.0
A765,14/07/2018,23,16.8,17.4,16.8,91,92,88,15.3,15.8,15.2,1016.8,1016.8,1016.4,0.6,320,1.5,-3.60,0.0
A765,14/07/2018,22,17.4,19.7,17.4,88,88,86,15.3,17.4,15.3,1016.4,1016.4,1016.3,0.3,353,1.8,-3.54,0.0
A765,14/07/2018,08,15.5,15.7,15.2,90,90,82,13.9,13.9,12.3,1018.8,1018.8,1018.5,0.7,14,2.8,-3.53,0.0
A765,14/07/2018,20,21.3,22.2,20.9,80,80,75,17.6,17.7,17.0,1016.0,1016.4,1016.0,2.0,100,4.9,710.5,0.0
A765,14/07/2018,02,15.1,15.7,15.1,93,94,93,14.1,14.7,14.0,1020.3,1020.5,1020.3,0.5,265,1.7,-3.60,0.0
A765,14/07/2018,06,15.6,15.7,15.2,93,93,90,14.5,14.6,13.7,1019.2,1019.5,1019.0,1.0,306,1.9,-3.23,0.0
A765,14/07/2018,17,23.4,24.1,22.7,66,73,52,16.7,17.8,13.5,1017.7,1018.3,1017.7,1.6,133,4.7,2292.,0.0
A765,14/07/2018,01,15.7,15.9,15.5,94,94,93,14.7,14.9,14.5,1020.5,1020.6,1020.4,0.5,307,1.4,-3.59,0.0
A765,14/07/2018,09,14.8,15.5,14.7,91,92,90,13.4,14.0,13.2,1019.1,1019.1,1018.8,0.5,301,2.1,-3.59,0.0
A765,14/07/2018,15,22.2,22.5,21.1,73,74,70,17.2,17.2,15.5,1019.2,1019.7,1019.2,1.7,112,4.3,2317.,0.0
A765,14/07/2018,11,14.1,14.1,13.4,94,95,92,13.1,13.1,12.4,1019.3,1019.4,1019.1,0.7,303,2.0,57.49,0.0
A765,14/07/2018,10,13.9,14.9,13.6,92,93,89,12.7,13.5,12.1,1019.2,1019.2,1018.9,1.1,318,2.0,-3.60,0.0
A765,14/07/2018,21,19.7,21.3,19.7,86,86,79,17.3,17.6,17.3,1016.3,1016.3,1015.9,0.8,105,3.4,116.4,0.0
A765,14/07/2018,12,16.9,16.9,14.1,87,94,87,14.7,14.7,13.1,1019.7,1019.7,1019.3,0.6,292,1.4,533.3,0.0
A765,14/07/2018,13,19.7,20.4,16.9,68,87,64,13.7,15.0,12.9,1019.9,1019.9,1019.7,0.7,333,1.7,854.9,0.0
A765,14/07/2018,16,22.9,23.2,21.8,72,74,67,17.5,17.5,16.3,1018.3,1019.2,1018.3,2.0,111,4.5,2453.,0.0
A765,14/07/2018,14,21.1,21.8,19.7,71,71,66,15.6,16.3,13.7,1019.6,1019.9,1019.6,1.7,117,3.5,1939.,0.0
A765,14/07/2018,00,15.8,16.3,15.8,93,93,92,14.6,15.2,14.6,1020.5,1020.7,1020.5,0.6,336,1.4,-3.60,0.0
A765,14/07/2018,19,22.1,22.8,21.8,75,77,73,17.5,17.9,17.2,1016.4,1017.0,1016.4,2.5,117,5.4,1400.,0.0
A765,14/07/2018,03,14.8,15.3,14.7,94,95,93,13.9,14.4,13.8,1020.1,1020.4,1020.1,0.6,270,1.3,-3.57,0.0
A765,14/07/2018,07,15.4,16.1,15.3,87,94,87,13.2,14.9,13.2,1018.7,1019.2,1018.6,1.3,313,2.8,-3.02,0.0
A765,14/07/2018,04,15.2,15.5,14.7,95,96,94,14.4,14.8,13.8,1019.9,1020.1,1019.8,0.9,306,2.2,-3.06,0.0
A765,15/07/2018,02,15.5,15.9,15.5,95,95,94,14.7,15.2,14.6,1017.2,1017.3,1017.2,0.6,307,1.7,-3.58,0.0
A765,15/07/2018,07,14.7,15.1,14.5,96,96,95,14.1,14.5,13.8,1015.8,1015.9,1015.7,1.1,236,3.1,-3.60,0.0
A765,15/07/2018,00,16.8,16.8,16.1,94,94,91,15.8,15.9,14.6,1017.0,1017.0,1016.8,0.7,273,1.6,-3.60,0.0
A765,15/07/2018,13,23.0,23.0,18.6,69,86,67,16.9,17.2,15.6,1018.5,1018.5,1018.1,0.6,203,2.1,1043.,0.2
A765,15/07/2018,03,15.0,15.8,14.7,94,95,94,14.0,15.0,13.8,1017.3,1017.3,1017.2,0.5,328,1.4,-3.59,0.0
A765,15/07/2018,10,15.0,15.5,15.0,94,95,94,14.0,14.7,14.0,1016.5,1016.5,1015.9,0.6,199,2.7,-3.36,0.0
A765,15/07/2018,05,14.9,15.1,14.8,95,96,95,14.1,14.4,14.0,1016.4,1017.0,1016.4,0.5,325,1.4,-3.60,0.0
A765,15/07/2018,18,26.0,26.3,24.8,55,64,55,16.2,18.0,16.2,1016.0,1016.2,1016.0,2.5,98,5.4,1925.,0.0
A765,15/07/2018,17,25.0,27.2,24.9,60,67,55,16.6,19.2,16.5,1016.2,1016.9,1016.2,3.4,81,5.0,2302.,0.0
A765,15/07/2018,23,18.9,19.9,18.9,92,92,88,17.5,18.1,17.5,1016.3,1016.3,1016.0,0.4,349,1.4,-3.60,0.0
A765,15/07/2018,08,15.3,15.4,14.7,96,96,96,14.6,14.8,14.0,1015.7,1015.8,1015.6,1.1,236,3.4,-3.59,0.0
A765,15/07/2018,09,15.5,15.8,15.2,95,96,95,14.6,15.0,14.5,1015.9,1015.9,1015.6,1.0,219,3.3,-3.59,0.0
A765,15/07/2018,06,14.8,14.9,14.4,96,96,95,14.2,14.2,13.6,1015.9,1016.4,1015.9,0.8,339,2.1,-3.60,0.0
A765,15/07/2018,22,19.9,22.2,19.9,88,88,72,17.8,17.9,16.8,1016.1,1016.1,1015.9,0.3,297,1.1,-3.57,0.0
A765,15/07/2018,20,26.5,27.0,26.2,50,57,50,15.1,17.5,15.1,1015.7,1015.7,1015.6,1.6,100,2.8,744.6,0.0
A765,15/07/2018,04,14.8,15.1,14.6,95,95,93,14.0,14.1,13.7,1017.0,1017.3,1016.9,0.5,267,1.6,-3.60,0.0
A765,15/07/2018,15,27.1,27.2,26.0,49,54,49,15.5,16.2,15.0,1018.0,1018.4,1018.0,1.4,91,2.6,2308.,0.0
A765,15/07/2018,11,15.8,15.8,14.9,93,95,93,14.7,14.7,13.9,1017.1,1017.1,1016.5,0.9,234,2.4,60.94,0.0
A765,15/07/2018,16,26.8,27.4,26.4,58,58,49,17.8,17.8,15.6,1016.9,1018.0,1016.9,1.9,88,3.8,2432.,0.0
A765,15/07/2018,14,26.0,26.0,22.9,54,69,54,15.9,17.5,15.4,1018.4,1018.6,1018.4,0.5,74,2.0,1960.,0.0
A765,15/07/2018,21,22.2,26.5,22.2,72,73,50,16.9,17.1,15.1,1015.9,1015.9,1015.7,0.5,22,2.8,122.9,0.0
A765,15/07/2018,12,18.6,18.6,15.8,86,93,85,16.2,16.2,14.8,1018.1,1018.1,1017.1,0.9,271,2.4,505.5,0.0
A765,15/07/2018,01,15.7,16.8,15.7,94,95,94,14.8,15.9,14.8,1017.3,1017.3,1017.0,1.0,328,1.7,-3.56,0.0
A765,15/07/2018,19,26.6,26.8,25.6,55,56,49,16.9,17.1,14.6,1015.7,1016.0,1015.7,1.0,105,4.3,1428.,0.0
A765,16/07/2018,00,18.8,19.1,18.4,89,92,88,16.9,17.6,16.6,1016.7,1016.7,1016.3,0.3,19,0.9,-3.60,0.0
A765,16/07/2018,09,16.7,16.9,16.5,88,91,88,14.6,15.2,14.6,1016.8,1016.8,1016.6,1.0,226,2.8,-3.60,0.0
A765,16/07/2018,11,17.8,18.0,16.4,84,89,80,15.1,15.1,14.3,1018.0,1018.0,1017.3,0.8,287,3.8,54.80,0.0
A765,16/07/2018,08,16.9,17.1,16.5,90,91,89,15.2,15.5,14.8,1016.8,1016.9,1016.8,1.1,229,2.8,-3.60,0.0
A765,16/07/2018,18,29.2,32.1,29.2,50,,,17.8,,,1017.3,1017.7,1017.3,1.7,103,3.7,2002.,0.0
A765,16/07/2018,06,17.1,17.2,16.5,91,94,91,15.6,16.0,15.5,1017.2,1017.4,1017.2,1.2,255,2.7,-3.59,0.0
A765,16/07/2018,22,20.5,23.6,20.5,79,81,63,16.8,17.6,16.2,1018.4,1018.4,1018.1,0.4,60,2.0,-3.50,0.0
A765,16/07/2018,02,17.7,18.1,17.6,94,94,93,16.7,17.0,16.7,1017.2,1017.2,1017.0,0.4,247,1.0,-3.60,0.0
A765,16/07/2018,21,23.7,27.6,23.7,63,69,47,16.3,17.7,15.4,1018.1,1018.1,1017.7,0.9,3,2.2,133.7,0.0
A765,16/07/2018,20,27.6,28.0,27.3,47,53,46,15.1,17.4,14.8,1017.7,1017.7,1017.5,1.4,107,3.4,782.0,0.0
A765,16/07/2018,13,24.2,24.5,21.0,60,75,57,16.0,17.2,15.3,1019.3,1019.3,1018.7,1.1,200,2.5,1052.,0.0
A765,16/07/2018,03,18.0,18.3,17.3,90,95,90,16.3,17.0,16.3,1017.5,1017.5,1017.2,1.2,256,3.0,-3.59,0.0
A765,16/07/2018,10,16.6,17.5,16.2,87,88,82,14.5,14.8,13.9,1017.3,1017.4,1016.8,1.0,282,3.5,-3.60,0.0
A765,16/07/2018,12,21.0,21.0,17.7,75,84,75,16.4,16.5,14.6,1018.7,1018.7,1018.0,0.8,151,3.0,512.0,0.0
A765,16/07/2018,14,27.1,27.1,24.2,51,60,50,15.9,16.5,15.4,1019.5,1019.6,1019.3,1.8,189,3.7,1978.,0.0
A765,16/07/2018,04,17.4,18.0,17.2,90,92,90,15.7,16.5,15.7,1017.5,1017.7,1017.5,0.8,252,3.0,-3.60,0.0
A765,16/07/2018,17,31.9,32.8,31.6,,,,,,,1017.7,1018.5,1017.7,1.8,96,3.1,2336.,0.0
A765,16/07/2018,16,31.9,32.1,30.0,,,,,,,1018.5,1019.2,1018.5,1.1,114,2.6,2451.,0.0
A765,16/07/2018,15,30.0,30.0,27.1,,52,40,,,,1019.2,1019.5,1019.2,1.4,117,3.2,2322.,0.0
A765,16/07/2018,19,27.7,29.3,27.6,53,55,49,17.3,18.4,16.5,1017.5,1017.5,1017.3,1.3,92,3.6,1471.,0.0
A765,16/07/2018,07,16.6,17.1,16.6,89,91,89,14.8,15.6,14.8,1016.9,1017.2,1016.9,0.5,213,2.7,-3.60,0.0
A765,16/07/2018,01,17.9,18.8,17.9,93,93,89,16.7,17.0,16.6,1017.0,1017.0,1016.7,0.3,277,1.0,-3.59,0.0
A765,16/07/2018,05,16.8,17.5,16.7,94,94,89,15.8,15.8,15.3,1017.4,1017.6,1017.4,0.7,279,1.6,-3.59,0.0
A765,16/07/2018,23,19.2,20.6,19.2,87,87,76,17.0,17.1,16.0,1018.8,1018.9,1018.4,0.3,347,1.1,-3.60,0.0
A765,17/07/2018,05,18.6,19.0,18.5,94,94,90,17.6,17.6,17.3,1022.0,1022.3,1022.0,2.3,206,5.0,-3.60,0.0
A765,17/07/2018,22,19.0,20.0,18.9,93,93,86,17.8,17.8,17.4,1021.1,1021.1,1020.4,0.7,264,1.4,-2.90,0.0
A765,17/07/2018,16,23.2,23.7,22.5,70,73,69,17.3,18.0,17.0,1021.7,1022.5,1021.7,2.3,113,4.5,2233.,0.0
A765,17/07/2018,08,16.0,16.4,16.0,94,94,94,15.0,15.5,15.0,1022.3,1022.3,1022.1,0.7,334,1.9,-3.60,0.0
A765,17/07/2018,21,20.0,20.9,20.0,86,86,81,17.6,17.8,17.5,1020.4,1020.5,1020.2,0.6,152,2.5,83.45,0.0
A765,17/07/2018,20,20.9,21.5,20.9,81,82,79,17.6,17.9,17.5,1020.5,1020.6,1020.5,1.1,100,3.6,291.6,0.0
A765,17/07/2018,06,18.6,18.7,18.5,93,94,93,17.4,17.6,17.4,1022.1,1022.1,1022.0,1.5,223,5.5,-3.60,0.0
A765,17/07/2018,01,20.8,20.9,18.4,82,90,78,17.6,17.6,16.5,1019.8,1019.9,1019.1,5.0,215,10.8,-3.60,0.0
A765,17/07/2018,11,16.5,16.5,15.8,95,95,94,15.7,15.7,14.9,1022.9,1022.9,1022.6,0.6,320,1.8,69.44,0.0
A765,17/07/2018,23,18.8,19.1,18.7,92,93,92,17.5,17.9,17.4,1021.6,1021.6,1021.1,0.6,337,1.2,-1.43,0.0
A765,17/07/2018,02,20.2,20.8,20.1,84,85,82,17.4,17.8,17.4,1020.6,1020.6,1019.8,3.2,219,10.8,-3.60,0.0
A765,17/07/2018,10,16.0,16.5,15.9,94,96,94,15.1,15.7,15.1,1022.6,1022.6,1022.4,0.9,281,2.1,-3.35,0.0
A765,17/07/2018,03,19.6,20.2,19.4,83,84,78,16.6,17.4,15.8,1021.7,1021.7,1020.6,2.2,287,7.4,-3.60,0.0
A765,17/07/2018,13,20.8,21.4,18.8,74,90,73,16.0,17.2,15.9,1023.7,1023.8,1023.4,0.9,31,2.3,1047.,0.0
A765,17/07/2018,15,22.9,23.2,22.1,72,73,69,17.6,17.8,16.7,1022.5,1023.2,1022.5,2.5,106,4.6,2290.,0.0
A765,17/07/2018,04,18.9,19.7,18.8,90,90,82,17.2,17.2,16.2,1022.2,1022.2,1021.7,1.6,208,3.7,-3.60,0.0
A765,17/07/2018,09,16.4,16.4,15.6,95,96,94,15.6,15.6,14.7,1022.4,1022.4,1022.2,0.8,315,1.7,-3.41,0.0
A765,17/07/2018,07,16.4,18.6,16.4,94,94,91,15.4,17.4,15.3,1022.2,1022.2,1022.0,0.7,359,4.0,-3.59,0.0
A765,17/07/2018,12,18.8,18.8,16.5,90,95,90,17.2,17.2,15.7,1023.4,1023.4,1022.9,0.6,289,1.1,526.7,0.0
A765,17/07/2018,14,22.7,22.9,20.8,72,76,69,17.4,17.4,16.0,1023.2,1023.7,1023.2,2.3,96,3.7,1784.,0.0
A765,17/07/2018,00,18.5,19.2,18.5,89,90,84,16.7,17.1,16.2,1019.1,1019.1,1018.8,0.8,260,1.6,-3.60,0.0
A765,17/07/2018,18,22.0,23.1,21.7,75,76,71,17.4,17.9,17.1,1020.7,1020.9,1020.6,1.9,129,4.5,956.1,0.0
A765,17/07/2018,17,23.0,24.0,22.8,73,73,68,17.9,18.0,17.3,1020.9,1021.7,1020.9,1.7,118,4.5,1670.,0.0
A765,17/07/2018,19,21.3,22.2,21.3,79,79,75,17.5,17.6,17.3,1020.6,1020.7,1020.6,2.2,110,4.1,582.1,0.0
A765,18/07/2018,21,20.0,20.6,20.0,85,85,82,17.4,17.5,17.3,1018.4,1018.4,1018.1,1.8,146,3.6,87.32,0.0
A765,18/07/2018,20,20.6,22.3,20.6,82,82,76,17.4,18.1,17.4,1018.2,1018.2,1018.0,2.0,115,3.8,614.5,0.0
A765,18/07/2018,13,19.7,19.7,19.0,85,91,85,17.2,17.6,17.0,1021.2,1021.5,1021.2,0.6,2,1.7,603.5,0.0
A765,18/07/2018,10,17.5,17.6,17.3,96,96,95,16.8,16.9,16.6,1020.5,1020.5,1019.9,1.0,310,1.8,-1.18,0.0
A765,18/07/2018,06,18.1,18.1,17.9,92,94,92,16.8,17.0,16.8,1020.2,1020.8,1020.2,1.3,325,1.8,-0.86,0.0
A765,18/07/2018,23,19.7,19.8,19.6,88,88,87,17.6,17.7,17.5,1018.7,1018.7,1018.4,0.8,351,2.3,-0.40,0.0
A765,18/07/2018,19,21.8,22.3,21.2,78,80,76,17.8,18.2,17.4,1018.0,1018.6,1018.0,0.8,321,3.4,1131.,0.0
A765,18/07/2018,22,19.8,20.1,19.8,87,87,85,17.6,17.6,17.3,1018.5,1018.5,1018.4,0.9,358,3.6,-0.08,0.0
A765,18/07/2018,02,18.3,19.1,18.3,92,92,90,16.9,17.6,16.8,1021.6,1022.0,1021.6,0.6,356,1.3,-2.60,0.0
A765,18/07/2018,08,17.4,17.9,17.4,95,95,93,16.7,16.9,16.4,1019.7,1020.0,1019.7,0.6,313,1.1,-3.58,0.0
A765,18/07/2018,09,17.5,17.6,17.3,96,96,95,16.8,16.9,16.6,1019.9,1019.9,1019.6,1.0,268,2.0,-2.24,0.0
A765,18/07/2018,04,17.9,18.0,17.5,94,95,94,16.8,17.2,16.6,1021.2,1021.4,1021.2,0.9,313,1.4,-0.56,0.0
A765,18/07/2018,01,19.1,19.1,19.0,91,91,89,17.6,17.7,17.2,1021.9,1022.1,1021.9,0.5,330,1.4,-1.75,0.0
A765,18/07/2018,00,19.1,19.1,18.8,90,92,89,17.3,17.6,17.2,1022.0,1022.0,1021.6,0.5,358,1.5,-0.03,0.0
A765,18/07/2018,11,17.7,17.7,17.1,95,96,95,16.9,16.9,16.3,1020.7,1020.7,1020.5,0.8,325,1.6,80.70,0.0
A765,18/07/2018,03,17.5,18.3,17.5,95,95,91,16.7,16.8,16.4,1021.3,1021.6,1021.3,0.4,298,1.0,-3.60,0.0
A765,18/07/2018,07,17.9,18.2,17.9,93,93,91,16.8,16.9,16.7,1019.9,1020.2,1019.9,0.6,322,1.8,-2.14,0.0
A765,18/07/2018,12,19.1,19.1,17.7,91,95,91,17.6,17.6,17.0,1021.3,1021.3,1020.7,0.7,246,2.3,360.9,0.0
A765,18/07/2018,05,17.9,17.9,17.7,94,94,93,16.8,17.0,16.6,1020.8,1021.2,1020.8,1.0,260,1.8,-1.91,0.0
A765,18/07/2018,14,20.5,20.8,19.8,81,86,81,17.1,17.7,17.1,1021.3,1021.3,1020.9,1.0,177,2.6,704.7,0.0
A765,18/07/2018,18,21.4,21.8,21.2,78,80,77,17.4,17.9,17.2,1018.6,1019.3,1018.6,1.5,113,4.2,986.6,0.0
A765,18/07/2018,17,21.8,21.8,21.1,78,79,77,17.8,17.8,17.1,1019.3,1020.0,1019.3,2.0,117,4.5,1152.,0.0
A765,18/07/2018,15,21.6,21.7,20.3,79,83,78,17.9,18.1,17.0,1020.8,1021.3,1020.8,1.6,128,3.1,1124.,0.0
A765,18/07/2018,16,21.7,21.8,21.0,78,82,77,17.6,18.2,17.3,1020.0,1020.8,1020.0,2.0,120,4.1,1232.,0.0
A765,19/07/2018,11,16.5,17.6,16.2,98,98,98,16.2,17.3,15.9,1016.7,1016.7,1016.1,1.5,215,3.1,79.43,0.0
A765,19/07/2018,22,19.3,20.5,19.3,95,95,87,18.4,18.5,18.2,1017.0,1017.0,1016.4,0.5,44,2.6,-3.08,0.0
A765,19/07/2018,05,17.6,18.0,17.6,95,95,93,16.7,17.0,16.7,1017.1,1017.8,1017.1,0.5,174,1.9,-1.63,0.0
A765,19/07/2018,21,20.5,22.5,20.5,87,87,73,18.2,18.2,17.3,1016.4,1016.4,1016.0,1.0,72,3.7,142.5,0.0
A765,19/07/2018,06,17.2,17.6,17.2,96,96,95,16.5,16.8,16.5,1016.7,1017.1,1016.6,1.2,339,2.1,-1.59,0.0
A765,19/07/2018,15,26.5,26.7,24.3,54,70,54,16.6,18.8,16.6,1017.5,1017.7,1017.4,1.7,134,4.1,2354.,0.0
A765,19/07/2018,20,22.3,24.9,22.2,74,74,61,17.4,17.6,16.3,1016.0,1016.0,1015.7,2.1,90,4.0,761.9,0.0
A765,19/07/2018,08,16.9,17.1,16.9,97,97,97,16.5,16.7,16.4,1016.1,1016.4,1016.0,0.9,251,2.3,-0.20,0.0
A765,19/07/2018,10,17.5,17.5,16.6,98,98,98,17.2,17.2,16.2,1016.2,1016.2,1015.8,1.1,168,2.4,0.112,0.0
A765,19/07/2018,23,18.9,19.3,18.6,96,96,95,18.3,18.4,17.9,1017.5,1017.5,1017.0,0.6,69,1.5,-3.45,0.0
A765,19/07/2018,09,16.7,17.0,16.6,98,98,97,16.3,16.6,16.2,1016.0,1016.2,1015.9,0.7,261,2.3,0.482,0.0
A765,19/07/2018,12,19.3,19.3,16.5,95,98,95,18.5,18.5,16.2,1017.4,1017.4,1016.7,1.6,189,3.1,566.0,0.0
A765,19/07/2018,02,18.9,19.2,18.8,91,91,90,17.4,17.7,17.3,1018.8,1018.9,1018.7,1.2,55,2.6,0.012,0.0
A765,19/07/2018,01,19.1,19.4,19.1,90,90,89,17.5,17.6,17.4,1018.7,1018.7,1018.6,0.8,88,2.6,0.117,0.0
A765,19/07/2018,03,18.5,18.9,18.5,92,93,91,17.2,17.4,17.2,1018.2,1018.8,1018.2,1.1,352,2.6,0.321,0.0
A765,19/07/2018,00,19.4,19.7,19.4,89,89,88,17.6,17.7,17.5,1018.6,1018.8,1018.6,1.2,341,2.4,-0.21,0.0
A765,19/07/2018,14,24.5,24.9,23.3,67,71,64,18.0,18.8,16.9,1017.6,1017.8,1017.6,1.7,164,3.9,2009.,0.0
A765,19/07/2018,13,23.4,23.4,19.3,68,95,68,17.2,18.8,16.7,1017.7,1017.7,1017.3,1.6,182,4.0,1275.,0.0
A765,19/07/2018,07,16.9,17.2,16.8,97,97,96,16.5,16.6,16.3,1016.4,1016.7,1016.2,0.6,198,2.1,-0.72,0.0
A765,19/07/2018,19,24.9,25.6,24.4,62,63,58,17.2,17.6,16.1,1015.7,1016.0,1015.7,1.9,100,4.3,1456.,0.0
A765,19/07/2018,04,18.0,18.5,18.0,93,94,92,16.9,17.3,16.9,1017.8,1018.2,1017.8,0.6,42,2.5,-0.86,0.0
A765,19/07/2018,16,21.5,27.0,20.5,85,88,54,18.9,19.2,16.4,1017.2,1017.5,1017.2,3.9,101,6.9,2472.,0.0
A765,19/07/2018,18,25.4,25.4,22.4,60,79,60,17.2,18.9,16.8,1016.0,1016.4,1016.0,1.5,90,3.2,1998.,0.0
A765,19/07/2018,17,22.4,22.9,20.9,78,86,78,18.4,19.2,18.2,1016.4,1017.2,1016.4,2.1,91,6.2,2368.,0.0
A765,20/07/2018,09,16.1,16.3,15.9,98,98,98,15.8,16.0,15.5,1015.2,1015.6,1015.2,0.5,277,1.4,-3.52,0.0
A765,20/07/2018,20,26.1,26.8,25.6,58,60,55,17.3,17.5,16.5,1013.6,1013.6,1013.3,1.1,108,5.4,766.1,0.0
A765,20/07/2018,23,20.4,20.9,20.4,89,91,89,18.5,19.3,18.5,1014.3,1014.3,1013.8,0.5,165,1.8,-3.60,0.0
A765,20/07/2018,08,16.1,16.6,16.0,98,98,98,15.7,16.2,15.7,1015.6,1016.0,1015.6,0.6,241,1.5,-3.56,0.0
A765,20/07/2018,06,16.8,17.6,16.8,98,98,98,16.5,17.3,16.4,1016.2,1016.6,1016.2,0.6,13,2.5,-3.56,0.0
A765,20/07/2018,01,17.7,18.4,17.7,98,98,97,17.4,18.0,17.4,1017.5,1017.6,1017.5,0.6,5,1.3,-2.85,0.0
A765,20/07/2018,02,17.5,17.8,17.5,98,98,98,17.1,17.4,17.1,1017.4,1017.5,1017.3,0.5,295,1.6,-0.70,0.0
A765,20/07/2018,22,20.9,22.8,20.9,89,90,80,19.0,19.6,19.0,1013.8,1013.8,1013.6,0.9,285,1.5,-3.22,0.0
A765,20/07/2018,11,19.5,19.5,15.9,94,98,94,18.4,18.5,15.6,1015.1,1015.3,1015.0,1.2,334,4.3,63.70,0.2
A765,20/07/2018,10,16.0,16.2,15.9,98,98,98,15.6,15.8,15.5,1015.3,1015.3,1015.2,0.6,345,1.5,-3.12,0.0
A765,20/07/2018,00,17.9,18.9,17.9,97,97,96,17.5,18.3,17.5,1017.5,1017.5,1017.4,0.2,54,1.5,-0.87,0.0
A765,20/07/2018,21,22.8,26.5,22.8,80,80,57,19.1,19.1,17.0,1013.6,1013.6,1013.5,0.7,306,2.1,134.1,0.0
A765,20/07/2018,12,24.0,24.0,19.5,64,94,64,16.8,18.7,16.8,1015.3,1015.5,1015.1,0.8,80,4.3,578.9,0.0
A765,20/07/2018,03,17.1,17.5,17.0,98,98,98,16.7,17.2,16.7,1017.0,1017.4,1017.0,0.6,153,1.6,-2.58,0.0
A765,20/07/2018,16,27.8,28.5,26.0,49,58,47,16.0,18.1,15.2,1013.8,1014.1,1013.7,2.2,152,7.5,2540.,0.0
A765,20/07/2018,13,27.7,27.7,22.9,49,72,49,15.9,18.1,15.4,1015.4,1015.7,1015.3,1.1,53,3.5,1325.,0.0
A765,20/07/2018,07,16.4,16.9,16.2,98,98,98,16.1,16.6,15.8,1016.0,1016.3,1016.0,0.5,294,2.0,-3.49,0.0
A765,20/07/2018,04,17.0,17.2,16.9,98,98,98,16.7,16.9,16.6,1016.7,1017.0,1016.7,0.9,256,1.4,-3.55,0.0
A765,20/07/2018,15,28.5,31.9,28.5,52,,,17.7,,,1014.0,1014.6,1014.0,3.0,138,5.9,2410.,0.0
A765,20/07/2018,14,29.0,29.4,27.3,43,50,41,15.2,16.1,14.2,1014.6,1015.4,1014.6,1.6,25,6.5,2065.,0.0
A765,20/07/2018,19,26.7,27.5,25.9,56,64,54,17.2,19.0,16.9,1013.3,1013.4,1013.2,2.6,118,5.4,1442.,0.0
A765,20/07/2018,05,17.1,17.1,16.7,98,98,98,16.8,16.8,16.3,1016.5,1016.7,1016.5,0.7,261,2.0,-3.55,0.0
A765,20/07/2018,18,25.9,27.8,24.9,62,69,50,18.0,19.4,16.3,1013.4,1013.6,1013.4,1.2,99,5.5,2003.,0.0
A765,20/07/2018,17,27.8,28.4,27.0,49,50,45,16.2,16.3,14.7,1013.5,1013.8,1013.4,2.4,101,5.0,2379.,0.0
A765,21/07/2018,10,16.9,17.2,16.9,95,95,94,16.0,16.4,16.0,1015.8,1015.8,1015.2,0.7,307,1.9,-2.35,0.0
A765,21/07/2018,01,19.0,19.6,19.0,94,94,93,18.0,18.6,18.0,1014.1,1014.4,1014.0,0.6,358,1.9,-3.59,0.0
A765,21/07/2018,06,17.5,17.8,17.4,94,95,94,16.6,17.0,16.6,1014.1,1014.1,1013.9,0.6,251,2.4,-3.59,0.0
A765,21/07/2018,05,17.7,18.5,17.7,94,94,93,16.7,17.4,16.7,1014.0,1014.1,1014.0,0.5,307,1.9,-3.60,0.0
A765,21/07/2018,22,18.5,18.6,18.5,96,96,94,17.8,17.9,17.7,1020.7,1020.7,1020.5,1.4,232,2.8,-1.65,0.0
A765,21/07/2018,15,22.7,26.7,22.6,75,75,50,18.0,18.5,15.5,1018.6,1018.6,1017.7,5.0,218,14.2,2085.,0.0
A765,21/07/2018,21,18.6,18.8,18.6,95,95,94,17.7,17.8,17.7,1020.5,1020.5,1020.2,0.5,202,4.4,27.87,0.2
A765,21/07/2018,20,18.8,19.8,18.8,94,94,86,17.8,17.8,17.3,1020.3,1020.3,1020.0,1.6,237,5.2,106.1,0.0
A765,21/07/2018,19,19.8,20.3,19.8,86,86,82,17.3,17.4,17.1,1020.1,1020.1,1019.9,2.1,239,9.1,145.0,0.0
A765,21/07/2018,09,17.0,17.6,17.0,94,94,93,16.0,16.6,16.0,1015.3,1015.3,1014.7,0.7,250,2.1,-3.59,0.0
A765,21/07/2018,02,18.6,19.2,18.6,94,95,93,17.7,18.2,17.7,1014.0,1014.2,1014.0,0.4,258,1.9,-3.59,0.0
A765,21/07/2018,08,17.5,18.9,17.5,93,93,88,16.3,16.8,16.1,1014.7,1014.8,1014.4,0.7,284,3.4,-3.60,0.0
A765,21/07/2018,23,18.5,18.6,18.4,96,96,96,17.8,17.9,17.8,1021.2,1021.2,1020.7,0.9,247,3.2,-0.82,0.4
A765,21/07/2018,00,19.5,20.5,19.5,93,93,89,18.4,18.8,18.4,1014.4,1014.5,1014.2,0.6,358,1.3,-3.60,0.0
A765,21/07/2018,11,17.9,17.9,16.9,93,95,92,16.8,16.8,16.0,1015.8,1015.8,1015.6,0.7,204,1.4,90.04,0.0
A765,21/07/2018,03,18.2,18.7,18.2,94,95,94,17.2,17.8,17.2,1013.9,1014.0,1013.7,0.9,268,3.4,-3.59,0.0
A765,21/07/2018,07,17.9,18.3,17.4,91,95,91,16.5,17.1,16.3,1014.4,1014.4,1014.1,0.7,232,3.1,-3.60,0.0
A765,21/07/2018,12,26.2,26.2,18.0,53,93,53,15.8,17.7,15.5,1015.9,1016.0,1015.7,1.4,5,4.8,476.5,0.0
A765,21/07/2018,13,29.3,29.3,24.8,40,60,40,14.5,16.8,14.2,1016.5,1016.5,1015.9,1.4,310,5.6,1155.,0.0
A765,21/07/2018,14,26.7,30.7,26.7,50,52,37,15.5,17.1,13.7,1017.7,1017.7,1016.5,3.9,231,9.0,1851.,0.0
A765,21/07/2018,04,17.9,18.5,17.8,94,95,93,16.8,17.6,16.7,1014.0,1014.0,1013.7,0.5,267,2.8,-3.58,0.0
A765,21/07/2018,18,20.3,21.0,20.3,82,83,79,17.2,17.4,17.1,1019.9,1019.9,1019.7,2.4,228,9.2,412.1,0.0
A765,21/07/2018,17,20.9,21.0,20.5,80,83,79,17.2,17.7,17.1,1019.7,1019.8,1019.5,3.6,238,11.3,870.1,0.0
A765,21/07/2018,16,20.6,22.8,20.5,82,82,74,17.4,18.2,17.2,1019.6,1019.6,1018.5,4.8,235,13.6,1805.,0.0
A765,22/07/2018,22,19.4,19.7,19.4,92,92,90,18.0,18.2,17.9,1022.2,1022.2,1021.8,0.5,154,1.4,-0.45,0.0
A765,22/07/2018,06,18.0,18.3,17.9,96,96,96,17.3,17.7,17.2,1022.1,1022.1,1021.9,1.3,31,3.0,-0.67,1.8
A765,22/07/2018,00,18.4,18.5,18.4,96,97,96,17.8,17.9,17.8,1021.5,1021.5,1021.2,0.7,261,2.0,-0.50,0.4
A765,22/07/2018,23,19.3,19.5,19.3,94,94,91,18.4,18.5,18.0,1022.5,1022.5,1022.2,0.6,319,1.1,-0.18,0.0
A765,22/07/2018,21,19.7,20.1,19.7,90,90,87,17.9,18.1,17.8,1021.8,1021.8,1021.3,0.3,168,2.2,78.25,0.0
A765,22/07/2018,20,20.0,20.0,19.6,88,90,88,17.9,18.1,17.8,1021.4,1021.4,1021.2,0.9,100,2.2,180.5,0.0
A765,22/07/2018,10,17.7,17.9,17.6,97,97,97,17.2,17.4,17.1,1022.7,1022.7,1022.2,1.4,303,2.5,-0.39,0.0
A765,22/07/2018,08,17.6,17.9,17.6,97,97,97,17.1,17.4,17.1,1022.0,1022.0,1021.8,0.3,344,2.3,0.111,0.6
A765,22/07/2018,09,17.7,17.7,17.4,97,97,97,17.2,17.3,17.0,1022.2,1022.2,1021.9,1.2,285,2.3,0.313,1.6
A765,22/07/2018,02,18.5,18.7,18.4,96,96,96,17.8,18.0,17.8,1022.3,1022.3,1021.9,0.7,237,2.0,-0.78,0.0
A765,22/07/2018,12,18.2,18.2,17.8,95,96,95,17.4,17.4,17.1,1024.2,1024.2,1023.6,1.2,295,2.3,116.7,0.0
A765,22/07/2018,11,17.8,17.9,17.6,96,97,96,17.1,17.3,17.1,1023.6,1023.6,1022.7,1.1,282,2.3,19.62,0.0
A765,22/07/2018,05,18.3,18.5,18.3,96,97,96,17.6,18.0,17.6,1021.9,1022.2,1021.9,1.6,327,2.8,-0.65,0.0
A765,22/07/2018,19,19.8,20.0,19.8,89,89,87,18.0,18.1,17.6,1021.3,1021.7,1021.2,0.4,271,1.0,176.7,0.0
A765,22/07/2018,18,19.8,19.8,19.6,87,90,87,17.6,18.1,17.5,1021.7,1022.4,1021.7,0.7,304,1.9,298.3,0.0
A765,22/07/2018,04,18.4,18.6,18.3,97,97,96,17.8,18.0,17.8,1022.2,1022.4,1022.2,0.8,289,1.9,-0.46,0.2
A765,22/07/2018,14,19.2,19.4,18.8,88,92,88,17.1,17.6,17.1,1024.6,1024.6,1024.5,0.8,275,2.6,448.9,0.0
A765,22/07/2018,13,18.9,18.9,18.0,92,95,92,17.6,17.6,17.2,1024.4,1024.4,1024.1,0.9,268,2.6,276.2,0.0
A765,22/07/2018,07,17.8,18.1,17.7,97,97,96,17.3,17.5,17.1,1021.9,1022.1,1021.9,1.5,315,3.0,-0.11,0.6
A765,22/07/2018,01,18.7,18.7,18.4,96,97,96,18.0,18.1,17.9,1021.9,1021.9,1021.5,0.5,281,2.0,-0.90,0.0
A765,22/07/2018,03,18.5,18.7,18.5,96,96,96,17.8,18.1,17.8,1022.4,1022.4,1022.2,0.6,231,1.6,-0.88,0.0
A765,22/07/2018,17,19.7,19.7,19.3,89,92,89,17.9,18.2,17.8,1022.4,1023.3,1022.4,0.8,325,1.7,329.7,0.0
A765,22/07/2018,15,18.7,19.2,18.6,94,94,88,17.7,17.8,17.1,1024.1,1024.6,1024.1,0.8,296,2.6,448.9,0.4
A765,22/07/2018,16,19.3,19.3,18.7,92,94,92,17.9,18.0,17.7,1023.3,1024.1,1023.3,0.9,314,1.9,487.0,0.0
A765,23/07/2018,22,19.8,19.9,19.7,91,92,91,18.3,18.4,18.2,1020.8,1020.8,1020.6,0.9,68,3.0,-0.02,0.0
A765,23/07/2018,07,18.1,18.3,17.9,97,97,96,17.6,17.7,17.4,1021.4,1021.6,1021.3,0.7,237,2.4,-3.25,0.0
A765,23/07/2018,18,21.8,22.3,21.2,84,85,82,18.9,19.3,18.3,1020.2,1021.0,1020.2,1.2,125,3.2,1135.,0.0
A765,23/07/2018,17,21.5,22.1,21.4,84,86,82,18.7,19.3,18.4,1021.0,1022.1,1021.0,1.4,158,4.0,1273.,0.0
A765,23/07/2018,12,18.3,18.3,17.4,98,98,98,18.0,18.0,17.1,1023.8,1023.8,1022.9,1.3,216,2.9,399.2,0.0
A765,23/07/2018,05,18.9,19.2,18.9,96,96,95,18.3,18.4,18.2,1022.2,1022.7,1022.2,0.5,261,1.6,-0.41,0.0
A765,23/07/2018,21,19.9,20.4,19.9,91,91,89,18.3,18.5,18.2,1020.6,1020.6,1020.2,1.0,113,3.0,83.80,0.0
A765,23/07/2018,20,20.3,20.9,20.3,89,89,87,18.4,18.6,18.3,1020.2,1020.2,1020.1,1.9,112,4.0,420.2,0.0
A765,23/07/2018,19,20.9,22.1,20.9,87,87,82,18.6,19.2,18.5,1020.1,1020.2,1020.1,2.3,102,3.9,754.2,0.0
A765,23/07/2018,00,19.2,19.4,19.2,95,95,94,18.4,18.5,18.4,1022.8,1022.9,1022.5,0.6,269,1.3,-0.58,0.0
A765,23/07/2018,11,18.0,18.0,17.4,98,98,98,17.6,17.6,17.1,1022.9,1022.9,1022.2,0.8,242,2.1,98.68,0.0
A765,23/07/2018,08,17.9,18.2,17.7,97,97,97,17.5,17.8,17.3,1021.1,1021.4,1021.0,0.8,259,2.2,-2.89,0.0
A765,23/07/2018,10,17.3,17.8,17.2,98,98,97,17.0,17.4,16.8,1022.2,1022.2,1021.3,1.0,245,2.0,-3.19,0.0
A765,23/07/2018,09,17.5,18.0,17.3,98,98,97,17.1,17.6,16.9,1021.3,1021.3,1020.9,0.7,239,1.7,-3.39,0.0
A765,23/07/2018,01,19.2,19.3,19.1,95,95,95,18.4,18.5,18.4,1022.8,1022.9,1022.7,0.4,249,1.4,-0.17,0.0
A765,23/07/2018,02,19.1,19.3,19.1,96,96,95,18.4,18.6,18.4,1022.7,1022.8,1022.6,0.6,223,1.6,0.213,0.0
A765,23/07/2018,23,19.6,19.8,19.6,91,92,91,18.2,18.3,18.1,1021.3,1021.3,1020.8,0.8,303,2.1,-0.03,0.0
A765,23/07/2018,06,18.3,19.0,18.2,96,96,96,17.7,18.4,17.6,1021.6,1022.2,1021.6,0.5,282,1.5,-2.77,0.0
A765,23/07/2018,16,21.5,21.7,20.8,86,88,84,18.9,19.2,18.5,1022.1,1023.1,1022.1,2.3,112,4.1,1605.,0.2
A765,23/07/2018,03,19.1,19.2,19.0,95,96,95,18.3,18.5,18.3,1023.1,1023.1,1022.7,1.1,242,3.4,0.188,0.0
A765,23/07/2018,13,19.7,20.0,18.3,95,98,95,18.9,19.4,18.0,1024.2,1024.2,1023.8,2.0,181,4.1,1065.,0.0
A765,23/07/2018,15,21.2,21.8,20.6,87,89,84,19.0,19.6,18.4,1023.1,1024.0,1023.1,2.1,112,4.1,1676.,0.0
A765,23/07/2018,04,19.1,19.2,19.1,95,95,95,18.3,18.3,18.2,1022.7,1023.1,1022.7,0.7,232,2.5,0.408,0.0
A765,23/07/2018,14,20.7,21.2,19.7,87,95,87,18.5,19.3,18.4,1024.0,1024.3,1024.0,1.4,103,3.6,1147.,0.0
A765,24/07/2018,19,21.1,21.6,21.0,82,83,80,18.0,18.3,17.7,1024.2,1024.2,1023.8,1.9,221,6.4,759.1,0.0
A765,24/07/2018,18,21.0,21.2,20.9,82,83,81,17.9,18.2,17.7,1024.0,1024.4,1024.0,2.2,232,6.2,710.0,0.0
A765,24/07/2018,14,20.6,21.1,20.4,84,86,83,17.9,18.5,17.6,1026.1,1026.2,1025.8,1.8,240,6.3,619.2,0.0
A765,24/07/2018,20,20.4,21.1,20.4,87,87,82,18.3,18.4,17.9,1024.5,1024.5,1024.2,2.2,224,5.2,441.3,0.0
A765,24/07/2018,22,19.4,20.0,19.4,93,93,90,18.3,18.3,18.2,1025.1,1025.1,1024.8,1.0,232,3.3,-1.54,0.0
A765,24/07/2018,21,19.9,20.4,19.9,90,90,87,18.2,18.4,18.1,1024.8,1024.8,1024.4,1.1,225,5.1,80.35,0.0
A765,24/07/2018,05,18.6,18.8,18.6,96,96,95,17.9,18.2,17.9,1021.6,1022.3,1021.6,1.0,282,1.7,-0.96,0.0
A765,24/07/2018,09,18.6,18.7,18.6,95,95,92,17.7,17.8,17.3,1023.1,1023.1,1022.4,1.4,226,4.2,-1.46,0.0
A765,24/07/2018,13,20.8,20.8,19.6,86,93,86,18.3,18.6,18.1,1025.8,1025.8,1025.2,1.3,188,3.8,644.1,0.0
A765,24/07/2018,08,18.6,18.8,18.6,92,94,92,17.3,17.6,17.2,1022.5,1022.5,1022.0,0.5,257,1.9,-0.94,0.0
A765,24/07/2018,23,19.3,19.4,19.2,95,95,93,18.4,18.4,18.3,1025.6,1025.6,1025.1,0.8,212,2.9,-2.70,0.0
A765,24/07/2018,06,18.7,18.7,18.6,95,96,95,17.8,17.9,17.8,1021.7,1021.7,1021.3,0.7,213,1.9,-1.32,0.0
A765,24/07/2018,11,18.8,18.9,18.7,94,95,94,17.8,18.1,17.7,1024.3,1024.3,1023.8,0.3,41,1.7,32.03,0.0
A765,24/07/2018,02,18.8,19.4,18.8,95,95,92,18.0,18.2,17.9,1022.3,1022.3,1022.1,1.0,300,2.5,-1.31,0.0
A765,24/07/2018,03,18.7,18.9,18.7,96,96,95,18.1,18.1,17.9,1022.3,1022.4,1022.3,0.5,322,1.9,-0.45,0.0
A765,24/07/2018,17,21.1,21.2,20.7,81,84,81,17.8,18.1,17.6,1024.4,1025.1,1024.4,2.4,233,5.8,906.8,0.0
A765,24/07/2018,00,19.5,19.7,19.5,91,92,91,18.1,18.3,18.0,1021.5,1021.5,1021.3,0.7,325,1.8,0.196,0.0
A765,24/07/2018,01,19.4,19.6,19.4,92,93,91,18.1,18.3,18.0,1022.2,1022.2,1021.5,1.1,297,2.3,0.108,0.0
A765,24/07/2018,16,20.9,21.0,20.5,84,84,82,18.0,18.0,17.5,1025.1,1025.9,1025.1,1.4,225,6.2,756.1,0.2
A765,24/07/2018,07,18.6,18.9,18.6,94,95,94,17.6,18.0,17.6,1022.0,1022.0,1021.7,1.3,318,2.5,-0.65,0.0
A765,24/07/2018,04,18.7,18.9,18.6,96,96,96,18.1,18.3,18.0,1022.3,1022.3,1022.1,0.2,343,1.5,-0.60,0.0
A765,24/07/2018,15,21.0,21.2,20.6,82,84,81,17.8,18.0,17.5,1025.9,1026.2,1025.9,1.1,231,5.1,818.4,0.0
A765,24/07/2018,10,18.7,18.8,18.6,95,95,95,17.9,18.0,17.7,1023.8,1023.8,1023.1,0.9,254,3.6,-1.32,0.0
A765,24/07/2018,12,19.7,19.7,18.8,93,94,93,18.5,18.5,17.8,1025.2,1025.2,1024.3,0.6,259,1.6,241.8,0.0
A765,25/07/2018,22,19.5,19.6,19.5,91,91,90,18.0,18.0,17.8,1023.6,1023.6,1023.3,0.5,136,2.9,-0.77,0.0
A765,25/07/2018,02,19.2,19.4,19.1,95,95,95,18.4,18.5,18.4,1026.0,1026.1,1026.0,1.2,206,3.4,-2.16,0.0
A765,25/07/2018,15,22.8,22.8,21.1,78,82,78,18.8,19.0,17.8,1025.4,1026.0,1025.4,1.8,147,3.9,1298.,0.0
A765,25/07/2018,07,18.7,18.8,18.7,94,95,94,17.7,17.9,17.7,1024.0,1024.4,1024.0,2.1,217,5.4,-1.22,0.0
A765,25/07/2018,00,19.4,19.5,19.3,94,95,94,18.5,18.6,18.5,1026.0,1026.0,1025.6,0.5,210,2.3,-1.30,0.0
A765,25/07/2018,19,21.2,21.4,20.7,83,85,81,18.2,18.3,17.9,1022.9,1023.0,1022.8,1.1,153,3.7,622.0,0.0
A765,25/07/2018,09,18.6,18.7,18.5,93,94,93,17.5,17.6,17.5,1024.1,1024.1,1023.9,1.5,229,5.3,-1.53,0.0
A765,25/07/2018,03,18.9,19.2,18.9,95,95,95,18.1,18.4,18.1,1026.0,1026.2,1026.0,1.1,235,3.7,-1.73,0.0
A765,25/07/2018,01,19.4,19.5,19.3,95,95,94,18.5,18.6,18.4,1026.0,1026.1,1025.9,0.5,250,1.7,-1.20,0.0
A765,25/07/2018,16,21.6,22.8,21.6,80,82,78,18.0,19.0,18.0,1024.4,1025.4,1024.4,2.0,142,4.5,1397.,0.0
A765,25/07/2018,21,19.6,20.2,19.6,90,90,87,18.0,18.1,17.8,1023.3,1023.3,1023.1,1.3,150,4.4,64.67,0.0
A765,25/07/2018,06,18.7,18.8,18.7,95,95,95,17.9,18.0,17.8,1024.4,1024.9,1024.4,2.1,231,5.4,-1.44,0.0
A765,25/07/2018,08,18.5,18.7,18.5,94,95,94,17.5,17.7,17.5,1023.9,1024.1,1023.9,1.4,237,4.5,-1.49,0.0
A765,25/07/2018,20,20.2,21.2,20.2,87,87,82,18.0,18.4,17.9,1023.1,1023.2,1022.9,2.4,156,4.4,318.6,0.0
A765,25/07/2018,23,19.5,19.6,19.5,91,91,90,18.0,18.0,17.9,1023.9,1023.9,1023.6,1.0,148,2.5,-0.65,0.0
A765,25/07/2018,11,18.7,18.8,18.6,93,94,92,17.7,17.7,17.4,1025.3,1025.3,1024.8,0.8,221,3.5,31.68,0.0
A765,25/07/2018,12,19.4,19.4,18.7,91,94,91,18.0,18.0,17.6,1025.8,1025.8,1025.2,1.4,232,4.3,384.7,0.0
A765,25/07/2018,13,20.2,20.2,19.4,87,91,86,18.1,18.2,17.5,1026.1,1026.2,1025.7,1.8,209,4.2,768.3,0.0
A765,25/07/2018,10,18.8,18.8,18.6,92,94,92,17.4,17.6,17.4,1024.8,1024.9,1024.1,1.3,235,5.5,-0.02,0.0
A765,25/07/2018,14,21.8,22.0,20.2,80,88,79,18.2,18.6,18.0,1026.0,1026.2,1026.0,1.7,167,4.3,1562.,0.0
A765,25/07/2018,05,18.7,18.8,18.7,95,96,95,18.0,18.1,17.9,1024.9,1025.7,1024.9,1.6,216,4.2,-0.76,0.0
A765,25/07/2018,18,20.7,21.1,20.6,85,85,82,18.0,18.1,17.8,1023.0,1023.6,1023.0,1.7,199,3.4,315.8,0.0
A765,25/07/2018,17,21.0,21.6,20.8,82,84,80,17.9,18.5,17.9,1023.6,1024.4,1023.6,1.3,206,4.9,643.8,0.0
A765,25/07/2018,04,18.8,18.9,18.7,96,96,95,18.1,18.2,18.0,1025.7,1026.0,1025.7,1.4,222,3.7,-1.97,0.0
A765,26/07/2018,02,19.4,19.5,19.3,93,93,93,18.3,18.3,18.2,1024.2,1024.5,1024.2,0.5,308,1.3,-0.13,0.0
A765,26/07/2018,05,19.2,19.2,19.2,94,94,94,18.2,18.3,18.1,1023.5,1023.7,1023.5,0.9,200,1.8,0.262,0.0
A765,26/07/2018,15,21.8,22.9,21.7,80,80,75,18.2,18.8,17.7,1023.5,1023.8,1023.5,1.7,149,4.4,1837.,0.0
A765,26/07/2018,20,20.2,21.0,20.2,87,88,84,18.1,18.5,18.0,1020.9,1020.9,1020.8,1.4,145,4.3,294.1,0.0
A765,26/07/2018,21,19.9,20.3,19.9,89,89,87,18.0,18.2,18.0,1021.4,1021.4,1020.9,1.0,163,3.3,85.28,0.0
A765,26/07/2018,00,19.5,19.6,19.4,91,92,91,18.1,18.1,18.0,1024.3,1024.3,1023.9,0.5,155,2.3,-0.08,0.0
A765,26/07/2018,14,22.3,22.7,21.2,78,81,75,18.3,18.8,17.5,1023.8,1023.9,1023.5,1.9,102,4.5,1829.,0.0
A765,26/07/2018,03,19.3,19.4,19.2,93,93,93,18.2,18.3,18.1,1023.8,1024.2,1023.8,0.5,344,0.9,-0.86,0.0
A765,26/07/2018,22,19.9,20.1,19.8,89,89,89,18.0,18.2,18.0,1021.7,1021.7,1021.4,0.5,250,2.0,0.685,0.0
A765,26/07/2018,06,19.2,19.3,19.1,94,94,94,18.2,18.3,18.1,1022.9,1023.5,1022.9,0.9,286,1.8,0.065,0.0
A765,26/07/2018,10,17.9,18.7,17.9,97,97,96,17.4,18.1,17.4,1022.1,1022.4,1022.0,1.0,356,2.0,-2.96,0.0
A765,26/07/2018,09,18.6,18.9,18.5,97,97,96,18.0,18.3,17.9,1022.4,1022.5,1022.3,0.4,251,1.6,-2.69,0.0
A765,26/07/2018,13,21.3,21.6,20.0,79,95,79,17.6,19.4,17.6,1023.5,1023.6,1023.0,1.7,176,4.8,1266.,0.0
A765,26/07/2018,11,18.2,18.2,17.5,98,98,97,17.8,17.8,17.0,1022.8,1022.8,1022.1,0.8,266,2.0,117.1,0.0
A765,26/07/2018,12,20.2,20.2,18.2,95,98,95,19.4,19.5,17.8,1023.0,1023.0,1022.7,0.9,193,2.6,470.8,0.0
A765,26/07/2018,23,19.9,19.9,19.8,90,90,89,18.2,18.3,18.0,1021.9,1021.9,1021.7,1.0,136,2.5,-0.29,0.0
A765,26/07/2018,16,22.6,22.7,21.4,77,82,76,18.2,18.8,18.0,1022.6,1023.5,1022.6,1.6,134,3.7,1634.,0.0
A765,26/07/2018,01,19.4,19.6,19.4,93,93,91,18.2,18.2,18.0,1024.4,1024.4,1024.2,0.7,353,1.5,-0.03,0.0
A765,26/07/2018,04,19.2,19.4,19.1,94,94,93,18.2,18.3,18.2,1023.7,1023.8,1023.6,0.7,191,1.9,-0.22,0.0
A765,26/07/2018,19,20.9,21.4,20.8,85,86,82,18.2,18.7,17.9,1020.8,1021.1,1020.8,0.5,256,2.4,540.7,0.0
A765,26/07/2018,18,21.1,21.6,20.9,85,85,81,18.4,18.6,17.8,1021.1,1022.1,1021.1,1.5,102,3.5,741.2,0.0
A765,26/07/2018,17,21.3,22.8,21.1,84,84,76,18.5,18.8,17.8,1022.1,1022.6,1022.1,2.0,109,3.7,922.7,0.0
A765,26/07/2018,07,19.1,19.2,19.1,94,95,94,18.2,18.3,18.1,1022.5,1022.9,1022.5,0.4,299,1.5,-0.43,0.0
A765,26/07/2018,08,18.9,19.2,18.9,96,96,94,18.2,18.3,18.2,1022.3,1022.5,1022.2,0.6,3,1.2,-1.11,0.0
A765,27/07/2018,09,17.0,17.3,16.7,97,97,97,16.5,16.8,16.3,1019.8,1019.9,1019.7,1.0,329,1.6,0.485,0.0
A765,27/07/2018,22,19.2,19.3,19.0,94,95,94,18.3,18.3,18.1,1017.7,1017.7,1017.4,1.1,118,3.2,0.705,0.0
A765,27/07/2018,20,21.6,22.1,21.4,84,85,81,18.8,19.0,18.5,1017.1,1017.3,1017.1,0.6,13,3.0,741.0,0.0
A765,27/07/2018,07,16.1,17.0,16.1,97,97,97,15.7,16.5,15.7,1019.9,1020.4,1019.9,0.2,63,1.4,-3.59,0.0
A765,27/07/2018,21,19.1,21.6,19.1,94,94,84,18.1,18.9,18.1,1017.4,1017.4,1016.9,1.8,96,4.1,214.6,0.0
A765,27/07/2018,23,18.8,19.2,18.8,96,96,94,18.1,18.3,18.1,1018.0,1018.0,1017.7,1.1,320,2.2,-0.14,0.0
A765,27/07/2018,03,18.5,19.0,18.5,95,95,95,17.7,18.1,17.7,1021.6,1022.1,1021.6,0.8,347,1.4,-2.72,0.0
A765,27/07/2018,12,17.5,17.7,17.3,97,97,97,17.0,17.2,16.9,1020.6,1020.8,1020.5,1.0,276,2.9,286.0,0.0
A765,27/07/2018,02,18.8,19.5,18.8,95,95,92,17.9,18.3,17.9,1022.1,1022.2,1021.8,0.4,7,1.6,-3.20,0.0
A765,27/07/2018,00,19.6,19.9,19.6,92,92,90,18.2,18.3,18.1,1021.9,1022.0,1021.9,0.8,349,2.5,-0.20,0.0
A765,27/07/2018,11,17.4,17.5,17.1,97,97,97,16.9,17.1,16.6,1020.7,1020.7,1020.4,1.3,222,2.9,66.33,0.0
A765,27/07/2018,10,17.3,17.3,17.0,97,97,97,16.8,16.8,16.5,1020.4,1020.4,1019.8,0.7,244,1.6,-0.16,0.0
A765,27/07/2018,05,17.4,17.7,17.4,97,97,96,16.9,17.1,16.8,1021.0,1021.4,1021.0,0.6,305,1.4,-3.59,0.0
A765,27/07/2018,15,22.0,22.5,20.6,81,88,79,18.6,19.1,18.2,1020.2,1020.7,1020.2,2.6,95,4.4,2327.,0.0
A765,27/07/2018,13,18.7,18.7,17.5,96,97,96,18.0,18.0,17.0,1021.0,1021.0,1020.6,0.9,280,2.0,529.2,0.0
A765,27/07/2018,14,20.6,20.6,18.5,87,96,87,18.3,18.7,17.6,1020.7,1021.0,1020.7,1.7,196,3.9,1287.,0.0
A765,27/07/2018,19,22.0,22.9,21.8,81,83,78,18.6,19.4,18.3,1017.3,1017.9,1017.3,1.8,103,4.0,1406.,0.0
A765,27/07/2018,08,16.7,16.7,16.1,97,97,97,16.2,16.2,15.7,1019.7,1020.0,1019.7,0.3,315,1.6,-0.78,0.0
A765,27/07/2018,01,19.5,19.6,19.5,92,92,92,18.3,18.3,18.2,1021.8,1021.9,1021.7,1.0,351,2.2,-0.48,0.0
A765,27/07/2018,04,17.7,18.5,17.7,96,96,95,17.0,17.7,17.0,1021.3,1021.6,1021.3,0.9,302,1.4,-3.60,0.0
A765,27/07/2018,18,22.0,22.5,21.6,81,83,79,18.5,19.1,18.2,1017.9,1018.4,1017.9,1.9,107,5.1,1986.,0.0
A765,27/07/2018,17,21.8,22.6,21.5,82,83,78,18.6,18.9,18.1,1018.4,1019.5,1018.4,2.5,107,6.6,2363.,0.0
A765,27/07/2018,06,16.9,17.4,16.8,97,97,96,16.4,16.9,16.3,1020.4,1021.0,1020.4,0.8,323,1.4,-3.59,0.0
A765,27/07/2018,16,22.1,23.1,21.5,81,83,76,18.6,19.3,18.3,1019.6,1020.2,1019.6,3.1,121,5.6,2464.,0.0
A765,28/07/2018,23,18.7,19.4,18.7,96,96,93,18.1,18.3,18.0,1015.2,1015.3,1015.0,0.6,3,2.4,-0.57,0.0
A765,28/07/2018,06,17.6,17.8,17.5,98,98,98,17.3,17.4,17.2,1017.4,1017.7,1017.4,0.6,329,1.7,-0.18,0.0
A765,28/07/2018,22,19.3,19.6,19.3,93,93,91,18.1,18.3,18.1,1015.0,1015.1,1015.0,1.4,95,3.0,1.765,0.0
A765,28/07/2018,21,19.6,21.5,19.6,91,91,81,18.1,18.3,17.9,1015.0,1015.0,1014.9,2.0,86,3.4,172.0,0.0
A765,28/07/2018,20,21.5,23.4,21.5,81,81,74,18.1,18.7,17.5,1014.9,1014.9,1014.8,1.7,74,3.7,754.8,0.0
A765,28/07/2018,00,18.5,18.9,18.5,96,96,95,17.9,18.2,17.9,1018.0,1018.1,1017.9,0.8,285,2.2,-0.19,0.0
A765,28/07/2018,08,17.3,17.5,17.2,98,98,98,17.0,17.1,16.9,1017.3,1017.4,1017.2,1.2,351,2.0,0.248,0.0
A765,28/07/2018,03,18.3,18.6,18.3,97,97,96,17.7,18.0,17.7,1018.7,1018.9,1018.7,0.3,360,1.6,-0.19,0.0
A765,28/07/2018,15,23.1,23.4,21.7,73,81,73,18.1,19.2,17.5,1017.5,1018.1,1017.5,1.4,73,3.0,2445.,0.0
A765,28/07/2018,11,16.9,16.9,16.6,98,99,98,16.6,16.7,16.3,1017.9,1018.0,1017.5,0.8,234,1.7,80.45,0.0
A765,28/07/2018,10,16.7,16.8,16.6,98,98,98,16.4,16.5,16.3,1017.5,1017.5,1017.1,0.4,227,1.6,0.562,0.0
A765,28/07/2018,04,18.0,18.4,18.0,97,97,97,17.6,17.9,17.5,1018.1,1018.7,1018.1,1.1,325,2.1,-0.10,0.0
A765,28/07/2018,09,16.7,17.2,16.7,98,98,98,16.5,16.9,16.4,1017.1,1017.3,1017.1,0.8,299,2.0,-0.01,0.0
A765,28/07/2018,07,17.5,17.7,17.3,98,98,98,17.2,17.4,17.0,1017.2,1017.4,1017.1,1.1,307,1.9,0.228,0.0
A765,28/07/2018,12,17.1,17.2,16.7,98,98,98,16.9,17.0,16.4,1018.2,1018.3,1017.8,0.6,307,1.7,412.1,0.0
A765,28/07/2018,02,18.4,18.6,18.4,96,97,96,17.8,18.0,17.8,1018.9,1018.9,1018.4,0.8,10,1.5,-0.29,0.0
A765,28/07/2018,14,22.6,22.6,20.3,80,96,79,18.9,19.8,18.1,1018.1,1018.6,1018.1,0.7,115,3.5,2004.,0.0
A765,28/07/2018,13,20.3,20.3,17.1,96,99,96,19.7,19.7,16.9,1018.6,1018.6,1018.2,1.6,85,3.0,1258.,0.0
A765,28/07/2018,18,23.5,24.3,22.5,74,79,71,18.6,19.1,17.8,1015.3,1015.9,1015.3,1.4,167,3.9,2017.,0.0
A765,28/07/2018,01,18.4,18.6,18.3,97,97,96,17.8,18.0,17.7,1018.4,1018.4,1018.0,0.5,314,1.5,-0.96,0.0
A765,28/07/2018,17,22.5,23.6,22.2,79,80,75,18.8,19.2,18.0,1015.9,1016.6,1015.9,2.2,102,4.8,2327.,0.0
A765,28/07/2018,16,23.0,23.6,21.9,76,79,70,18.4,18.8,16.9,1016.6,1017.5,1016.6,2.3,113,5.1,2463.,0.0
A765,28/07/2018,19,23.4,24.9,23.2,75,76,69,18.7,19.5,18.1,1014.9,1015.3,1014.9,1.6,63,2.9,1414.,0.0
A765,28/07/2018,05,17.7,18.1,17.7,98,98,97,17.4,17.7,17.3,1017.6,1018.1,1017.6,0.7,44,1.6,-0.09,0.0
A765,29/07/2018,21,24.7,27.5,24.7,68,69,52,18.3,18.5,16.6,1010.1,1010.2,1009.6,1.0,7,4.2,110.8,0.0
A765,29/07/2018,20,27.5,33.5,27.5,53,,,17.2,,,1009.7,1009.7,1009.2,1.7,112,4.6,433.4,0.0
A765,29/07/2018,06,18.0,18.2,17.3,98,99,98,17.7,17.9,17.1,1012.5,1013.1,1012.4,0.9,230,2.5,-2.18,0.0
A765,29/07/2018,22,23.4,25.0,23.3,77,78,66,19.2,19.3,18.3,1010.4,1010.4,1010.1,0.5,292,2.0,-3.36,0.0
A765,29/07/2018,08,21.5,21.5,18.9,72,91,72,16.2,17.5,15.6,1012.0,1012.2,1011.8,1.2,187,5.0,-3.60,0.0
A765,29/07/2018,00,18.5,18.9,18.4,97,97,96,18.0,18.3,18.0,1015.3,1015.3,1015.2,0.7,211,2.0,-0.78,0.0
A765,29/07/2018,19,33.5,34.6,33.1,,,,,,,1009.2,1009.8,1009.2,2.0,61,5.8,1394.,0.0
A765,29/07/2018,14,29.9,29.9,27.2,,45,37,,14.6,12.5,1013.2,1013.6,1013.2,1.7,55,8.4,1959.,0.0
A765,29/07/2018,02,18.0,18.3,17.8,98,98,98,17.6,17.9,17.5,1015.2,1015.2,1014.9,0.6,1,1.5,-1.73,0.0
A765,29/07/2018,07,19.1,19.8,17.9,91,98,90,17.5,18.2,17.5,1012.0,1012.5,1011.8,0.8,1,3.2,-3.47,0.0
A765,29/07/2018,04,17.3,17.4,17.2,98,98,98,17.0,17.1,16.8,1014.0,1014.9,1014.0,0.6,279,1.7,-1.90,0.0
A765,29/07/2018,03,17.4,18.1,17.4,98,98,98,17.0,17.8,17.0,1014.9,1015.2,1014.8,0.9,333,1.7,-0.75,0.0
A765,29/07/2018,13,27.5,29.2,27.4,43,43,33,13.7,13.7,11.6,1013.5,1013.8,1013.0,3.2,2,10.7,1174.,0.0
A765,29/07/2018,09,19.8,21.6,18.9,80,88,71,16.2,17.2,16.1,1012.5,1012.5,1012.0,1.2,236,5.3,-3.60,0.0
A765,29/07/2018,11,25.0,25.0,20.6,49,77,49,13.5,16.4,13.5,1013.0,1013.2,1012.8,2.0,308,4.7,64.52,0.0
A765,29/07/2018,10,21.9,25.7,19.3,63,82,47,14.5,16.8,13.6,1012.8,1012.8,1012.3,0.8,339,6.4,-3.29,0.0
A765,29/07/2018,12,28.1,28.2,24.8,38,52,37,12.5,14.4,12.2,1013.0,1013.3,1012.7,4.2,334,9.8,670.6,0.0
A765,29/07/2018,23,22.6,23.4,22.3,82,86,77,19.4,19.8,19.1,1010.8,1010.9,1010.4,0.7,254,1.5,-2.95,0.0
A765,29/07/2018,01,18.3,18.7,18.3,98,98,97,17.9,18.2,17.9,1014.9,1015.3,1014.9,0.3,78,1.7,-1.18,0.0
A765,29/07/2018,05,17.8,17.8,17.2,98,99,98,17.5,17.6,16.9,1013.1,1014.0,1013.1,0.8,325,2.5,-3.22,0.0
A765,29/07/2018,15,31.9,31.9,29.6,,,,,,,1012.5,1013.3,1012.5,3.4,358,7.7,2336.,0.0
A765,29/07/2018,16,32.2,32.9,31.9,,,,,,,1011.5,1012.5,1011.5,3.7,297,11.5,2555.,0.0
A765,29/07/2018,18,33.9,33.9,32.7,,,,,,,1009.8,1010.5,1009.8,1.7,56,8.9,2037.,0.0
A765,29/07/2018,17,32.8,32.9,32.2,,,,,,,1010.5,1011.5,1010.5,3.5,335,10.8,2459.,0.0
A765,30/07/2018,00,23.5,23.6,22.3,75,84,74,18.9,19.6,18.6,1010.6,1010.8,1010.5,0.8,183,2.6,-1.91,0.0
A765,30/07/2018,18,20.7,21.2,20.6,84,85,82,17.8,18.2,17.8,1014.8,1016.3,1014.5,1.0,195,8.0,647.5,0.0
A765,30/07/2018,21,19.4,19.9,19.4,91,91,88,18.0,18.0,17.7,1015.4,1016.5,1015.4,0.6,5,4.5,68.12,0.0
A765,30/07/2018,02,23.1,29.0,23.1,74,74,39,18.2,18.2,13.7,1011.5,1011.5,1010.9,3.4,202,7.4,-1.86,0.0
A765,30/07/2018,09,19.5,19.7,19.4,87,87,85,17.3,17.4,17.0,1014.3,1014.3,1013.8,1.3,276,5.5,-1.11,0.0
A765,30/07/2018,20,19.8,19.9,19.5,89,90,87,17.9,18.0,17.6,1016.1,1016.2,1015.1,1.0,251,5.8,109.7,0.0
A765,30/07/2018,19,19.8,20.9,19.8,87,87,84,17.6,18.2,17.6,1015.1,1015.4,1014.8,2.1,226,5.6,219.0,0.0
A765,30/07/2018,22,19.2,19.4,19.1,94,94,91,18.2,18.3,18.0,1015.7,1015.7,1015.4,0.8,4,2.9,-2.71,0.0
A765,30/07/2018,06,19.4,19.4,19.1,89,91,89,17.5,17.8,17.5,1013.5,1013.5,1013.0,2.8,241,11.6,-3.19,0.0
A765,30/07/2018,08,19.6,19.8,19.5,86,87,85,17.2,17.4,17.2,1013.9,1013.9,1013.8,1.7,227,6.4,-0.05,0.0
A765,30/07/2018,23,19.0,19.3,18.9,94,95,93,18.0,18.3,17.9,1015.1,1015.8,1014.9,0.7,3,3.2,-3.06,0.0
A765,30/07/2018,10,19.3,19.5,19.1,89,90,87,17.5,17.5,17.2,1015.1,1015.1,1014.3,0.4,317,2.8,-1.78,0.0
A765,30/07/2018,12,20.4,20.6,19.9,85,87,84,17.8,17.9,17.5,1015.8,1015.9,1015.6,1.4,188,3.1,303.9,0.0
A765,30/07/2018,11,19.9,19.9,19.3,87,90,87,17.7,17.9,17.5,1015.6,1015.6,1015.1,0.2,55,1.0,50.85,0.0
A765,30/07/2018,13,21.3,21.3,20.4,83,85,82,18.3,18.5,17.7,1016.5,1016.5,1015.8,2.1,197,4.9,693.5,0.0
A765,30/07/2018,14,20.7,21.8,20.7,81,83,80,17.3,18.3,17.3,1017.7,1017.7,1016.4,2.8,229,8.0,620.8,0.0
A765,30/07/2018,03,19.6,23.1,19.6,92,92,74,18.2,18.6,18.2,1011.8,1011.8,1011.4,3.6,209,9.0,-2.75,0.0
A765,30/07/2018,05,19.1,19.2,19.0,91,93,91,17.6,17.9,17.6,1013.0,1013.1,1012.2,4.9,225,11.6,-3.57,0.0
A765,30/07/2018,17,21.2,22.1,21.2,82,83,77,18.1,18.3,17.9,1016.3,1016.6,1015.4,2.7,234,8.0,445.8,0.0
A765,30/07/2018,07,19.5,19.6,19.4,87,89,87,17.3,17.5,17.3,1013.8,1013.9,1013.5,1.7,221,7.5,-0.04,0.0
A765,30/07/2018,04,19.2,19.6,19.2,92,93,92,17.9,18.2,17.9,1012.2,1012.2,1011.8,4.1,216,9.5,-3.44,0.0
A765,30/07/2018,01,24.2,27.7,23.3,66,76,44,17.4,18.8,14.2,1011.0,1011.0,1010.5,1.6,231,3.8,-1.37,0.0
A765,30/07/2018,15,22.7,22.7,20.7,73,82,73,17.7,18.0,17.3,1015.7,1017.8,1015.7,1.2,205,8.7,1293.,0.0
A765,30/07/2018,16,21.7,22.9,21.7,79,79,71,18.0,18.2,17.2,1016.2,1016.6,1015.3,1.8,169,5.0,726.9,0.0
A765,31/07/2018,09,18.0,18.6,18.0,97,97,95,17.5,17.9,17.4,1015.3,1015.7,1013.7,1.4,210,6.8,-0.46,8.4
A765,31/07/2018,05,17.9,18.5,17.9,97,97,96,17.4,17.9,17.4,1014.5,1015.7,1014.4,0.5,250,3.3,-1.48,0.6
A765,31/07/2018,19,19.0,19.1,18.9,83,85,82,16.0,16.3,15.9,1017.0,1017.0,1016.8,3.8,259,9.7,385.7,0.0
A765,31/07/2018,21,18.2,18.7,18.1,85,86,82,15.7,15.8,15.4,1017.9,1017.9,1017.2,3.7,259,11.0,57.25,0.0
A765,31/07/2018,18,18.9,19.4,18.8,83,86,82,15.9,16.4,15.9,1016.8,1017.0,1016.7,2.2,250,9.9,601.1,0.0
A765,31/07/2018,23,17.1,17.6,16.9,92,93,90,15.7,16.0,15.7,1019.1,1019.1,1018.2,1.8,241,8.2,-2.62,0.2
A765,31/07/2018,20,18.7,19.1,18.6,83,84,82,15.7,16.2,15.7,1017.3,1017.4,1016.9,5.1,263,10.9,386.9,0.0
A765,31/07/2018,22,17.4,18.2,17.1,91,92,85,16.0,16.0,15.4,1018.3,1018.3,1017.9,3.1,257,11.0,-1.77,0.2
A765,31/07/2018,06,17.9,18.1,17.7,97,97,97,17.4,17.6,17.2,1013.5,1014.5,1013.5,0.6,245,1.7,-2.01,0.0
A765,31/07/2018,00,18.6,19.0,18.6,95,95,94,17.8,18.0,17.7,1015.5,1015.6,1014.9,1.0,221,3.0,-3.44,0.0
A765,31/07/2018,02,19.0,19.5,18.6,93,96,91,17.8,18.5,17.5,1016.8,1017.7,1015.7,1.8,173,5.3,-2.79,0.8
A765,31/07/2018,08,18.5,18.7,17.9,96,97,96,17.9,18.1,17.4,1013.9,1014.9,1011.7,1.7,264,10.5,-1.02,0.0
A765,31/07/2018,10,18.4,18.4,18.0,96,97,96,17.7,17.8,17.5,1016.1,1016.2,1015.3,1.3,188,3.1,-0.21,0.8
A765,31/07/2018,03,18.6,19.2,18.4,96,96,93,17.9,18.2,17.6,1015.4,1017.5,1015.4,2.7,75,5.6,-1.25,3.2
A765,31/07/2018,11,18.4,18.4,18.0,96,96,95,17.7,17.7,17.2,1017.3,1017.5,1016.0,1.6,253,6.7,3.191,9.4
A765,31/07/2018,13,19.8,19.9,18.6,92,96,91,18.4,19.0,17.9,1017.0,1017.0,1016.1,1.5,245,3.6,654.3,0.0
A765,31/07/2018,17,18.8,19.2,18.6,86,86,84,16.3,16.8,15.9,1016.8,1017.4,1016.8,2.7,235,9.9,247.5,0.0
A765,31/07/2018,01,18.6,18.7,18.5,96,96,95,17.9,17.9,17.7,1015.8,1016.0,1015.4,1.4,235,3.5,-2.86,0.0
A765,31/07/2018,12,18.6,18.6,18.1,96,97,96,17.9,17.9,17.4,1016.1,1017.3,1015.3,1.0,253,5.0,132.2,0.4
A765,31/07/2018,15,18.7,19.2,18.4,88,90,87,16.7,17.1,16.6,1017.8,1018.0,1017.6,2.5,236,9.3,314.9,0.0
A765,31/07/2018,16,19.1,19.2,18.7,85,89,85,16.6,16.9,16.4,1017.4,1017.9,1017.4,2.1,256,7.2,439.4,0.0
A765,31/07/2018,14,19.2,20.8,19.2,87,92,84,16.9,18.6,16.9,1017.6,1017.7,1017.0,3.0,211,9.3,915.9,0.2
A765,31/07/2018,04,18.5,18.8,18.3,96,96,94,17.8,18.0,17.6,1015.3,1016.6,1014.7,1.1,319,7.5,-1.21,2.2
A765,31/07/2018,07,18.0,18.1,17.8,97,97,97,17.5,17.7,17.3,1012.7,1013.5,1012.7,1.0,339,1.9,-0.73,0.0
A765,01/08/2018,23,16.4,16.9,16.4,96,96,95,15.8,16.3,15.8,1021.0,1021.3,1020.6,0.9,214,2.3,-1.25,0.4
A765,01/08/2018,00,16.9,17.2,16.9,93,93,91,15.7,15.9,15.6,1019.7,1019.7,1019.1,1.5,234,5.4,-2.61,0.0
A765,01/08/2018,18,18.1,18.6,18.1,89,89,87,16.3,16.6,16.1,1020.1,1020.1,1019.8,1.2,199,3.3,222.5,0.0
A765,01/08/2018,05,16.2,16.6,16.2,93,94,92,15.0,15.5,15.0,1020.4,1020.6,1020.4,1.7,236,5.0,-1.97,0.2
A765,01/08/2018,08,15.8,15.9,15.8,95,95,92,15.0,15.0,14.7,1019.6,1019.7,1019.5,1.2,201,2.9,-1.44,0.2
A765,01/08/2018,09,15.9,16.0,15.8,96,96,95,15.2,15.3,15.0,1020.1,1020.1,1019.6,0.9,242,2.9,-1.31,0.0
A765,01/08/2018,22,16.6,16.8,16.6,95,95,91,15.8,15.8,15.3,1020.8,1020.9,1020.2,0.4,344,2.6,-1.50,0.0
A765,01/08/2018,19,17.3,18.1,17.0,89,92,89,15.5,16.4,15.5,1019.9,1020.2,1019.8,2.6,295,4.8,198.6,0.2
A765,01/08/2018,21,16.8,17.5,16.8,91,92,87,15.3,15.8,15.3,1020.2,1020.4,1020.1,1.5,355,2.9,44.95,1.6
A765,01/08/2018,20,17.5,17.8,17.3,87,89,85,15.4,15.8,15.2,1020.2,1020.2,1019.8,1.7,303,4.5,85.02,0.0
A765,01/08/2018,10,16.0,16.2,15.9,95,96,95,15.3,15.6,15.2,1020.3,1020.3,1020.0,0.3,265,2.5,-1.19,0.0
A765,01/08/2018,14,17.9,17.9,16.8,91,96,90,16.5,16.7,16.2,1021.7,1022.4,1021.6,0.7,241,2.6,676.6,0.0
A765,01/08/2018,06,16.4,16.7,16.1,88,93,88,14.5,15.1,14.5,1020.0,1020.4,1019.9,1.5,247,4.8,-2.85,0.0
A765,01/08/2018,02,17.0,17.3,16.8,92,93,91,15.7,15.8,15.6,1020.6,1020.6,1020.3,1.6,235,5.8,-2.86,0.2
A765,01/08/2018,17,18.6,18.9,18.5,88,88,86,16.6,16.7,16.3,1020.0,1020.9,1020.0,1.1,210,3.2,401.1,0.0
A765,01/08/2018,01,17.3,17.3,16.9,91,93,91,15.8,15.9,15.7,1020.3,1020.3,1019.7,1.7,235,5.6,-2.98,0.0
A765,01/08/2018,11,16.1,16.2,16.0,96,96,95,15.5,15.6,15.3,1020.7,1020.7,1020.3,0.3,33,1.7,28.40,0.8
A765,01/08/2018,12,16.5,16.6,16.1,96,97,96,15.9,16.0,15.5,1021.2,1021.2,1020.7,1.3,271,2.8,166.8,0.6
A765,01/08/2018,03,16.5,17.0,16.5,94,94,92,15.6,15.8,15.6,1020.6,1020.7,1020.5,1.9,222,5.5,-2.13,0.4
A765,01/08/2018,16,18.9,19.2,18.5,86,89,85,16.5,17.0,16.3,1020.9,1021.5,1020.9,0.7,258,3.5,685.4,0.0
A765,01/08/2018,07,15.9,17.0,15.9,92,92,86,14.7,15.0,14.2,1019.6,1020.0,1019.6,1.0,223,3.9,-3.06,0.0
A765,01/08/2018,13,16.8,16.9,16.4,96,97,96,16.1,16.2,15.9,1022.3,1022.3,1021.2,1.3,213,2.9,306.1,0.0
A765,01/08/2018,04,16.6,16.7,16.5,93,94,93,15.5,15.8,15.5,1020.5,1020.6,1020.5,2.1,242,5.0,-1.90,0.6
A765,01/08/2018,15,18.5,18.5,17.8,89,91,88,16.6,16.8,16.1,1021.5,1021.7,1021.5,1.2,223,2.5,531.1,0.0
A765,02/08/2018,20,19.5,20.5,19.5,87,87,84,17.3,17.7,17.1,1019.2,1019.2,1019.0,1.7,127,4.1,423.3,0.0
A765,02/08/2018,06,16.2,16.5,16.2,96,97,96,15.6,15.9,15.6,1020.0,1020.7,1020.0,0.5,279,1.9,-0.17,0.0
A765,02/08/2018,18,20.5,21.2,20.2,83,84,78,17.5,17.9,16.7,1019.2,1019.8,1019.2,2.3,109,5.3,1326.,0.0
A765,02/08/2018,05,16.5,16.6,16.4,96,96,95,15.8,16.0,15.6,1020.7,1021.0,1020.5,1.3,320,1.8,-0.24,0.0
A765,02/08/2018,11,16.9,17.0,16.5,97,97,97,16.4,16.5,16.0,1021.5,1021.5,1020.3,0.9,250,3.6,79.92,0.0
A765,02/08/2018,17,21.0,21.5,20.2,79,83,78,17.3,18.0,16.6,1019.7,1020.6,1019.7,2.0,132,4.9,1536.,0.0
A765,02/08/2018,16,20.6,21.3,20.4,81,81,77,17.2,17.7,16.5,1020.6,1021.2,1020.6,1.5,143,4.1,1538.,0.0
A765,02/08/2018,10,16.5,16.6,16.4,97,97,97,16.1,16.1,16.0,1020.5,1020.7,1020.0,1.1,212,3.6,0.019,0.0
A765,02/08/2018,02,16.4,16.5,16.2,96,96,96,15.8,16.0,15.6,1021.8,1021.8,1021.3,1.1,315,3.4,-0.62,0.8
A765,02/08/2018,21,19.1,19.5,19.1,88,88,87,17.1,17.4,17.1,1019.8,1019.8,1019.0,1.2,119,3.5,70.47,0.0
A765,02/08/2018,23,18.2,18.2,18.1,95,95,94,17.4,17.4,17.1,1019.5,1019.7,1019.4,0.5,255,1.5,-1.62,0.0
A765,02/08/2018,19,20.5,20.6,20.0,84,85,82,17.8,17.8,17.2,1019.2,1019.3,1019.1,1.7,113,4.6,875.5,0.0
A765,02/08/2018,08,16.2,16.4,16.1,97,97,96,15.7,15.9,15.5,1019.3,1020.3,1019.1,0.4,47,2.3,-0.39,1.6
A765,02/08/2018,22,18.2,19.1,18.2,94,94,88,17.3,17.3,17.0,1019.7,1019.8,1019.6,0.8,75,2.3,-1.97,0.0
A765,02/08/2018,09,16.5,16.7,16.2,97,97,97,16.0,16.2,15.7,1020.1,1020.1,1019.3,0.7,247,2.1,0.018,0.0
A765,02/08/2018,03,16.4,16.7,16.3,96,96,96,15.8,16.1,15.7,1021.2,1021.8,1021.2,1.1,331,1.7,-0.43,0.0
A765,02/08/2018,04,16.4,16.5,16.3,96,96,96,15.7,15.9,15.6,1020.8,1021.2,1020.8,0.7,58,2.0,-0.35,0.0
A765,02/08/2018,00,16.3,16.6,16.2,96,97,96,15.6,16.0,15.6,1021.1,1021.2,1020.9,0.5,258,3.0,-0.56,0.2
A765,02/08/2018,12,17.7,17.7,16.9,95,97,95,16.9,16.9,16.4,1021.7,1021.8,1021.4,1.4,201,2.4,341.0,0.0
A765,02/08/2018,15,20.9,21.0,19.1,81,87,79,17.6,17.9,16.5,1021.2,1021.7,1021.1,1.5,117,3.3,1764.,0.2
A765,02/08/2018,01,16.3,16.6,16.2,96,96,96,15.6,15.9,15.5,1021.6,1021.6,1021.1,1.2,232,3.1,-0.90,0.0
A765,02/08/2018,14,19.1,19.2,18.7,86,90,86,16.7,17.2,16.7,1021.7,1022.1,1021.7,1.5,220,3.4,772.7,0.0
A765,02/08/2018,13,18.8,18.8,17.6,89,95,89,16.9,17.3,16.8,1021.9,1021.9,1021.7,0.9,272,2.6,797.6,0.0
A765,02/08/2018,07,16.2,16.4,16.1,96,96,96,15.6,15.8,15.5,1020.2,1020.2,1019.8,0.8,215,2.4,-0.50,0.0
A765,03/08/2018,00,18.3,18.4,18.1,96,96,95,17.6,17.7,17.4,1019.4,1019.5,1019.2,0.6,286,1.5,-1.29,0.0
A765,03/08/2018,08,17.6,17.9,17.6,96,96,96,17.0,17.3,17.0,1016.5,1017.0,1016.4,0.9,214,1.9,-1.79,0.0
A765,03/08/2018,11,17.6,17.8,17.4,97,97,96,17.1,17.2,16.9,1017.4,1017.4,1016.8,0.8,262,2.1,34.82,0.0
A765,03/08/2018,18,18.9,19.2,18.9,95,95,94,18.1,18.4,18.1,1016.0,1016.8,1016.0,1.4,220,4.1,310.2,0.6
A765,03/08/2018,21,18.9,19.0,18.9,96,96,96,18.2,18.4,18.2,1014.7,1015.0,1014.4,0.4,179,2.5,43.40,0.2
A765,03/08/2018,19,18.8,19.0,18.8,96,96,95,18.1,18.3,18.0,1015.5,1016.0,1015.5,0.6,219,3.2,193.1,0.6
A765,03/08/2018,09,17.5,17.8,17.5,97,97,96,17.0,17.3,16.9,1016.4,1016.5,1016.1,0.8,258,2.3,-2.01,0.0
A765,03/08/2018,02,18.3,18.4,18.2,95,95,95,17.5,17.6,17.4,1019.0,1019.1,1018.9,0.3,321,1.7,-1.73,0.0
A765,03/08/2018,22,18.9,19.0,18.8,96,96,96,18.2,18.3,18.2,1015.1,1015.1,1014.7,0.7,236,3.6,-2.12,0.4
A765,03/08/2018,06,17.9,18.0,17.8,96,97,96,17.3,17.4,17.2,1017.7,1018.2,1017.7,1.2,214,3.1,-1.20,0.0
A765,03/08/2018,23,18.7,18.9,18.5,97,97,96,18.2,18.2,17.9,1014.8,1015.2,1014.7,1.7,172,3.5,-1.56,0.2
A765,03/08/2018,20,18.9,18.9,18.8,96,96,96,18.3,18.3,18.1,1015.0,1015.5,1014.9,0.5,350,1.4,139.6,0.4
A765,03/08/2018,10,17.8,17.8,17.5,96,97,96,17.2,17.2,16.9,1016.8,1017.2,1016.4,0.7,244,3.0,-1.08,0.0
A765,03/08/2018,03,18.1,18.4,18.1,95,95,95,17.3,17.6,17.3,1018.4,1019.0,1018.4,0.4,272,1.6,-2.65,0.0
A765,03/08/2018,15,18.9,18.9,18.7,94,95,93,17.9,17.9,17.7,1017.3,1017.6,1017.2,1.3,203,4.0,314.6,0.4
A765,03/08/2018,12,18.0,18.0,17.6,96,97,96,17.3,17.3,17.0,1017.6,1017.6,1017.2,1.1,231,2.3,133.6,0.0
A765,03/08/2018,17,19.1,19.5,19.1,94,94,93,18.2,18.3,18.0,1016.8,1016.9,1016.8,1.7,221,4.1,348.8,0.2
A765,03/08/2018,05,17.8,18.1,17.7,96,96,96,17.2,17.5,17.1,1017.7,1018.3,1017.6,1.4,208,3.0,-1.80,0.0
A765,03/08/2018,07,17.9,18.0,17.9,96,96,96,17.2,17.4,17.2,1016.9,1017.7,1016.9,0.7,251,2.8,-1.21,0.0
A765,03/08/2018,13,18.7,18.7,18.0,94,96,94,17.7,17.8,17.3,1017.9,1017.9,1017.6,1.0,289,2.3,194.7,0.0
A765,03/08/2018,01,18.3,18.4,18.1,95,96,95,17.5,17.7,17.4,1019.0,1019.6,1019.0,0.9,327,1.9,-1.56,0.0
A765,03/08/2018,04,17.8,18.1,17.8,96,96,95,17.1,17.3,17.1,1018.1,1018.4,1018.0,0.8,220,1.5,-1.80,0.0
A765,03/08/2018,16,19.5,19.5,18.9,93,94,92,18.3,18.3,17.8,1016.8,1017.3,1016.7,0.9,250,3.2,466.9,0.2
A765,03/08/2018,14,18.8,18.9,18.4,94,95,94,17.9,17.9,17.4,1017.2,1018.0,1017.1,0.5,143,2.3,252.7,0.2
A765,04/08/2018,12,19.2,19.2,17.4,90,97,90,17.5,17.9,16.9,1016.1,1016.1,1015.5,1.0,285,1.6,737.1,0.0
A765,04/08/2018,05,18.4,18.5,18.3,95,95,94,17.7,17.7,17.5,1015.0,1015.2,1014.9,1.8,219,6.7,-1.62,0.0
A765,04/08/2018,11,17.4,17.4,17.0,97,97,96,16.8,16.9,16.4,1016.0,1016.0,1015.6,0.5,336,1.8,105.8,0.0
A765,04/08/2018,23,18.3,18.4,18.2,96,96,96,17.7,17.8,17.6,1014.9,1014.9,1014.2,0.4,242,1.1,-1.10,0.0
A765,04/08/2018,18,19.4,19.9,19.4,88,88,85,17.3,17.5,17.2,1013.0,1013.9,1012.8,1.1,213,4.2,161.9,0.0
A765,04/08/2018,08,18.4,18.7,18.3,93,94,91,17.3,17.4,17.1,1014.8,1014.8,1014.4,1.9,178,3.6,-2.84,0.0
A765,04/08/2018,06,18.5,18.6,18.4,95,96,95,17.6,17.7,17.6,1015.3,1015.4,1015.0,1.4,227,5.6,-1.82,0.0
A765,04/08/2018,17,19.8,20.7,19.5,86,89,85,17.5,18.1,17.4,1013.9,1014.6,1013.9,1.8,200,4.8,206.0,0.0
A765,04/08/2018,21,18.3,18.5,18.3,96,96,94,17.6,17.7,17.4,1014.1,1014.1,1013.5,0.9,176,2.9,28.17,0.0
A765,04/08/2018,09,17.9,18.4,17.9,94,95,93,16.9,17.5,16.9,1015.1,1015.5,1014.8,1.8,307,4.7,-2.27,0.0
A765,04/08/2018,02,18.6,19.1,18.5,96,96,95,17.9,18.4,17.9,1014.7,1015.2,1014.7,1.3,50,5.6,-1.80,0.0
A765,04/08/2018,19,19.1,19.4,19.1,88,88,87,17.1,17.4,17.0,1012.9,1013.2,1012.8,2.0,189,3.6,226.8,0.0
A765,04/08/2018,20,18.5,19.2,18.5,94,94,88,17.6,17.6,17.1,1013.5,1013.5,1012.9,1.2,198,3.6,120.2,0.0
A765,04/08/2018,22,18.2,18.3,18.2,96,96,96,17.6,17.7,17.6,1014.2,1014.2,1014.0,0.6,147,2.2,-0.57,0.0
A765,04/08/2018,10,17.1,17.9,17.1,96,96,94,16.5,17.0,16.5,1015.7,1015.7,1015.1,1.1,190,2.9,-2.73,0.0
A765,04/08/2018,03,20.4,20.4,18.6,76,96,76,16.1,18.5,16.1,1013.9,1014.7,1013.8,1.3,88,4.1,-1.94,0.0
A765,04/08/2018,13,21.8,21.8,19.2,80,90,80,18.1,18.5,17.1,1015.5,1016.1,1015.5,0.7,119,1.8,1366.,0.0
A765,04/08/2018,04,18.5,20.4,18.4,94,94,76,17.5,17.5,16.3,1015.1,1015.1,1013.8,2.1,228,6.1,-1.24,0.0
A765,04/08/2018,07,18.7,19.0,18.5,91,95,91,17.3,17.8,17.3,1014.6,1015.5,1014.6,1.2,272,5.4,-0.37,0.0
A765,04/08/2018,00,18.5,18.7,18.3,97,97,97,17.9,18.2,17.7,1015.5,1015.5,1014.8,0.5,326,3.5,-1.76,0.0
A765,04/08/2018,16,20.6,21.8,20.2,85,87,80,18.0,18.5,17.7,1014.5,1015.4,1014.5,1.6,166,5.3,1098.,0.0
A765,04/08/2018,15,21.6,22.5,20.8,81,84,78,18.2,18.8,17.8,1015.4,1015.8,1015.3,2.5,134,5.1,1991.,0.2
A765,04/08/2018,14,22.0,22.4,20.7,78,84,78,18.1,19.1,17.8,1015.8,1015.8,1015.4,1.7,122,3.7,2071.,0.0
A765,04/08/2018,01,18.9,19.0,18.2,96,97,96,18.3,18.3,17.6,1015.0,1015.6,1014.8,2.9,133,5.6,-2.24,0.0
A765,05/08/2018,20,20.3,20.5,20.1,72,74,67,15.1,15.6,13.9,1016.9,1016.9,1016.5,0.9,187,2.4,415.6,0.0
A765,05/08/2018,03,17.8,18.3,17.7,96,96,96,17.2,17.6,17.1,1014.6,1015.0,1014.5,0.3,313,1.4,-2.37,0.0
A765,05/08/2018,02,17.9,18.2,17.9,96,96,96,17.4,17.6,17.3,1014.6,1014.7,1014.4,0.5,58,1.8,-2.80,0.0
A765,05/08/2018,06,16.9,17.2,16.8,98,98,97,16.5,16.8,16.4,1012.5,1013.1,1012.4,0.9,351,2.8,-3.05,0.0
A765,05/08/2018,05,17.2,17.5,17.2,97,97,97,16.8,17.1,16.8,1013.1,1013.9,1013.1,1.1,277,1.9,-2.92,0.0
A765,05/08/2018,07,16.9,17.1,16.9,98,98,98,16.5,16.8,16.5,1012.2,1012.5,1012.2,0.5,99,2.0,-2.33,0.0
A765,05/08/2018,15,20.7,20.8,20.2,91,91,89,19.2,19.3,18.5,1017.4,1017.4,1016.8,1.1,184,3.3,432.1,0.0
A765,05/08/2018,19,20.3,20.7,20.3,67,70,65,14.0,15.0,13.9,1016.5,1016.7,1015.9,0.9,225,3.3,377.8,0.0
A765,05/08/2018,18,20.6,20.6,20.1,69,77,69,14.9,15.9,14.7,1016.2,1016.6,1016.1,1.3,191,3.7,465.0,0.0
A765,05/08/2018,17,20.5,20.8,20.5,72,81,71,15.4,17.3,15.2,1016.1,1016.7,1015.9,1.5,220,4.3,332.0,0.0
A765,05/08/2018,23,17.5,18.4,17.5,86,86,83,15.2,15.9,14.9,1018.9,1018.9,1018.5,1.0,308,2.8,-3.00,0.0
A765,05/08/2018,16,20.6,20.9,20.5,81,91,81,17.2,19.2,17.2,1016.7,1017.4,1016.6,1.5,248,5.1,340.9,0.2
A765,05/08/2018,21,19.4,20.3,19.3,77,78,72,15.2,15.6,14.8,1017.6,1017.6,1016.8,0.7,247,2.0,89.98,0.0
A765,05/08/2018,10,17.5,17.5,17.1,97,98,97,17.1,17.1,16.7,1013.8,1013.8,1013.0,0.8,289,1.4,-0.60,0.0
A765,05/08/2018,09,17.4,17.4,16.8,98,98,98,17.0,17.0,16.5,1013.0,1013.0,1012.4,0.8,319,2.1,-1.23,0.0
A765,05/08/2018,00,18.3,18.4,18.2,97,97,96,17.7,17.8,17.6,1014.9,1015.0,1014.8,0.2,252,1.3,-0.70,0.0
A765,05/08/2018,11,17.5,17.5,17.2,97,98,97,17.1,17.1,16.8,1014.6,1014.6,1013.5,1.0,179,2.6,52.21,0.0
A765,05/08/2018,04,17.5,17.8,17.5,97,97,96,17.0,17.2,17.0,1013.8,1014.6,1013.8,0.5,19,1.2,-2.32,0.0
A765,05/08/2018,22,18.2,19.4,18.2,86,86,77,15.9,16.2,15.2,1018.5,1018.5,1017.7,1.2,213,2.9,-2.46,0.0
A765,05/08/2018,08,16.8,17.2,16.7,98,98,97,16.5,16.8,16.3,1012.4,1012.6,1012.1,0.6,247,1.7,-1.40,0.0
A765,05/08/2018,14,20.4,20.4,20.0,91,93,91,18.9,19.0,18.5,1016.8,1016.9,1016.1,0.5,21,2.5,400.4,0.0
A765,05/08/2018,01,18.2,18.3,18.1,96,97,96,17.6,17.7,17.5,1014.6,1014.9,1014.4,0.6,14,2.7,-1.21,0.0
A765,05/08/2018,13,20.1,20.1,18.6,92,97,92,18.7,18.7,18.1,1016.1,1016.2,1015.4,0.4,106,2.1,544.6,0.0
A765,05/08/2018,12,18.6,18.6,17.5,97,97,97,18.1,18.1,17.1,1015.5,1015.5,1014.6,0.5,333,2.0,266.8,0.0
A765,06/08/2018,08,16.5,16.6,16.0,93,93,90,15.4,15.4,14.5,1019.2,1019.2,1018.4,0.6,265,1.7,-0.00,0.0
A765,06/08/2018,02,17.0,17.1,16.6,92,94,92,15.8,15.8,15.5,1020.0,1020.0,1019.2,1.8,197,4.5,-3.35,0.0
A765,06/08/2018,07,16.2,16.3,16.0,90,93,89,14.6,14.9,14.5,1019.0,1019.3,1018.4,1.0,281,2.0,-1.18,0.0
A765,06/08/2018,12,17.0,17.1,16.8,96,96,96,16.3,16.4,16.1,1021.3,1021.3,1020.8,0.9,359,2.1,106.4,0.0
A765,06/08/2018,18,16.4,16.8,16.4,93,94,91,15.3,15.6,15.2,1020.6,1020.6,1020.3,0.9,160,4.3,130.2,2.0
A765,06/08/2018,22,15.4,15.6,15.4,96,96,95,14.7,14.8,14.6,1021.5,1021.5,1020.7,0.9,230,3.6,-0.70,0.2
A765,06/08/2018,13,17.2,17.2,17.0,96,96,96,16.5,16.5,16.3,1022.4,1022.5,1021.3,0.8,322,1.8,73.16,0.2
A765,06/08/2018,14,17.7,17.7,17.2,92,96,92,16.3,16.9,16.3,1021.0,1022.4,1020.9,0.9,26,2.3,387.3,0.0
A765,06/08/2018,23,15.8,15.9,15.4,95,96,94,14.9,15.1,14.7,1022.0,1022.1,1021.3,0.5,11,2.6,-0.45,0.0
A765,06/08/2018,06,16.0,16.5,15.9,93,94,92,14.8,15.5,14.6,1018.7,1020.0,1018.7,0.8,258,3.0,-2.70,0.0
A765,06/08/2018,15,17.9,18.0,17.6,89,92,88,16.0,16.5,15.8,1021.7,1021.8,1021.0,1.1,312,2.1,530.6,0.0
A765,06/08/2018,09,17.1,17.1,16.4,95,95,93,16.3,16.3,15.3,1021.2,1021.2,1019.2,2.0,229,4.6,-0.79,0.2
A765,06/08/2018,16,18.1,18.1,17.8,92,92,88,16.8,16.8,15.9,1021.6,1021.9,1021.6,0.7,234,2.7,318.7,0.4
A765,06/08/2018,21,15.5,15.6,15.4,95,95,95,14.8,14.8,14.6,1020.8,1021.2,1020.8,1.2,32,3.3,26.22,0.6
A765,06/08/2018,20,15.5,15.7,15.4,95,95,93,14.8,14.8,14.4,1020.9,1021.2,1020.8,1.1,183,3.3,59.70,1.8
A765,06/08/2018,19,15.7,16.4,15.7,93,93,93,14.5,15.3,14.5,1020.8,1020.8,1020.6,1.2,172,4.2,74.27,2.6
A765,06/08/2018,05,16.1,16.4,16.0,92,92,88,14.9,15.0,14.2,1020.0,1020.3,1020.0,0.7,322,2.3,-2.81,0.0
A765,06/08/2018,17,16.8,18.3,16.8,91,92,89,15.3,16.7,15.3,1020.4,1021.6,1020.4,2.4,154,4.9,354.7,0.6
A765,06/08/2018,03,16.6,17.4,16.6,90,93,90,15.0,15.9,15.0,1020.3,1020.5,1019.8,1.3,340,4.0,-3.11,0.0
A765,06/08/2018,11,17.1,17.2,16.9,96,96,95,16.4,16.5,16.1,1021.1,1022.0,1020.9,0.8,9,2.1,24.21,1.2
A765,06/08/2018,01,16.9,17.1,16.7,93,93,88,15.7,15.7,14.9,1019.3,1019.4,1018.9,0.7,240,2.6,-2.41,0.0
A765,06/08/2018,04,16.3,16.6,16.3,90,92,89,14.6,15.3,14.6,1020.1,1020.5,1020.0,0.5,351,2.1,-2.92,0.0
A765,06/08/2018,00,17.0,17.5,17.0,89,89,86,15.2,15.5,15.1,1018.9,1019.1,1018.8,0.9,334,1.5,-3.09,0.0
A765,06/08/2018,10,16.9,17.1,16.9,95,95,95,16.1,16.3,16.1,1022.0,1022.0,1020.8,0.9,256,4.4,-1.01,1.2
A765,07/08/2018,10,16.0,16.2,15.9,96,97,96,15.4,15.6,15.3,1022.8,1022.8,1022.1,1.1,227,2.6,-0.63,0.0
A765,07/08/2018,23,17.2,17.4,17.0,89,91,89,15.5,15.8,15.5,1022.3,1022.3,1022.0,0.7,242,3.4,-0.23,0.0
A765,07/08/2018,02,15.8,16.0,15.7,96,96,95,15.1,15.3,15.0,1022.9,1023.6,1022.7,1.5,299,2.7,0.198,0.0
A765,07/08/2018,22,17.4,17.5,17.2,90,91,89,15.8,15.9,15.5,1022.1,1022.1,1021.8,1.5,1,2.8,-0.32,0.0
A765,07/08/2018,03,15.9,16.2,15.7,96,96,96,15.2,15.6,15.1,1022.9,1023.4,1022.9,0.9,212,2.6,0.063,0.0
A765,07/08/2018,17,18.9,19.3,18.8,82,83,81,15.7,16.1,15.6,1021.7,1022.4,1021.7,0.4,12,1.5,415.1,0.0
A765,07/08/2018,07,15.8,16.1,15.8,96,97,96,15.2,15.5,15.2,1021.1,1021.6,1021.1,0.7,178,1.6,-1.19,0.0
A765,07/08/2018,21,17.3,17.4,17.0,91,94,90,15.8,16.1,15.7,1021.8,1021.8,1021.4,1.2,318,3.1,43.77,0.0
A765,07/08/2018,00,15.6,16.0,15.6,96,96,94,14.9,15.2,14.8,1022.2,1022.7,1021.9,1.1,162,2.5,-0.46,0.0
A765,07/08/2018,04,16.0,16.1,15.9,96,96,95,15.3,15.5,15.2,1022.6,1022.9,1022.2,1.5,313,2.7,0.274,0.0
A765,07/08/2018,15,18.5,18.8,18.0,85,88,83,15.8,16.2,15.5,1023.1,1023.7,1023.1,0.8,276,1.5,552.1,0.0
A765,07/08/2018,06,15.8,16.1,15.8,96,97,96,15.3,15.4,15.2,1021.5,1022.1,1021.5,0.7,206,2.0,-0.54,0.0
A765,07/08/2018,13,17.4,17.4,16.6,93,96,93,16.3,16.4,15.8,1023.7,1023.9,1023.7,0.7,207,1.7,379.7,0.0
A765,07/08/2018,11,16.3,16.3,16.0,97,97,96,15.7,15.8,15.4,1023.5,1023.5,1022.8,0.8,263,2.4,26.28,0.0
A765,07/08/2018,19,17.9,19.1,17.9,87,87,82,15.7,16.3,15.4,1021.1,1021.1,1020.9,1.2,15,2.3,175.7,0.0
A765,07/08/2018,16,19.0,19.2,18.5,83,85,82,16.0,16.3,15.8,1022.4,1023.1,1022.4,0.7,193,1.7,562.7,0.0
A765,07/08/2018,01,15.8,15.8,15.5,96,96,95,15.1,15.1,14.9,1023.5,1023.5,1022.2,0.8,111,3.7,0.069,0.0
A765,07/08/2018,20,17.0,17.9,17.0,93,93,87,16.0,16.3,15.7,1021.5,1021.5,1021.1,1.9,327,4.0,133.1,0.0
A765,07/08/2018,08,15.7,15.9,15.7,97,97,96,15.2,15.4,15.1,1021.4,1021.4,1020.9,0.8,226,1.5,-1.69,0.0
A765,07/08/2018,18,19.1,19.2,18.8,82,83,81,16.0,16.2,15.6,1021.0,1021.7,1021.0,0.2,241,1.3,323.3,0.0
A765,07/08/2018,14,18.0,18.0,17.3,88,93,88,15.9,16.2,15.6,1023.7,1024.0,1023.6,0.6,262,1.4,443.7,0.0
A765,07/08/2018,12,16.6,16.7,16.2,96,97,96,16.0,16.1,15.7,1023.8,1024.0,1023.5,0.6,265,2.0,122.8,0.0
A765,07/08/2018,09,16.0,16.0,15.7,96,97,96,15.4,15.4,15.2,1022.1,1022.2,1021.4,1.0,208,2.8,-0.05,0.0
A765,07/08/2018,05,16.1,16.1,15.9,96,96,95,15.4,15.4,15.2,1022.1,1022.6,1022.1,1.0,283,2.3,0.191,0.0
A765,08/08/2018,22,19.1,19.6,19.0,92,92,87,17.7,17.7,17.3,1018.2,1018.2,1017.7,0.4,292,0.7,-0.74,0.0
A765,08/08/2018,13,19.0,19.0,18.5,87,88,86,16.7,16.7,16.4,1022.9,1023.0,1022.6,1.4,210,3.2,435.8,0.0
A765,08/08/2018,14,19.9,20.1,19.0,82,87,81,16.7,17.2,16.5,1022.4,1022.9,1022.4,1.0,123,2.6,767.6,0.0
A765,08/08/2018,03,17.2,17.2,17.1,94,94,94,16.2,16.3,16.1,1022.4,1022.5,1022.4,0.4,24,1.1,-0.11,0.0
A765,08/08/2018,00,17.3,17.4,17.2,91,92,89,15.9,16.0,15.4,1022.5,1022.6,1022.3,0.6,345,1.5,0.013,0.0
A765,08/08/2018,08,17.2,17.3,17.1,93,93,93,16.0,16.3,16.0,1020.7,1021.0,1020.7,0.9,206,1.9,-0.05,0.0
A765,08/08/2018,12,18.5,18.5,17.6,88,92,88,16.5,16.6,16.3,1022.6,1022.6,1022.0,0.9,211,2.8,334.8,0.0
A765,08/08/2018,19,20.1,20.6,19.9,82,83,80,17.0,17.4,16.7,1018.0,1018.5,1018.0,1.9,96,3.5,349.2,0.0
A765,08/08/2018,15,20.6,21.1,19.9,81,84,77,17.3,17.5,16.5,1021.0,1022.4,1021.0,2.6,103,4.4,1474.,0.2
A765,08/08/2018,23,18.0,19.1,18.0,95,95,92,17.2,17.8,17.2,1018.3,1018.4,1018.2,0.6,337,1.1,-3.49,0.0
A765,08/08/2018,07,17.2,17.3,17.2,93,95,93,16.1,16.4,16.1,1021.0,1021.3,1021.0,0.8,248,3.3,0.505,0.0
A765,08/08/2018,21,19.6,20.1,19.6,87,87,84,17.4,17.5,17.1,1017.7,1017.7,1017.3,0.4,201,1.4,122.0,0.0
A765,08/08/2018,05,17.1,17.3,17.1,95,96,95,16.3,16.6,16.3,1021.5,1022.4,1021.5,0.8,215,1.8,0.107,0.0
A765,08/08/2018,18,20.6,20.7,20.1,81,82,77,17.3,17.3,16.3,1018.5,1019.1,1018.4,0.8,51,2.5,510.1,0.0
A765,08/08/2018,16,20.4,20.9,20.1,82,84,80,17.1,17.7,16.8,1020.4,1021.0,1020.4,1.3,118,4.4,1221.,0.0
A765,08/08/2018,17,20.6,20.8,20.3,78,82,77,16.7,17.1,16.4,1019.2,1020.4,1019.2,0.7,76,2.7,755.6,0.0
A765,08/08/2018,06,17.2,17.2,17.1,95,96,95,16.4,16.5,16.3,1021.3,1021.5,1021.2,1.5,214,3.4,-0.04,0.0
A765,08/08/2018,09,17.1,17.3,17.1,94,94,93,16.1,16.3,16.0,1021.3,1021.3,1020.7,1.0,232,2.1,-0.50,0.0
A765,08/08/2018,20,20.1,20.5,20.0,84,84,82,17.2,17.5,16.9,1017.6,1018.0,1017.6,0.8,111,3.0,309.7,0.0
A765,08/08/2018,10,17.2,17.4,17.1,93,94,93,16.1,16.5,16.1,1021.8,1021.8,1021.3,0.8,241,3.1,0.707,0.0
A765,08/08/2018,01,17.0,17.4,17.0,93,94,91,16.0,16.1,15.8,1022.5,1022.6,1022.5,0.4,220,1.7,-0.33,0.0
A765,08/08/2018,11,17.6,17.7,17.2,92,93,92,16.4,16.4,16.1,1022.0,1022.0,1021.8,1.3,216,2.6,71.83,0.0
A765,08/08/2018,02,17.1,17.2,17.0,94,94,93,16.1,16.2,15.9,1022.4,1022.5,1022.3,0.7,318,1.5,-0.27,0.0
A765,08/08/2018,04,17.2,17.3,17.1,95,95,94,16.4,16.4,16.2,1022.4,1022.4,1022.2,0.8,317,1.2,-0.18,0.0
A765,09/08/2018,10,20.4,21.2,19.9,83,85,75,17.3,17.4,16.6,1013.6,1014.6,1013.5,2.3,127,6.6,-0.21,0.0
A765,09/08/2018,09,21.2,24.2,17.8,75,97,62,16.5,18.7,16.2,1013.6,1014.6,1011.8,2.8,238,10.6,-1.66,0.0
A765,09/08/2018,07,17.5,17.7,17.5,97,97,97,17.0,17.2,17.0,1015.0,1015.5,1014.9,1.1,260,3.5,-1.45,0.0
A765,09/08/2018,11,20.4,22.1,20.1,81,83,70,17.2,17.3,16.3,1013.2,1013.6,1012.6,0.8,263,7.3,80.16,0.0
A765,09/08/2018,02,17.7,17.8,17.1,96,97,96,17.1,17.2,16.5,1019.7,1019.7,1019.1,0.8,258,3.5,-1.96,0.0
A765,09/08/2018,01,17.1,17.5,17.1,97,97,96,16.5,16.9,16.5,1019.1,1019.1,1018.7,1.0,262,2.2,-3.55,0.0
A765,09/08/2018,18,26.3,26.3,24.6,57,64,56,17.1,17.8,16.7,1009.6,1010.4,1009.5,1.9,131,4.3,1977.,0.0
A765,09/08/2018,15,23.6,25.2,22.2,72,78,65,18.2,19.6,17.6,1012.0,1013.4,1011.8,1.3,235,5.0,1435.,0.0
A765,09/08/2018,19,25.9,26.5,25.4,57,59,54,16.7,17.2,15.8,1009.5,1009.8,1009.3,2.0,114,4.8,1717.,0.0
A765,09/08/2018,08,17.8,17.9,17.5,97,97,97,17.3,17.4,17.0,1014.6,1015.0,1014.6,0.9,56,2.3,-1.15,0.0
A765,09/08/2018,14,23.7,23.8,21.1,68,85,67,17.5,19.5,17.1,1013.4,1014.2,1013.3,1.0,257,2.1,1182.,0.0
A765,09/08/2018,00,17.5,18.0,17.5,96,96,95,16.8,17.2,16.7,1018.7,1018.7,1018.2,0.5,327,1.6,-3.48,0.0
A765,09/08/2018,04,17.9,18.1,17.8,96,97,96,17.3,17.5,17.2,1019.2,1019.5,1019.1,1.1,308,2.9,-0.55,0.2
A765,09/08/2018,06,17.5,17.7,17.4,97,97,97,17.1,17.2,16.9,1015.4,1018.0,1015.4,0.9,79,2.8,-0.73,0.4
A765,09/08/2018,21,22.5,24.4,22.5,76,76,66,18.1,18.2,17.3,1010.2,1010.2,1009.4,0.7,309,2.7,155.4,0.0
A765,09/08/2018,17,25.7,25.9,23.8,58,72,56,16.8,18.8,16.3,1010.3,1011.5,1010.2,2.0,101,5.8,2521.,0.0
A765,09/08/2018,22,21.4,22.5,21.1,85,88,77,18.7,19.1,18.0,1010.5,1010.6,1009.8,1.1,200,2.9,1.903,0.0
A765,09/08/2018,23,20.7,21.4,20.6,89,90,85,18.8,19.1,18.6,1011.1,1011.1,1010.5,1.4,211,3.0,-2.38,0.0
A765,09/08/2018,12,20.2,20.5,19.9,86,88,81,17.7,17.9,17.1,1014.0,1014.3,1013.2,0.5,324,2.7,235.1,0.0
A765,09/08/2018,05,17.5,18.0,17.5,97,97,96,17.0,17.4,17.0,1018.0,1019.2,1018.0,0.4,158,2.4,-0.83,0.0
A765,09/08/2018,03,17.9,17.9,17.5,96,96,96,17.2,17.3,16.9,1019.5,1020.1,1019.5,1.0,265,3.0,-0.86,0.2
A765,09/08/2018,20,24.4,25.9,24.4,66,66,57,17.7,17.7,16.3,1009.4,1009.6,1009.3,1.5,105,3.6,564.7,0.0
A765,09/08/2018,13,21.4,21.4,20.2,84,87,82,18.5,18.7,17.7,1014.0,1014.1,1013.8,0.8,180,3.6,547.5,0.0
A765,09/08/2018,16,23.8,25.6,23.4,72,73,62,18.4,18.8,17.3,1011.5,1012.0,1011.3,2.7,92,4.9,2207.,0.2
A765,10/08/2018,16,20.6,22.0,20.1,60,65,52,12.5,14.0,11.7,1013.7,1014.5,1013.7,2.3,142,7.7,2822.,0.0
A765,10/08/2018,07,15.8,17.4,15.8,90,90,82,14.1,14.7,14.1,1013.9,1014.3,1013.9,0.5,153,3.0,-3.60,0.0
A765,10/08/2018,21,18.0,19.9,18.0,69,69,61,12.2,12.5,11.8,1014.2,1014.3,1014.1,1.1,149,4.6,268.0,0.0
A765,10/08/2018,11,15.3,15.3,14.1,95,97,95,14.6,14.6,13.6,1015.1,1015.2,1014.7,0.5,288,2.4,144.6,0.0
A765,10/08/2018,04,18.3,18.8,18.3,82,84,82,15.2,16.0,15.2,1014.9,1015.0,1014.5,3.0,208,9.8,-2.98,0.0
A765,10/08/2018,05,17.7,18.3,17.7,82,82,80,14.5,15.1,14.5,1014.6,1015.0,1014.6,2.1,204,7.0,-3.56,0.0
A765,10/08/2018,09,14.9,15.3,14.4,96,96,95,14.2,14.5,13.6,1014.4,1014.4,1013.9,0.6,340,2.3,-3.60,0.0
A765,10/08/2018,20,19.9,20.8,19.9,62,63,60,12.3,13.4,12.1,1014.1,1014.1,1013.2,1.8,148,5.7,1024.,0.0
A765,10/08/2018,14,20.4,20.7,19.3,59,67,58,12.2,13.4,12.1,1015.4,1015.7,1015.4,2.3,157,5.1,2337.,0.0
A765,10/08/2018,01,21.4,21.7,20.3,78,88,75,17.3,18.3,17.2,1012.0,1012.1,1011.4,1.3,70,4.0,-3.60,0.0
A765,10/08/2018,00,20.7,21.1,20.5,85,90,83,18.0,18.9,18.0,1011.5,1011.6,1011.1,1.4,283,4.6,-2.87,0.0
A765,10/08/2018,08,15.3,15.8,15.3,95,95,90,14.5,14.8,13.9,1014.0,1014.0,1013.9,1.0,338,1.7,-3.60,0.0
A765,10/08/2018,12,18.0,18.0,15.3,82,95,82,15.0,15.5,14.5,1015.6,1015.6,1015.1,1.1,196,2.1,943.4,0.0
A765,10/08/2018,02,19.5,21.8,19.5,87,87,76,17.3,17.6,17.2,1013.9,1013.9,1012.0,3.0,197,11.1,-2.97,0.0
A765,10/08/2018,17,22.2,22.2,20.6,58,63,55,13.4,13.9,12.4,1013.4,1013.7,1013.4,1.7,128,5.9,2667.,0.0
A765,10/08/2018,03,18.8,19.5,18.7,84,87,84,16.0,17.2,16.0,1014.5,1014.5,1013.9,3.7,207,9.5,-2.36,0.0
A765,10/08/2018,22,16.7,18.0,16.7,82,82,69,13.5,13.8,12.1,1015.4,1015.4,1014.2,1.4,351,3.2,-1.08,0.0
A765,10/08/2018,23,15.5,16.7,15.5,88,90,82,13.6,14.1,13.5,1015.7,1015.9,1015.4,1.2,355,3.3,-3.60,0.0
A765,10/08/2018,18,22.3,22.7,21.9,51,59,50,11.8,13.9,11.3,1013.2,1013.5,1013.2,1.5,185,4.7,2305.,0.0
A765,10/08/2018,10,14.2,14.9,14.2,96,97,96,13.6,14.3,13.6,1014.7,1014.7,1014.4,0.8,245,1.7,-2.35,0.0
A765,10/08/2018,15,21.9,22.1,20.4,53,60,51,11.9,13.6,10.9,1014.5,1015.4,1014.5,2.9,122,6.3,2692.,0.0
A765,10/08/2018,06,17.2,17.7,17.2,83,83,80,14.2,14.5,14.0,1014.2,1014.6,1014.2,1.4,243,5.6,-3.60,0.0
A765,10/08/2018,19,20.1,22.4,20.1,60,62,51,12.2,13.5,11.9,1013.2,1013.2,1013.0,2.8,157,6.2,1760.,0.0
A765,10/08/2018,13,19.4,19.8,18.0,65,82,65,12.7,15.1,12.7,1015.5,1015.6,1015.5,1.9,130,4.3,1624.,0.0
A765,11/08/2018,15,21.6,21.8,21.0,46,47,43,9.6,9.8,8.1,1018.6,1018.8,1018.6,3.1,185,7.2,2686.,0.0
A765,11/08/2018,19,19.5,21.9,19.5,65,67,57,12.7,14.5,12.3,1017.9,1017.9,1017.4,2.0,193,5.9,1087.,0.0
A765,11/08/2018,03,13.6,14.6,13.6,92,94,90,12.3,13.3,12.3,1016.3,1017.0,1016.3,0.4,264,3.1,-3.60,0.0
A765,11/08/2018,17,20.8,21.8,20.6,66,67,46,14.1,14.4,9.5,1017.8,1018.4,1017.8,3.7,128,7.5,2695.,0.0
A765,11/08/2018,16,21.3,21.8,21.0,50,51,45,10.4,10.8,9.0,1018.4,1018.7,1018.4,2.9,196,7.4,2844.,0.0
A765,11/08/2018,02,14.0,14.8,14.0,93,93,89,12.8,13.3,12.7,1017.0,1017.3,1016.8,0.6,108,2.5,-3.60,0.0
A765,11/08/2018,21,17.7,20.5,17.7,78,79,52,13.8,14.1,10.5,1019.0,1019.0,1018.5,0.8,11,4.0,277.7,0.0
A765,11/08/2018,07,13.7,14.0,13.4,94,95,94,12.7,13.2,12.5,1014.6,1015.1,1014.5,1.7,237,3.0,-3.60,0.0
A765,11/08/2018,22,15.9,17.7,15.9,87,87,77,13.7,14.5,13.6,1019.7,1019.7,1019.0,0.8,252,1.9,-0.37,0.0
A765,11/08/2018,18,21.9,21.9,20.8,59,67,58,13.6,14.9,13.0,1017.4,1017.8,1017.4,2.2,168,7.5,2339.,0.0
A765,11/08/2018,04,13.5,14.1,13.5,94,95,92,12.6,13.2,12.3,1016.1,1016.4,1016.0,0.8,240,2.6,-3.60,0.0
A765,11/08/2018,23,14.9,15.9,14.9,88,89,87,12.9,13.9,12.8,1020.4,1020.4,1019.7,0.3,16,2.2,-3.60,0.0
A765,11/08/2018,10,13.7,14.3,13.2,91,94,89,12.2,13.2,11.5,1016.1,1016.1,1015.1,0.8,276,3.1,-2.20,0.0
A765,11/08/2018,05,13.6,14.2,13.4,95,95,94,12.9,13.4,12.5,1015.5,1016.1,1015.5,1.0,253,3.0,-3.60,0.0
A765,11/08/2018,20,20.3,20.6,19.3,52,66,51,10.2,12.9,9.9,1018.5,1018.5,1017.9,1.4,234,4.7,604.8,0.0
A765,11/08/2018,08,13.6,13.9,13.3,93,94,92,12.5,12.9,12.0,1014.5,1014.7,1014.4,0.6,317,3.6,-3.60,0.0
A765,11/08/2018,06,13.7,14.0,13.5,94,96,94,12.8,13.3,12.6,1015.1,1015.5,1015.1,0.9,283,2.6,-3.60,0.0
A765,11/08/2018,12,18.3,18.5,15.4,66,85,66,11.9,13.9,11.9,1018.2,1018.2,1017.1,0.9,328,2.2,1019.,0.0
A765,11/08/2018,11,15.5,15.5,13.7,85,92,83,13.1,13.1,12.2,1017.1,1017.1,1016.1,0.6,305,1.9,132.5,0.0
A765,11/08/2018,13,21.1,21.1,18.3,46,66,46,9.1,12.4,9.1,1018.9,1018.9,1018.2,2.5,198,5.9,1655.,0.0
A765,11/08/2018,00,15.1,15.6,15.0,92,92,88,13.8,14.0,13.2,1016.7,1016.7,1015.6,1.4,308,3.2,-3.60,0.0
A765,11/08/2018,01,14.8,15.2,14.6,90,94,89,13.1,13.9,13.0,1017.2,1017.3,1016.6,1.6,352,3.2,-3.60,0.0
A765,11/08/2018,14,21.2,21.6,21.1,44,47,42,8.4,9.7,7.9,1018.8,1019.0,1018.8,3.3,210,7.2,2347.,0.0
A765,11/08/2018,09,13.9,14.2,13.0,93,95,92,12.9,13.2,11.9,1015.1,1015.1,1014.4,0.9,273,2.7,-3.60,0.0
A765,12/08/2018,18,20.7,23.2,20.7,64,65,57,13.8,15.1,13.0,1020.8,1021.1,1020.7,1.7,211,6.1,1511.,0.0
A765,12/08/2018,17,22.6,23.1,21.2,60,64,58,14.6,15.3,13.8,1021.1,1021.8,1021.1,2.4,206,6.0,2816.,0.2
A765,12/08/2018,04,13.1,13.8,13.1,95,96,95,12.4,13.2,12.3,1020.9,1021.4,1020.9,0.6,265,2.1,-3.60,0.0
A765,12/08/2018,14,20.6,20.8,19.7,63,68,62,13.4,14.1,12.9,1022.5,1022.6,1022.4,2.4,199,5.4,1465.,0.0
A765,12/08/2018,07,13.7,13.8,13.4,94,95,93,12.8,13.0,12.4,1019.8,1020.0,1019.8,0.8,268,2.0,-3.60,0.0
A765,12/08/2018,19,20.2,20.9,20.2,67,67,63,13.8,14.2,13.4,1020.9,1020.9,1020.8,2.3,221,6.4,439.2,0.0
A765,12/08/2018,22,17.1,18.0,17.1,86,86,81,14.7,14.8,14.6,1021.6,1021.6,1021.4,1.5,225,5.0,0.288,0.0
A765,12/08/2018,10,14.8,14.9,13.0,95,96,95,14.0,14.2,12.2,1021.2,1021.2,1020.7,1.0,278,1.8,-1.68,0.0
A765,12/08/2018,21,18.0,20.3,18.0,82,82,72,14.8,15.2,14.3,1021.5,1021.6,1021.4,1.0,221,4.2,192.0,0.0
A765,12/08/2018,01,14.4,14.8,14.3,93,93,91,13.2,13.5,13.0,1021.4,1021.4,1020.9,0.7,334,1.9,-3.60,0.0
A765,12/08/2018,20,20.3,21.3,19.9,72,73,62,15.1,15.2,13.5,1021.4,1021.4,1020.9,1.5,199,5.5,712.1,0.0
A765,12/08/2018,23,16.1,17.1,16.1,91,92,86,14.6,15.1,14.5,1022.1,1022.1,1021.6,0.8,341,3.4,-3.60,0.0
A765,12/08/2018,02,13.8,14.4,13.8,94,94,92,12.8,13.2,12.8,1021.6,1021.6,1021.4,0.4,237,1.7,-3.60,0.0
A765,12/08/2018,06,13.4,13.6,13.2,93,94,93,12.3,12.6,12.2,1020.0,1020.4,1020.0,1.2,267,2.7,-3.60,0.0
A765,12/08/2018,12,18.2,18.4,15.3,80,93,80,14.8,15.6,14.1,1022.0,1022.0,1021.6,1.2,220,2.4,746.8,0.0
A765,12/08/2018,03,13.8,14.0,13.4,95,96,94,13.0,13.2,12.5,1021.4,1021.6,1021.4,0.7,273,1.4,-3.60,0.0
A765,12/08/2018,09,13.6,14.3,13.1,96,96,94,12.9,13.6,12.3,1020.7,1020.7,1020.2,0.8,264,1.6,-3.34,0.0
A765,12/08/2018,00,14.7,15.1,14.5,91,92,88,13.2,13.6,12.6,1020.9,1020.9,1020.4,0.9,260,1.9,-3.60,0.0
A765,12/08/2018,11,15.2,15.2,14.3,93,95,93,14.1,14.2,13.3,1021.6,1021.6,1021.2,0.5,235,2.1,126.7,0.0
A765,12/08/2018,05,13.3,13.4,13.1,94,95,94,12.3,12.7,12.2,1020.4,1020.9,1020.4,1.1,251,2.4,-3.60,0.0
A765,12/08/2018,16,21.5,22.2,21.3,63,64,60,14.1,14.9,13.6,1021.8,1022.4,1021.8,2.6,213,6.5,1963.,0.0
A765,12/08/2018,13,19.7,20.0,18.2,68,81,67,13.7,15.1,13.3,1022.5,1022.5,1022.0,2.2,263,4.9,1068.,0.0
A765,12/08/2018,15,21.5,21.9,20.6,63,65,60,14.1,14.6,13.4,1022.4,1022.5,1022.3,2.6,193,6.8,2005.,0.0
A765,12/08/2018,08,13.2,14.0,13.2,95,95,94,12.3,13.2,12.3,1020.2,1020.2,1019.8,0.3,67,1.7,-3.60,0.0
A765,13/08/2018,02,14.3,14.9,14.2,95,95,95,13.5,14.0,13.4,1022.5,1022.6,1022.5,0.7,306,1.4,-3.60,0.0
A765,13/08/2018,13,18.2,18.2,16.8,79,86,79,14.4,14.9,14.0,1022.0,1022.0,1021.5,0.9,195,2.2,519.4,0.0
A765,13/08/2018,07,13.7,13.7,13.1,96,97,96,13.0,13.2,12.6,1020.4,1020.9,1020.3,1.1,243,2.4,-3.05,0.0
A765,13/08/2018,23,17.7,17.9,17.7,92,92,90,16.4,16.4,16.1,1020.0,1020.0,1019.5,0.7,271,1.4,-1.93,0.0
A765,13/08/2018,00,15.1,16.1,15.0,93,94,91,14.0,14.5,13.9,1022.4,1022.4,1022.1,0.4,332,1.6,-3.60,0.0
A765,13/08/2018,10,15.0,15.0,14.5,94,94,93,14.0,14.0,13.4,1020.7,1020.7,1020.2,0.8,264,2.2,1.021,0.0
A765,13/08/2018,12,16.8,16.8,15.6,85,92,85,14.2,14.6,14.0,1021.5,1021.5,1021.1,0.4,312,2.0,326.9,0.0
A765,13/08/2018,08,14.2,14.4,13.7,95,96,95,13.5,13.8,13.1,1020.0,1020.4,1020.0,0.8,220,2.5,0.074,0.0
A765,13/08/2018,04,13.5,14.1,13.5,96,97,96,13.0,13.6,13.0,1022.0,1022.4,1022.0,0.3,300,1.1,-3.60,0.0
A765,13/08/2018,01,14.9,15.3,14.7,95,95,93,14.0,14.4,13.7,1022.6,1022.6,1022.4,0.7,328,1.4,-3.60,0.0
A765,13/08/2018,22,17.9,18.5,17.9,90,90,85,16.3,16.4,15.9,1019.5,1019.5,1019.4,0.7,281,2.5,0.090,0.0
A765,13/08/2018,05,13.6,13.6,13.1,97,97,96,13.1,13.1,12.6,1021.4,1022.0,1021.4,0.6,311,1.2,-3.60,0.0
A765,13/08/2018,03,14.1,14.4,13.8,96,96,95,13.4,13.7,13.1,1022.4,1022.5,1022.4,0.5,347,1.4,-3.60,0.0
A765,13/08/2018,17,20.7,21.3,19.9,76,77,66,16.2,16.2,14.4,1019.8,1020.6,1019.8,2.8,161,6.6,1510.,0.0
A765,13/08/2018,21,18.5,18.9,18.5,85,85,82,15.9,15.9,15.7,1019.5,1019.5,1019.5,1.2,165,4.3,144.1,0.0
A765,13/08/2018,16,20.8,22.1,20.8,67,68,61,14.5,15.1,13.5,1020.6,1021.2,1020.6,3.7,161,6.6,2640.,0.0
A765,13/08/2018,14,19.0,19.3,18.1,70,80,70,13.3,15.0,13.3,1021.9,1022.1,1021.9,0.5,300,1.8,666.1,0.0
A765,13/08/2018,06,13.2,13.6,13.0,97,97,97,12.8,13.1,12.5,1020.9,1021.4,1020.9,0.6,281,1.4,-3.60,0.0
A765,13/08/2018,09,14.7,15.0,14.2,94,96,94,13.7,14.2,13.5,1020.3,1020.3,1020.0,1.1,268,2.2,-0.08,0.0
A765,13/08/2018,20,18.9,19.2,18.7,83,83,81,15.9,16.0,15.7,1019.5,1019.5,1019.2,2.0,158,5.6,399.6,0.0
A765,13/08/2018,18,19.4,21.3,19.4,79,79,73,15.6,16.8,15.5,1019.4,1019.8,1019.4,3.6,156,6.5,1411.,0.0
A765,13/08/2018,19,19.2,19.6,19.1,81,82,79,15.9,16.0,15.7,1019.3,1019.4,1019.2,3.2,161,6.5,577.6,0.0
A765,13/08/2018,15,21.7,21.7,19.0,65,71,65,14.8,14.8,13.2,1021.2,1021.9,1021.2,1.1,122,2.7,1671.,0.0
A765,13/08/2018,11,15.6,15.6,15.0,92,94,92,14.3,14.4,14.0,1021.1,1021.1,1020.6,0.7,269,2.3,67.00,0.0
A765,14/08/2018,15,22.4,22.7,21.1,60,70,60,14.4,15.7,14.1,1019.0,1019.5,1019.0,2.2,114,4.3,2780.,0.0
A765,14/08/2018,14,21.1,21.2,20.3,69,80,68,15.2,16.9,14.9,1019.5,1019.7,1019.5,1.8,119,4.5,2374.,0.0
A765,14/08/2018,10,15.2,16.0,15.2,97,97,96,14.7,15.5,14.6,1018.4,1018.5,1018.0,1.1,193,1.9,-0.95,0.0
A765,14/08/2018,11,15.8,15.8,15.1,97,98,97,15.4,15.4,14.7,1018.9,1018.9,1018.4,0.6,217,1.6,178.6,0.0
A765,14/08/2018,23,19.1,19.5,19.1,88,89,85,17.1,17.4,16.9,1017.2,1017.2,1016.7,0.5,317,2.2,-0.51,0.0
A765,14/08/2018,01,17.1,17.4,17.0,95,95,94,16.2,16.4,16.0,1020.1,1020.2,1020.1,0.6,309,1.8,-1.72,0.0
A765,14/08/2018,06,17.1,17.2,16.9,95,95,95,16.2,16.4,16.1,1019.0,1019.4,1019.0,0.7,360,1.6,-1.18,0.0
A765,14/08/2018,16,21.1,22.6,21.1,77,77,59,16.8,17.1,14.0,1018.4,1019.0,1018.4,2.2,112,5.1,2272.,0.0
A765,14/08/2018,13,20.4,20.5,17.8,80,93,78,16.8,17.3,16.1,1019.6,1019.6,1019.4,1.5,101,2.4,1756.,0.0
A765,14/08/2018,05,16.9,16.9,16.6,95,96,95,16.2,16.3,15.9,1019.4,1019.7,1019.4,0.9,292,1.5,-1.22,0.0
A765,14/08/2018,07,17.0,17.2,17.0,95,95,95,16.2,16.3,16.1,1018.5,1019.0,1018.5,0.7,274,1.6,-0.87,0.0
A765,14/08/2018,17,20.9,21.3,20.5,78,80,75,16.8,17.4,16.4,1017.3,1018.4,1017.3,2.2,119,4.9,1528.,0.0
A765,14/08/2018,00,17.0,17.7,17.0,94,94,92,15.9,16.5,15.9,1020.2,1020.2,1020.0,1.2,163,1.8,-2.65,0.0
A765,14/08/2018,20,20.8,21.6,20.4,79,80,73,17.0,17.4,16.3,1016.3,1016.3,1016.2,1.7,126,5.3,917.0,0.0
A765,14/08/2018,08,17.2,17.2,16.9,95,95,95,16.4,16.4,16.2,1018.1,1018.5,1018.1,0.9,320,1.5,-1.15,0.0
A765,14/08/2018,03,16.9,17.2,16.9,95,95,94,16.1,16.4,16.1,1019.9,1020.0,1019.9,0.7,287,1.1,-1.67,0.0
A765,14/08/2018,22,19.5,19.7,19.5,85,85,81,17.0,17.0,16.2,1016.7,1016.8,1016.5,0.6,224,3.2,2.605,0.0
A765,14/08/2018,21,19.6,20.8,19.6,83,83,79,16.7,16.9,16.4,1016.5,1016.5,1016.2,1.7,102,4.3,151.0,0.0
A765,14/08/2018,09,15.7,17.1,15.6,96,96,95,15.1,16.4,15.0,1018.0,1018.0,1017.9,0.4,286,1.8,-3.60,0.0
A765,14/08/2018,02,17.1,17.2,17.1,94,95,94,16.1,16.4,16.1,1019.9,1020.1,1019.9,0.3,169,1.3,-1.57,0.0
A765,14/08/2018,19,21.4,22.2,21.0,74,76,72,16.6,17.1,16.3,1016.3,1016.5,1016.3,2.3,118,5.3,1786.,0.0
A765,14/08/2018,04,16.7,17.0,16.4,96,96,95,16.0,16.2,15.7,1019.7,1019.9,1019.7,0.2,214,1.4,-2.38,0.0
A765,14/08/2018,18,21.6,22.2,20.7,76,79,72,17.1,17.5,16.4,1016.5,1017.3,1016.5,2.8,111,5.1,2209.,0.0
A765,14/08/2018,12,17.8,17.8,15.8,93,98,93,16.6,16.8,15.4,1019.4,1019.4,1018.9,0.6,310,2.1,699.0,0.0
A765,15/08/2018,09,16.4,16.4,15.9,94,95,94,15.5,15.5,15.2,1017.3,1017.4,1017.1,0.5,107,2.1,-0.64,0.0
A765,15/08/2018,01,18.8,19.0,18.8,87,88,87,16.5,17.0,16.5,1017.6,1017.6,1017.3,0.5,256,1.1,-1.83,0.0
A765,15/08/2018,16,20.1,20.1,19.3,79,82,79,16.4,16.6,16.0,1020.8,1021.1,1020.8,1.8,235,4.9,679.4,0.0
A765,15/08/2018,03,16.6,17.5,16.6,92,93,91,15.2,16.4,15.2,1016.7,1017.3,1016.7,0.7,353,2.5,-3.60,0.0
A765,15/08/2018,05,15.6,15.9,15.5,97,97,96,15.0,15.2,15.0,1016.8,1016.9,1016.5,1.1,226,2.1,-3.59,0.0
A765,15/08/2018,11,17.8,17.8,17.1,94,95,94,16.9,16.9,16.2,1019.4,1019.4,1018.4,1.5,220,3.2,41.49,0.0
A765,15/08/2018,20,18.8,18.9,18.7,94,95,93,17.9,18.0,17.6,1021.1,1021.3,1020.7,0.5,242,2.9,153.3,0.0
A765,15/08/2018,15,19.3,19.4,18.7,82,87,82,16.1,16.6,16.1,1021.1,1021.6,1021.0,2.0,260,5.2,682.1,0.0
A765,15/08/2018,10,17.1,17.1,16.4,94,94,94,16.1,16.1,15.5,1018.4,1018.4,1017.3,0.4,303,1.1,-0.05,0.0
A765,15/08/2018,13,18.9,18.9,18.2,86,91,86,16.4,16.9,16.4,1021.1,1021.1,1020.3,1.9,214,3.7,320.1,0.0
A765,15/08/2018,08,16.1,16.2,15.7,95,97,95,15.3,15.5,15.1,1017.2,1017.5,1017.2,0.5,321,2.4,-0.81,0.0
A765,15/08/2018,00,19.0,19.1,19.0,88,89,88,17.0,17.3,16.9,1017.3,1017.4,1017.2,0.6,278,1.4,-1.00,0.0
A765,15/08/2018,23,18.2,18.4,18.2,95,95,94,17.3,17.5,17.3,1022.1,1022.1,1021.6,0.8,243,1.7,-1.14,0.0
A765,15/08/2018,17,19.9,20.5,19.9,82,82,78,16.7,16.8,16.3,1020.5,1020.9,1020.5,1.6,202,4.7,513.6,0.0
A765,15/08/2018,14,18.8,19.3,18.8,85,86,82,16.3,16.6,15.9,1021.6,1021.7,1021.1,1.9,222,4.9,392.6,0.0
A765,15/08/2018,07,15.8,16.7,15.6,96,97,96,15.2,16.2,15.1,1017.4,1017.5,1017.2,1.0,319,4.6,-2.52,0.0
A765,15/08/2018,22,18.4,18.8,18.4,94,95,94,17.4,17.9,17.4,1021.7,1021.7,1021.5,0.8,237,1.6,-0.65,0.0
A765,15/08/2018,21,18.8,18.9,18.8,94,95,94,17.9,18.0,17.9,1021.5,1021.5,1021.1,0.4,212,1.0,39.63,0.0
A765,15/08/2018,02,17.5,18.8,17.5,93,93,87,16.4,16.8,16.3,1017.3,1017.6,1017.3,0.7,318,1.9,-3.53,0.0
A765,15/08/2018,12,18.2,18.2,17.8,91,94,91,16.7,16.9,16.7,1020.3,1020.3,1019.4,1.1,219,3.2,120.3,0.0
A765,15/08/2018,19,18.7,19.6,18.7,93,93,88,17.6,17.6,17.3,1020.8,1020.8,1020.3,1.1,214,3.7,146.3,0.8
A765,15/08/2018,04,15.7,16.6,15.7,96,96,92,15.0,15.2,15.0,1016.7,1016.7,1016.6,0.6,321,2.3,-3.60,0.0
A765,15/08/2018,18,19.6,20.1,19.4,88,88,81,17.6,17.6,16.6,1020.3,1020.5,1020.2,1.1,216,4.0,342.8,0.0
A765,15/08/2018,06,15.9,15.9,15.5,97,97,96,15.4,15.4,15.0,1017.2,1017.2,1016.7,1.3,231,2.6,-3.60,0.0
A765,16/08/2018,05,18.1,18.2,18.0,97,97,96,17.6,17.6,17.4,1022.2,1022.7,1022.1,0.7,251,1.4,-0.58,0.0
A765,16/08/2018,18,20.1,20.2,19.4,91,92,90,18.6,18.8,17.9,1024.1,1024.3,1024.0,1.0,171,2.4,386.6,0.0
A765,16/08/2018,15,18.6,18.8,18.3,96,96,96,17.9,18.1,17.7,1024.8,1025.0,1024.8,1.0,233,2.5,272.1,1.4
A765,16/08/2018,00,18.1,18.3,18.1,95,95,95,17.2,17.4,17.2,1022.7,1022.7,1022.1,1.0,277,2.1,-1.01,0.0
A765,16/08/2018,22,19.6,19.8,19.6,88,89,88,17.7,17.7,17.6,1025.1,1025.1,1024.9,1.6,171,5.7,1.411,0.0
A765,16/08/2018,21,19.8,20.0,19.7,88,89,87,17.7,17.9,17.6,1025.0,1025.0,1024.6,1.3,177,3.5,59.11,0.0
A765,16/08/2018,03,18.1,18.2,18.0,96,96,96,17.5,17.6,17.3,1022.9,1023.1,1022.9,0.7,243,1.7,-0.80,0.0
A765,16/08/2018,08,18.1,18.3,18.1,97,97,97,17.6,17.8,17.6,1022.0,1022.0,1021.8,0.9,288,2.0,-0.42,0.0
A765,16/08/2018,07,18.1,18.2,18.0,97,97,97,17.6,17.7,17.5,1021.9,1022.1,1021.9,0.7,240,1.7,-0.53,0.0
A765,16/08/2018,19,19.9,20.1,19.5,90,91,90,18.3,18.6,17.9,1024.3,1024.3,1024.1,1.1,151,3.8,192.4,0.0
A765,16/08/2018,04,18.1,18.2,18.1,96,96,96,17.5,17.6,17.4,1022.7,1022.9,1022.6,0.6,285,2.1,-0.69,0.0
A765,16/08/2018,20,20.0,20.1,19.9,88,90,87,17.8,18.3,17.8,1024.6,1024.7,1024.3,1.0,205,3.1,179.0,0.0
A765,16/08/2018,17,19.4,20.1,19.3,90,92,90,17.7,18.8,17.7,1024.3,1024.9,1024.3,1.1,226,2.7,469.2,0.0
A765,16/08/2018,13,18.3,18.5,18.2,97,97,96,17.7,17.9,17.6,1024.9,1025.0,1024.5,1.8,343,3.0,97.89,0.8
A765,16/08/2018,06,18.0,18.3,18.0,97,97,97,17.4,17.8,17.4,1022.1,1022.2,1021.9,0.9,285,2.0,-0.87,0.0
A765,16/08/2018,10,18.0,18.0,17.7,96,96,96,17.3,17.3,17.1,1023.0,1023.0,1022.3,1.4,325,3.0,0.279,0.0
A765,16/08/2018,23,19.7,19.7,19.5,87,89,87,17.5,17.6,17.5,1025.5,1025.5,1025.0,1.4,174,4.7,-0.33,0.0
A765,16/08/2018,01,18.2,18.2,18.0,95,95,94,17.4,17.4,17.1,1023.0,1023.0,1022.7,0.3,284,2.1,-1.15,0.2
A765,16/08/2018,09,17.7,18.1,17.7,96,97,96,17.1,17.6,17.1,1022.3,1022.3,1021.9,1.7,352,3.0,-0.79,0.0
A765,16/08/2018,02,18.1,18.2,18.0,96,96,95,17.4,17.5,17.2,1023.0,1023.0,1022.8,1.1,280,1.7,-0.70,0.0
A765,16/08/2018,14,18.4,18.5,18.3,96,97,96,17.8,17.9,17.7,1024.8,1024.9,1024.2,1.4,297,3.7,167.3,1.0
A765,16/08/2018,11,17.8,18.1,17.8,96,96,96,17.2,17.4,17.2,1023.7,1023.7,1023.0,1.4,253,2.8,23.44,2.2
A765,16/08/2018,12,18.4,18.4,17.6,96,97,96,17.8,17.8,17.0,1024.5,1024.5,1023.7,0.8,306,2.8,47.50,4.4
A765,16/08/2018,16,19.6,19.6,18.6,92,96,92,18.3,18.4,17.9,1024.9,1025.0,1024.8,1.0,251,2.7,574.9,0.2
A765,17/08/2018,22,18.4,18.7,18.4,93,93,89,17.3,17.3,16.9,1025.5,1025.5,1025.3,0.7,314,2.4,3.283,0.0
A765,17/08/2018,15,19.4,19.8,19.4,91,92,88,17.9,18.2,17.5,1027.5,1028.0,1027.5,1.1,163,2.9,530.5,0.2
A765,17/08/2018,10,17.7,17.9,17.7,97,97,96,17.1,17.3,17.1,1026.2,1026.2,1025.9,1.1,224,3.0,-0.27,0.0
A765,17/08/2018,08,17.8,18.0,17.8,97,97,97,17.3,17.5,17.3,1025.7,1025.9,1025.7,1.8,290,2.2,-0.00,0.4
A765,17/08/2018,23,18.4,18.5,18.4,94,94,93,17.5,17.5,17.3,1025.6,1025.6,1025.5,0.5,249,1.5,-0.88,0.0
A765,17/08/2018,16,18.9,19.8,18.9,93,93,89,17.7,18.2,17.6,1026.9,1027.5,1026.9,1.0,286,2.9,472.6,0.6
A765,17/08/2018,04,18.4,18.6,18.3,96,96,95,17.7,17.8,17.5,1026.3,1026.4,1026.2,0.8,249,2.7,-1.02,0.0
A765,17/08/2018,17,18.6,19.0,18.4,95,95,93,17.8,18.0,17.5,1025.9,1026.9,1025.9,1.4,350,3.4,412.8,0.8
A765,17/08/2018,00,19.4,19.7,19.4,88,88,87,17.4,17.5,17.3,1025.9,1026.0,1025.5,1.0,225,4.7,-0.42,0.0
A765,17/08/2018,01,19.4,19.6,19.2,88,90,88,17.4,17.7,17.4,1026.1,1026.1,1025.8,0.8,197,2.8,-1.91,0.0
A765,17/08/2018,20,19.3,20.3,19.2,89,91,88,17.5,18.2,17.5,1024.9,1025.1,1024.9,2.3,175,4.5,360.3,0.0
A765,17/08/2018,05,18.2,18.5,18.2,96,96,96,17.5,17.9,17.5,1026.2,1026.3,1026.2,0.7,276,2.8,-0.69,0.0
A765,17/08/2018,19,20.3,20.5,19.5,88,90,87,18.2,18.6,17.8,1025.1,1025.2,1025.0,1.1,145,2.7,778.3,0.0
A765,17/08/2018,09,17.7,17.8,17.7,97,97,97,17.2,17.3,17.1,1026.0,1026.0,1025.7,1.5,296,2.3,-0.78,0.0
A765,17/08/2018,21,18.7,19.4,18.7,89,90,88,16.9,17.7,16.9,1025.3,1025.3,1024.9,1.0,227,4.6,130.4,0.0
A765,17/08/2018,02,19.0,19.4,18.9,90,92,88,17.4,17.6,17.4,1026.4,1026.4,1026.1,1.6,304,2.7,-0.71,0.0
A765,17/08/2018,12,17.9,18.0,17.8,96,96,96,17.2,17.3,17.1,1027.3,1027.3,1026.6,1.4,234,3.0,125.0,0.2
A765,17/08/2018,07,17.9,18.0,17.8,97,97,96,17.4,17.4,17.2,1025.8,1026.0,1025.8,0.8,291,2.9,-0.80,0.2
A765,17/08/2018,06,17.9,18.2,17.8,96,96,96,17.3,17.5,17.1,1026.0,1026.2,1026.0,1.8,290,2.9,-0.91,2.2
A765,17/08/2018,18,19.5,19.5,18.6,90,95,90,17.9,18.2,17.7,1025.2,1025.9,1025.2,0.6,4,2.8,488.0,0.0
A765,17/08/2018,11,17.8,17.8,17.7,96,97,96,17.2,17.3,17.2,1026.6,1026.6,1026.2,1.3,223,2.7,51.80,0.0
A765,17/08/2018,13,18.2,18.3,17.8,96,96,95,17.5,17.6,17.1,1028.0,1028.0,1027.3,0.8,254,4.0,317.4,0.4
A765,17/08/2018,14,19.4,19.5,18.2,92,96,92,18.0,18.3,17.4,1028.0,1028.1,1028.0,0.8,239,1.8,776.4,0.0
A765,17/08/2018,03,18.6,19.0,18.4,95,95,90,17.8,17.8,17.3,1026.3,1026.4,1026.3,1.1,272,2.7,-1.88,0.4
A765,18/08/2018,01,17.8,18.0,17.7,97,97,96,17.3,17.5,17.2,1025.7,1025.9,1025.7,1.1,286,1.9,-0.45,1.2
A765,18/08/2018,09,17.5,17.6,17.5,98,98,98,17.1,17.2,17.1,1023.5,1023.5,1023.3,0.4,132,1.6,-0.58,0.0
A765,18/08/2018,13,19.1,19.8,19.0,92,93,88,17.8,18.6,17.5,1025.6,1025.6,1025.0,1.6,123,3.2,643.3,0.0
A765,18/08/2018,07,17.5,17.8,17.5,98,98,98,17.2,17.4,17.1,1023.5,1023.8,1023.5,1.0,348,1.9,-2.24,0.2
A765,18/08/2018,00,18.0,18.5,18.0,96,96,94,17.4,17.6,17.3,1025.9,1025.9,1025.6,0.7,253,1.8,-1.11,0.6
A765,18/08/2018,02,17.8,17.9,17.7,97,97,97,17.3,17.4,17.2,1025.5,1025.8,1025.5,0.9,267,2.0,-0.20,0.2
A765,18/08/2018,14,19.9,20.0,18.9,90,93,90,18.3,18.4,17.6,1025.5,1025.7,1025.5,0.6,119,3.2,1020.,0.0
A765,18/08/2018,21,19.4,20.0,19.4,90,91,86,17.8,17.9,17.5,1022.4,1022.5,1022.4,1.0,303,3.0,143.4,0.0
A765,18/08/2018,18,20.2,20.5,20.1,86,87,85,17.9,18.2,17.6,1022.9,1023.5,1022.9,3.0,114,6.9,980.7,0.0
A765,18/08/2018,15,19.3,19.9,18.9,94,94,90,18.2,18.4,17.8,1025.1,1025.5,1025.1,0.7,142,1.9,632.7,1.2
A765,18/08/2018,03,17.9,18.0,17.8,97,97,97,17.4,17.5,17.3,1025.1,1025.5,1025.1,0.4,220,1.6,-0.47,0.0
A765,18/08/2018,10,17.7,17.8,17.5,98,98,98,17.3,17.4,17.1,1024.1,1024.1,1023.5,1.0,302,1.9,2.560,0.0
A765,18/08/2018,20,19.9,20.2,19.9,86,88,86,17.5,18.0,17.5,1022.5,1022.5,1022.5,2.0,83,4.7,282.7,0.0
A765,18/08/2018,19,20.0,20.3,20.0,87,87,86,17.8,18.0,17.6,1022.5,1022.9,1022.5,2.6,90,6.2,520.2,0.0
A765,18/08/2018,05,17.8,17.9,17.7,98,98,97,17.4,17.5,17.3,1024.4,1024.6,1024.4,0.5,344,1.3,-1.13,0.0
A765,18/08/2018,16,19.7,19.7,19.1,91,94,91,18.2,18.3,17.9,1024.2,1025.1,1024.2,3.0,99,6.2,654.5,0.0
A765,18/08/2018,12,19.5,19.6,17.9,93,98,93,18.3,18.6,17.6,1025.0,1025.0,1024.6,1.1,118,2.4,541.3,0.0
A765,18/08/2018,17,20.4,20.8,19.7,86,91,85,17.9,18.6,17.7,1023.5,1024.2,1023.5,2.9,117,7.0,1192.,0.0
A765,18/08/2018,04,17.8,18.1,17.8,97,97,97,17.4,17.7,17.4,1024.6,1025.1,1024.6,0.6,285,1.7,-0.51,0.0
A765,18/08/2018,08,17.5,17.6,17.4,98,98,98,17.1,17.3,17.0,1023.4,1023.5,1023.3,0.5,309,1.6,-0.11,0.0
A765,18/08/2018,23,18.4,19.1,18.4,95,95,94,17.7,18.1,17.7,1022.6,1022.6,1022.4,0.8,235,1.7,-2.79,0.0
A765,18/08/2018,06,17.8,17.9,17.7,98,98,98,17.4,17.5,17.4,1023.9,1024.4,1023.9,0.6,278,1.3,-0.65,0.0
A765,18/08/2018,22,19.1,19.4,19.1,94,94,90,18.0,18.1,17.8,1022.4,1022.4,1022.3,0.7,293,1.7,0.313,0.0
A765,18/08/2018,11,17.9,17.9,17.6,98,98,98,17.6,17.6,17.3,1024.6,1024.6,1024.1,0.5,346,1.7,137.5,0.0
A765,19/08/2018,17,21.3,22.1,21.3,81,81,74,17.9,18.2,17.1,1020.7,1021.5,1020.7,2.6,123,5.6,1560.,0.0
A765,19/08/2018,04,16.6,16.9,16.5,98,98,97,16.2,16.5,16.1,1022.4,1023.0,1022.4,1.0,243,2.5,-3.57,0.0
A765,19/08/2018,10,14.4,14.9,14.1,98,98,98,14.1,14.6,13.8,1022.1,1022.1,1021.5,0.5,279,1.3,0.667,0.0
A765,19/08/2018,14,22.3,22.3,21.1,73,81,69,17.2,18.0,16.0,1023.1,1023.6,1023.1,2.0,108,3.8,2374.,0.0
A765,19/08/2018,11,15.9,15.9,14.4,98,98,98,15.6,15.6,14.2,1022.7,1022.7,1022.1,0.4,249,1.5,268.8,0.0
A765,19/08/2018,18,22.5,22.5,21.2,74,82,70,17.6,18.3,15.9,1020.1,1020.7,1020.1,1.7,121,4.6,1499.,0.0
A765,19/08/2018,19,22.2,22.8,21.8,76,78,72,17.7,18.3,17.0,1019.6,1020.1,1019.6,2.6,109,4.4,1758.,0.0
A765,19/08/2018,06,15.9,16.3,15.7,98,98,98,15.5,15.9,15.3,1021.7,1022.0,1021.6,0.8,284,1.9,-3.55,0.2
A765,19/08/2018,15,22.3,22.5,21.5,68,73,67,16.2,17.4,15.4,1022.3,1023.1,1022.3,2.5,108,4.9,2763.,0.2
A765,19/08/2018,07,15.2,15.9,15.2,98,98,98,14.9,15.5,14.9,1021.5,1021.7,1021.5,0.7,210,2.0,-3.51,0.0
A765,19/08/2018,20,21.6,22.5,21.5,78,78,74,17.5,17.9,17.2,1019.9,1019.9,1019.6,2.1,116,4.5,970.4,0.0
A765,19/08/2018,12,18.8,18.8,15.9,93,98,93,17.6,17.8,15.6,1023.3,1023.3,1022.7,1.2,215,2.7,1075.,0.0
A765,19/08/2018,21,20.4,21.7,20.4,84,84,77,17.5,17.6,17.1,1020.3,1020.3,1019.9,1.1,112,4.2,221.9,0.0
A765,19/08/2018,00,18.0,18.4,17.9,97,97,95,17.5,17.7,17.3,1023.2,1023.2,1022.6,0.9,263,2.4,-3.58,0.0
A765,19/08/2018,22,18.9,20.4,18.9,92,92,84,17.6,17.6,17.3,1020.8,1020.8,1020.3,0.7,293,2.5,1.934,0.0
A765,19/08/2018,08,14.7,15.4,14.7,98,98,98,14.4,15.1,14.4,1021.2,1021.5,1021.2,0.6,269,1.8,-3.55,0.0
A765,19/08/2018,23,18.2,18.9,18.1,95,95,92,17.4,17.6,17.3,1021.1,1021.1,1020.7,0.5,261,1.1,-3.59,0.0
A765,19/08/2018,03,16.9,17.0,16.7,97,97,97,16.5,16.6,16.3,1023.0,1023.2,1023.0,0.9,237,2.8,-3.54,0.0
A765,19/08/2018,13,21.3,21.3,18.8,79,93,78,17.5,18.4,17.0,1023.6,1023.7,1023.3,1.3,114,2.8,1661.,0.0
A765,19/08/2018,01,17.2,18.0,17.2,97,97,97,16.7,17.4,16.7,1023.3,1023.4,1023.2,0.9,248,2.1,-3.57,0.0
A765,19/08/2018,02,16.9,17.2,16.8,97,97,97,16.4,16.7,16.3,1023.2,1023.3,1023.2,1.1,253,2.1,-3.60,0.0
A765,19/08/2018,05,16.2,16.7,16.2,98,98,97,15.8,16.3,15.8,1022.0,1022.4,1022.0,0.8,274,2.3,-3.58,0.0
A765,19/08/2018,09,14.6,14.9,14.6,98,98,98,14.3,14.6,14.3,1021.6,1021.6,1021.2,0.5,291,1.4,-3.47,0.0
A765,19/08/2018,16,22.1,22.7,21.7,75,77,68,17.5,18.0,15.9,1021.5,1022.3,1021.5,3.4,118,5.5,2503.,0.0
A765,20/08/2018,03,16.4,16.9,16.3,97,97,96,15.9,16.4,15.8,1021.2,1021.4,1021.2,0.6,282,2.1,-3.59,0.0
A765,20/08/2018,20,21.7,23.0,21.6,82,83,76,18.5,18.7,18.2,1020.1,1020.1,1019.8,0.9,140,4.0,619.9,0.0
A765,20/08/2018,01,17.3,17.6,17.1,97,97,96,16.7,17.1,16.5,1021.3,1021.3,1021.1,0.7,275,1.5,-3.59,0.0
A765,20/08/2018,14,24.4,24.6,22.2,66,76,65,17.6,18.4,16.8,1021.1,1021.2,1021.1,1.9,151,5.1,2390.,0.0
A765,20/08/2018,17,24.1,25.1,23.9,72,74,69,18.7,19.5,18.5,1020.2,1020.5,1020.2,2.3,192,6.9,2715.,0.0
A765,20/08/2018,15,25.5,26.0,24.0,69,72,65,19.5,19.7,17.8,1020.7,1021.1,1020.7,2.3,103,4.5,2758.,0.0
A765,20/08/2018,08,15.0,15.9,14.8,98,98,98,14.6,15.5,14.5,1019.1,1019.4,1019.1,0.6,255,1.5,-3.59,0.0
A765,20/08/2018,00,17.4,18.2,17.4,96,96,95,16.8,17.4,16.8,1021.2,1021.4,1021.1,0.2,18,1.1,-3.59,0.0
A765,20/08/2018,09,15.1,15.5,14.9,98,98,98,14.7,15.1,14.5,1019.5,1019.5,1019.1,0.5,293,1.9,-3.59,0.0
A765,20/08/2018,02,16.9,17.3,16.8,97,97,96,16.4,16.7,16.2,1021.4,1021.4,1021.3,1.6,350,2.4,-3.59,0.0
A765,20/08/2018,18,23.0,24.4,22.9,76,76,72,18.5,19.3,18.4,1019.8,1020.2,1019.8,3.1,193,6.5,2325.,0.0
A765,20/08/2018,16,24.8,26.0,24.5,70,74,66,18.9,19.9,18.9,1020.5,1020.7,1020.5,2.6,159,5.4,2843.,0.0
A765,20/08/2018,12,20.8,20.8,16.3,89,97,89,19.0,19.0,15.9,1020.6,1020.7,1020.5,0.6,131,1.6,1066.,0.0
A765,20/08/2018,06,15.7,16.0,15.5,98,98,97,15.3,15.6,15.1,1019.7,1020.1,1019.7,0.8,246,2.0,-3.60,0.0
A765,20/08/2018,19,23.0,23.1,22.5,77,78,75,18.7,18.9,18.3,1019.8,1019.8,1019.7,2.1,193,6.1,1715.,0.0
A765,20/08/2018,04,15.8,16.4,15.8,97,97,97,15.4,16.0,15.4,1020.6,1021.2,1020.6,0.7,256,1.5,-3.59,0.0
A765,20/08/2018,07,15.8,15.9,15.6,98,98,98,15.4,15.5,15.2,1019.3,1019.7,1019.3,0.7,245,2.2,-3.59,0.0
A765,20/08/2018,05,15.9,16.2,15.8,97,97,97,15.5,15.8,15.3,1020.1,1020.7,1020.1,0.8,294,1.9,-3.59,0.0
A765,20/08/2018,21,20.8,21.7,20.8,85,85,81,18.1,18.5,18.1,1020.7,1020.7,1020.1,1.9,190,3.9,110.0,0.0
A765,20/08/2018,22,20.0,20.8,20.0,87,87,85,17.9,18.1,17.8,1021.4,1021.4,1020.7,1.8,214,4.9,3.013,0.0
A765,20/08/2018,23,19.5,20.0,19.5,89,89,87,17.7,18.0,17.7,1022.2,1022.2,1021.4,1.4,197,4.9,0.067,0.0
A765,20/08/2018,11,16.3,16.3,15.2,97,98,97,15.9,15.9,14.9,1020.6,1020.6,1020.1,0.4,260,2.1,291.2,0.0
A765,20/08/2018,13,22.2,22.7,20.2,76,89,72,17.7,18.7,16.9,1021.1,1021.1,1020.6,2.5,107,4.2,1692.,0.0
A765,20/08/2018,10,15.2,15.2,14.7,98,98,98,14.9,14.9,14.3,1020.1,1020.1,1019.5,1.0,215,2.1,1.329,0.0
A765,21/08/2018,03,18.7,19.0,18.7,91,91,91,17.2,17.5,17.2,1022.8,1023.0,1022.8,1.7,227,4.2,-0.75,0.0
A765,21/08/2018,18,18.6,19.0,18.5,94,94,92,17.6,17.9,17.4,1021.5,1021.8,1021.4,1.8,210,5.5,269.9,0.0
A765,21/08/2018,07,18.7,18.9,18.7,94,94,89,17.7,17.7,17.1,1021.3,1021.6,1021.3,0.5,277,1.6,-0.77,0.0
A765,21/08/2018,06,18.8,19.1,18.8,89,90,89,17.0,17.4,17.0,1021.6,1022.1,1021.6,0.5,259,2.5,-0.22,0.0
A765,21/08/2018,16,19.9,20.3,19.8,85,85,82,17.3,17.5,17.0,1022.1,1022.7,1022.1,1.9,173,4.2,301.6,0.0
A765,21/08/2018,22,18.1,18.3,18.0,95,95,95,17.2,17.4,17.2,1022.3,1022.3,1022.1,1.5,228,4.8,-1.03,0.0
A765,21/08/2018,10,18.2,18.7,18.2,95,95,94,17.4,17.7,17.4,1021.5,1021.5,1021.1,0.5,358,1.7,7.307,0.0
A765,21/08/2018,21,18.2,18.5,18.2,95,95,94,17.4,17.6,17.4,1022.2,1022.2,1021.5,1.4,219,4.7,35.53,0.0
A765,21/08/2018,05,19.0,19.0,18.8,90,90,89,17.3,17.3,17.1,1022.0,1022.6,1022.0,1.0,267,3.3,0.080,0.0
A765,21/08/2018,04,18.8,18.8,18.7,90,91,90,17.1,17.2,17.1,1022.4,1022.8,1022.4,1.4,235,4.2,-0.43,0.0
A765,21/08/2018,17,19.0,19.9,18.9,92,92,85,17.6,17.7,17.1,1021.7,1022.1,1021.7,1.4,203,3.8,245.0,0.0
A765,21/08/2018,15,20.1,21.6,20.1,82,83,76,17.0,17.7,16.7,1022.7,1022.9,1022.7,2.4,164,4.9,975.0,0.0
A765,21/08/2018,08,18.7,18.7,18.6,92,94,92,17.3,17.8,17.3,1021.1,1021.3,1021.1,0.3,217,1.2,-0.87,0.0
A765,21/08/2018,14,21.1,22.5,20.9,79,80,68,17.3,17.8,15.8,1022.9,1023.0,1022.8,2.0,137,4.1,1741.,0.0
A765,21/08/2018,00,19.0,19.5,19.0,91,91,89,17.4,17.7,17.4,1022.5,1022.5,1022.2,1.4,231,4.0,-0.45,0.0
A765,21/08/2018,13,21.2,21.3,19.5,72,88,71,15.9,17.5,15.2,1022.8,1023.0,1022.8,1.0,47,2.4,1052.,0.0
A765,21/08/2018,02,18.9,19.0,18.9,91,91,91,17.5,17.5,17.4,1022.9,1023.0,1022.8,1.2,228,4.3,-0.73,0.0
A765,21/08/2018,12,19.5,19.5,18.7,88,95,88,17.5,18.1,17.5,1022.8,1022.8,1021.9,0.9,270,1.7,353.8,0.0
A765,21/08/2018,19,18.7,18.8,18.6,94,94,93,17.7,17.8,17.5,1021.4,1021.5,1021.3,1.5,199,4.2,228.9,0.0
A765,21/08/2018,20,18.5,18.7,18.5,94,94,93,17.5,17.7,17.5,1021.5,1021.5,1021.3,1.6,206,4.3,197.6,0.0
A765,21/08/2018,11,18.7,18.7,18.2,95,96,95,17.8,17.8,17.5,1021.9,1021.9,1021.5,0.8,286,1.6,127.2,0.0
A765,21/08/2018,01,18.9,19.0,18.9,91,91,91,17.4,17.5,17.4,1022.8,1022.8,1022.5,2.1,216,4.6,-1.28,0.0
A765,21/08/2018,23,17.9,18.1,17.9,95,95,95,17.1,17.3,17.0,1022.4,1022.4,1022.1,1.3,213,4.2,-1.25,0.2
A765,21/08/2018,09,18.7,18.7,18.6,94,94,91,17.6,17.6,17.1,1021.2,1021.2,1021.0,0.6,295,1.2,-0.71,0.0
A765,22/08/2018,21,18.5,18.9,18.5,93,93,88,17.4,17.5,16.9,1019.2,1019.2,1018.6,1.2,312,2.4,35.18,0.0
A765,22/08/2018,19,19.1,19.4,19.0,87,88,86,16.9,17.3,16.8,1018.5,1018.9,1018.5,1.2,110,2.5,367.2,0.0
A765,22/08/2018,14,20.3,20.5,19.4,84,89,83,17.5,17.9,17.1,1022.4,1022.7,1022.3,1.4,107,3.0,925.7,0.0
A765,22/08/2018,09,17.6,17.6,17.5,97,97,97,17.0,17.1,17.0,1021.4,1021.4,1020.8,1.2,223,2.5,-0.47,0.4
A765,22/08/2018,15,20.0,20.3,19.8,85,86,83,17.3,17.7,17.0,1021.4,1022.4,1021.4,1.5,95,3.3,766.6,0.0
A765,22/08/2018,22,18.2,18.5,18.2,94,94,93,17.3,17.4,17.3,1019.2,1019.2,1019.0,1.2,353,1.9,-0.56,0.0
A765,22/08/2018,03,17.6,18.1,17.6,95,95,95,16.8,17.3,16.8,1022.6,1022.6,1022.5,0.8,207,2.2,-2.93,0.0
A765,22/08/2018,16,19.2,20.0,19.2,88,88,85,17.1,17.4,17.0,1020.8,1021.4,1020.8,1.5,152,3.8,418.3,0.0
A765,22/08/2018,02,18.0,18.4,18.0,95,95,93,17.2,17.4,17.2,1022.6,1022.8,1022.4,1.2,335,2.2,-1.41,0.0
A765,22/08/2018,08,17.6,17.8,17.6,97,97,97,17.1,17.3,17.1,1020.9,1021.1,1020.9,0.9,217,2.4,-0.66,0.0
A765,22/08/2018,20,18.9,19.3,18.8,88,89,87,16.9,17.2,16.8,1018.6,1018.6,1018.4,1.5,93,2.9,212.8,0.0
A765,22/08/2018,12,18.5,18.6,17.9,94,96,94,17.6,17.6,17.3,1022.7,1022.7,1022.3,0.6,252,1.5,227.2,0.2
A765,22/08/2018,06,17.8,18.0,17.8,96,96,96,17.2,17.3,17.2,1021.3,1021.4,1021.2,0.9,222,1.7,-0.82,0.0
A765,22/08/2018,04,17.7,18.0,17.4,96,96,95,17.1,17.3,16.7,1022.1,1022.6,1022.1,0.3,234,1.9,-1.24,0.0
A765,22/08/2018,10,17.6,17.6,17.5,97,97,97,17.0,17.0,17.0,1021.9,1021.9,1021.4,1.1,220,2.7,1.979,0.0
A765,22/08/2018,00,18.1,18.1,17.9,93,95,93,17.0,17.2,17.0,1022.6,1022.8,1022.4,1.4,221,4.2,-1.90,0.0
A765,22/08/2018,01,18.3,18.4,18.0,93,94,92,17.2,17.3,17.0,1022.7,1022.9,1022.5,1.2,288,3.3,-2.26,0.0
A765,22/08/2018,07,17.8,17.8,17.7,97,97,96,17.3,17.3,17.2,1021.0,1021.3,1021.0,0.4,187,1.8,-0.56,0.0
A765,22/08/2018,23,18.0,18.3,18.0,95,95,94,17.3,17.4,17.3,1019.1,1019.3,1019.1,1.0,357,2.3,-2.50,0.0
A765,22/08/2018,13,19.4,19.4,18.5,88,94,88,17.4,17.8,17.3,1022.3,1022.7,1022.3,1.2,196,3.0,647.6,0.0
A765,22/08/2018,17,19.0,19.4,18.9,89,90,88,17.2,17.5,17.0,1019.9,1020.8,1019.9,1.6,166,3.8,378.1,0.0
A765,22/08/2018,05,18.0,18.1,17.7,96,96,96,17.3,17.4,17.1,1021.4,1022.1,1021.4,0.2,70,1.5,-0.13,0.0
A765,22/08/2018,18,19.2,19.8,19.0,87,90,86,17.0,17.7,16.9,1018.9,1019.9,1018.9,1.5,134,3.2,540.3,0.0
A765,22/08/2018,11,17.9,17.9,17.6,96,97,96,17.2,17.3,17.0,1022.4,1022.4,1021.9,0.6,204,2.3,66.10,0.0
A765,23/08/2018,23,19.2,19.3,19.1,93,93,92,18.0,18.1,17.9,1016.8,1016.8,1015.9,0.9,170,2.3,-0.03,0.0
A765,23/08/2018,02,17.8,18.1,17.8,96,96,95,17.2,17.4,17.1,1018.2,1018.5,1018.0,0.7,338,1.9,-1.93,0.2
A765,23/08/2018,19,21.8,24.7,21.4,79,80,69,18.0,19.2,17.4,1014.9,1014.9,1014.7,2.0,89,3.6,1075.,0.0
A765,23/08/2018,06,17.8,18.0,17.6,97,97,97,17.3,17.5,17.1,1015.7,1016.0,1015.6,1.3,224,3.2,-2.06,0.0
A765,23/08/2018,00,18.1,18.1,17.9,96,96,95,17.4,17.5,17.2,1018.7,1019.1,1018.7,1.0,347,2.2,-1.91,0.2
A765,23/08/2018,03,17.7,17.9,17.6,97,97,96,17.1,17.3,17.0,1017.9,1018.4,1017.9,1.2,327,1.6,-1.76,0.0
A765,23/08/2018,17,23.1,23.9,22.3,75,82,72,18.5,19.6,18.2,1015.5,1016.1,1015.5,1.5,145,5.2,2356.,0.0
A765,23/08/2018,21,19.3,20.8,19.3,91,91,85,17.8,18.3,17.7,1015.5,1015.5,1014.9,1.3,122,4.1,247.8,0.0
A765,23/08/2018,10,16.6,17.3,16.6,97,97,97,16.2,16.9,16.2,1015.4,1015.4,1015.1,0.9,254,4.7,1.895,0.0
A765,23/08/2018,08,16.8,17.5,16.6,97,97,97,16.4,17.0,16.1,1014.8,1015.0,1014.6,1.2,224,3.5,-3.50,0.0
A765,23/08/2018,20,20.4,21.8,20.4,86,86,78,18.0,18.2,17.5,1014.9,1014.9,1014.7,1.7,83,3.6,690.1,0.0
A765,23/08/2018,11,17.5,17.5,16.5,98,98,97,17.1,17.1,16.1,1015.9,1015.9,1015.3,0.7,266,2.6,227.4,0.0
A765,23/08/2018,05,17.6,17.8,17.6,97,97,96,17.1,17.2,17.0,1016.0,1016.9,1016.0,1.1,222,2.6,-1.69,0.0
A765,23/08/2018,09,17.3,17.4,16.8,97,97,97,16.9,17.0,16.4,1015.2,1015.2,1014.7,2.3,202,5.5,-2.74,0.0
A765,23/08/2018,13,22.0,22.9,20.1,78,92,78,18.1,19.7,18.1,1017.0,1017.0,1016.4,0.7,56,2.1,1515.,0.0
A765,23/08/2018,16,22.8,24.3,22.0,81,84,72,19.3,19.7,18.5,1016.1,1016.5,1016.0,2.9,106,5.6,2420.,0.0
A765,23/08/2018,14,23.9,24.3,21.9,73,82,71,18.8,19.7,18.2,1016.9,1017.1,1016.9,2.0,98,4.0,2281.,0.0
A765,23/08/2018,22,19.3,19.3,19.2,93,93,91,18.1,18.1,17.7,1015.9,1015.9,1015.5,0.7,127,3.1,2.616,0.0
A765,23/08/2018,04,17.8,18.0,17.6,96,97,96,17.2,17.4,17.1,1016.9,1017.9,1016.9,0.7,318,1.6,-1.83,0.0
A765,23/08/2018,01,18.0,18.1,17.9,95,96,95,17.2,17.5,17.2,1018.4,1018.8,1018.3,1.2,63,2.0,-1.69,0.0
A765,23/08/2018,12,20.4,20.5,17.5,91,98,90,18.8,19.3,17.1,1016.4,1016.4,1015.8,0.3,200,1.5,931.5,0.0
A765,23/08/2018,18,23.9,24.0,22.9,73,77,71,18.6,19.1,18.2,1014.8,1015.5,1014.7,1.6,126,5.9,2232.,0.0
A765,23/08/2018,07,17.5,17.8,17.5,97,97,97,17.0,17.3,17.0,1015.0,1015.7,1015.0,0.8,331,3.1,-2.97,0.0
A765,23/08/2018,15,23.4,23.9,22.8,76,80,73,18.9,20.0,18.3,1016.5,1016.9,1016.5,1.8,135,4.9,2615.,0.0
A765,24/08/2018,08,17.9,18.1,17.8,98,98,98,17.6,17.8,17.5,1014.8,1015.2,1014.8,0.6,360,1.8,0.724,0.0
A765,24/08/2018,19,21.3,22.0,20.6,85,88,83,18.7,19.3,18.2,1012.3,1012.3,1011.8,0.8,159,2.9,846.2,0.0
A765,24/08/2018,09,17.9,18.0,17.8,98,98,98,17.6,17.7,17.5,1014.9,1014.9,1014.8,0.8,34,1.7,0.785,0.0
A765,24/08/2018,21,20.0,20.8,20.0,92,92,88,18.5,18.9,18.5,1013.1,1013.1,1012.5,1.4,5,2.9,124.2,0.0
A765,24/08/2018,10,17.8,18.0,17.6,98,98,98,17.5,17.7,17.4,1015.7,1015.7,1014.9,0.8,216,2.2,2.496,0.0
A765,24/08/2018,04,18.2,18.6,18.2,97,97,96,17.7,18.0,17.7,1015.8,1016.3,1015.8,0.5,317,1.6,-0.80,0.0
A765,24/08/2018,07,18.0,18.2,17.9,98,98,98,17.6,17.9,17.6,1015.2,1015.3,1015.1,0.7,284,1.9,0.367,0.0
A765,24/08/2018,02,18.9,19.0,18.8,95,95,95,18.1,18.2,18.0,1016.9,1017.0,1016.8,0.4,280,1.3,-0.79,0.0
A765,24/08/2018,01,18.9,19.1,18.8,95,95,94,18.1,18.2,17.9,1016.9,1017.1,1016.9,0.7,344,1.8,0.226,0.0
A765,24/08/2018,12,18.2,18.4,17.9,98,98,98,17.9,18.1,17.7,1015.3,1016.0,1015.3,1.3,47,2.8,285.7,0.0
A765,24/08/2018,14,19.8,20.2,18.8,90,97,90,18.1,18.9,18.1,1014.3,1015.0,1014.2,1.0,121,3.0,1058.,0.0
A765,24/08/2018,11,18.2,18.2,17.8,98,98,98,17.9,17.9,17.5,1015.9,1015.9,1015.7,0.5,260,1.7,72.18,0.0
A765,24/08/2018,00,19.1,19.2,19.0,94,94,93,18.1,18.1,18.0,1017.1,1017.1,1016.8,0.8,1,1.7,0.363,0.0
A765,24/08/2018,13,18.7,18.9,18.2,97,98,97,18.3,18.5,17.9,1015.0,1015.3,1015.0,1.4,82,3.1,550.0,0.0
A765,24/08/2018,06,18.1,18.2,18.0,98,98,97,17.7,17.9,17.6,1015.2,1015.4,1015.2,0.8,94,2.3,0.226,0.0
A765,24/08/2018,03,18.6,18.9,18.6,96,96,95,18.0,18.1,17.9,1016.3,1016.9,1016.3,0.5,11,1.7,-2.01,0.0
A765,24/08/2018,20,20.5,21.4,20.5,88,88,85,18.5,18.9,18.5,1012.9,1012.9,1012.2,1.4,93,3.1,494.5,0.0
A765,24/08/2018,15,20.7,20.8,19.8,87,91,87,18.5,18.8,17.8,1013.5,1014.3,1013.5,1.7,107,3.6,1352.,0.0
A765,24/08/2018,17,20.5,22.0,20.4,88,88,82,18.4,19.2,18.0,1012.0,1012.9,1012.0,2.5,94,4.2,2005.,0.0
A765,24/08/2018,22,19.4,20.0,19.4,94,94,92,18.5,18.5,18.4,1013.0,1013.1,1012.9,0.6,55,3.1,1.122,0.0
A765,24/08/2018,18,21.9,23.2,20.4,83,89,79,19.0,19.6,18.1,1011.8,1012.1,1011.8,1.1,104,4.4,1790.,0.0
A765,24/08/2018,16,21.9,22.0,20.2,83,88,83,18.9,19.4,17.9,1012.9,1013.5,1012.9,1.6,113,4.4,2244.,0.0
A765,24/08/2018,05,18.1,18.3,18.1,98,98,97,17.7,17.9,17.7,1015.4,1015.8,1015.4,0.6,244,1.6,0.024,0.0
A765,24/08/2018,23,19.7,19.8,19.4,94,94,94,18.7,18.8,18.5,1012.5,1013.1,1012.5,0.8,32,1.9,-2.37,0.0
A765,25/08/2018,03,19.7,20.7,19.6,94,94,90,18.8,19.0,18.6,1013.0,1013.0,1012.6,0.5,98,3.0,-2.94,0.0
A765,25/08/2018,00,19.8,19.9,19.7,94,94,93,18.8,18.8,18.7,1011.9,1012.5,1011.8,0.8,186,4.0,-1.70,0.0
A765,25/08/2018,09,19.0,19.1,18.8,97,97,96,18.5,18.5,18.3,1016.8,1017.3,1016.5,0.7,307,2.8,-0.93,3.4
A765,25/08/2018,20,21.6,23.7,21.6,80,80,70,18.0,18.3,17.7,1017.7,1017.8,1016.3,2.7,222,8.0,317.7,0.0
A765,25/08/2018,19,23.7,24.2,23.6,72,72,68,18.3,18.4,17.7,1016.3,1016.3,1015.2,2.3,212,7.0,497.8,0.0
A765,25/08/2018,01,20.9,20.9,19.8,90,94,90,19.1,19.3,18.8,1012.6,1012.7,1011.9,3.7,213,8.9,-1.83,0.0
A765,25/08/2018,17,25.2,26.4,23.9,66,74,62,18.4,19.9,17.9,1014.0,1014.8,1014.0,2.5,154,6.7,1819.,0.0
A765,25/08/2018,05,20.9,21.0,20.2,82,86,81,17.6,18.1,17.5,1016.6,1016.7,1015.9,3.3,242,15.9,-0.77,0.0
A765,25/08/2018,04,21.0,21.4,19.5,84,96,84,18.2,19.8,18.2,1015.9,1015.9,1012.7,6.2,248,15.9,-2.75,0.0
A765,25/08/2018,15,25.1,25.2,24.0,72,77,71,19.6,20.0,18.9,1015.2,1015.7,1015.2,1.2,144,5.8,1358.,0.0
A765,25/08/2018,12,24.4,24.4,22.8,64,71,64,17.1,17.4,16.9,1014.4,1014.6,1013.5,2.6,59,8.6,505.3,0.0
A765,25/08/2018,18,24.2,25.5,23.9,69,72,65,18.1,18.9,18.0,1015.2,1015.2,1014.0,1.6,218,8.3,1179.,0.0
A765,25/08/2018,08,19.1,19.2,19.0,96,96,93,18.4,18.4,18.0,1017.1,1017.3,1016.8,0.8,27,2.7,-1.42,3.8
A765,25/08/2018,22,18.5,20.1,18.5,93,93,81,17.4,17.5,16.7,1020.1,1020.1,1018.9,1.8,196,4.3,-1.97,0.0
A765,25/08/2018,07,19.2,20.1,19.2,93,93,86,18.0,18.0,17.7,1017.1,1017.2,1016.5,0.6,206,3.5,-3.43,0.8
A765,25/08/2018,16,23.9,25.6,23.8,74,75,67,18.9,19.9,18.6,1014.7,1015.3,1014.6,3.3,156,6.9,1592.,0.2
A765,25/08/2018,23,18.1,18.5,18.1,94,95,93,17.1,17.5,17.1,1021.0,1021.0,1020.1,1.0,218,4.3,-1.76,0.4
A765,25/08/2018,06,20.1,20.9,20.1,86,86,81,17.7,17.7,17.5,1016.6,1016.8,1016.4,1.5,225,11.7,-0.88,0.0
A765,25/08/2018,11,22.8,22.8,18.8,71,97,71,17.2,19.6,17.2,1013.6,1014.1,1013.4,3.9,75,8.5,149.8,0.0
A765,25/08/2018,21,20.1,21.6,20.1,81,82,79,16.8,18.0,16.6,1019.0,1019.0,1017.7,1.7,237,6.5,14.33,0.0
A765,25/08/2018,14,24.0,25.3,23.4,77,78,60,19.8,19.8,17.0,1015.4,1015.4,1014.7,1.8,182,5.5,1005.,0.0
A765,25/08/2018,13,25.3,25.3,24.3,60,64,60,17.1,17.6,16.8,1014.7,1014.8,1014.3,2.0,81,7.4,695.5,0.0
A765,25/08/2018,10,18.9,19.0,18.6,97,97,97,18.3,18.5,18.1,1014.1,1017.2,1013.8,1.4,14,8.1,2.094,2.2
A765,25/08/2018,02,20.7,21.1,20.7,90,90,88,18.9,19.1,18.9,1012.6,1012.9,1012.5,1.0,35,8.1,-2.28,0.0
A765,26/08/2018,01,18.2,18.3,18.1,91,93,90,16.7,17.0,16.5,1021.7,1021.7,1021.1,1.1,202,1.9,-3.29,0.0
A765,26/08/2018,04,17.6,18.3,17.6,84,88,84,14.9,16.1,14.9,1022.9,1023.0,1022.8,1.6,209,4.3,-1.88,0.0
A765,26/08/2018,12,16.7,16.8,16.3,92,95,92,15.4,16.0,15.4,1025.8,1025.8,1025.0,1.7,292,3.3,107.4,0.0
A765,26/08/2018,23,15.0,15.4,14.8,96,96,95,14.4,14.7,14.0,1026.8,1026.8,1026.3,0.8,237,3.0,-0.90,0.6
A765,26/08/2018,09,16.5,16.5,16.3,97,97,97,16.0,16.0,15.8,1023.0,1023.2,1022.7,0.8,244,2.3,-0.66,0.6
A765,26/08/2018,18,15.7,16.1,15.7,95,95,93,14.9,15.1,14.7,1025.3,1025.9,1025.3,1.4,216,4.3,215.0,1.6
A765,26/08/2018,11,16.4,16.5,16.2,95,97,95,15.6,15.9,15.5,1025.0,1025.0,1024.0,1.1,343,2.9,48.70,0.6
A765,26/08/2018,20,15.1,15.7,15.1,96,96,95,14.5,14.9,14.4,1025.6,1025.6,1025.2,1.4,236,4.6,149.0,0.8
A765,26/08/2018,10,16.1,16.5,16.1,97,97,97,15.6,16.0,15.6,1024.1,1024.1,1023.0,0.8,207,3.4,0.634,2.4
A765,26/08/2018,08,16.3,16.5,16.3,97,97,96,15.7,15.9,15.7,1022.7,1022.8,1022.2,0.7,222,2.9,-0.42,0.6
A765,26/08/2018,16,17.9,18.3,17.5,85,90,82,15.3,16.1,14.9,1026.3,1027.0,1026.3,1.6,213,3.1,704.2,0.0
A765,26/08/2018,15,17.5,17.6,17.0,90,92,88,15.8,16.1,15.1,1027.0,1027.2,1027.0,0.8,229,3.6,402.4,0.0
A765,26/08/2018,22,15.0,15.3,15.0,95,96,95,14.2,14.7,14.2,1026.3,1026.3,1026.0,1.3,248,3.1,1.839,0.0
A765,26/08/2018,06,16.5,16.6,16.4,95,95,93,15.8,15.8,15.5,1022.0,1022.6,1022.0,1.1,248,4.2,-1.70,0.0
A765,26/08/2018,13,16.8,17.0,16.7,94,94,91,15.7,16.0,15.2,1026.9,1026.9,1025.8,1.1,221,3.0,169.8,0.0
A765,26/08/2018,00,18.3,18.5,18.1,90,94,88,16.5,17.2,16.4,1021.1,1021.3,1021.0,0.8,242,2.8,-3.01,0.0
A765,26/08/2018,05,16.6,17.6,16.6,93,93,83,15.5,15.5,14.5,1022.6,1022.9,1022.5,2.2,208,4.0,-2.30,0.0
A765,26/08/2018,17,16.1,17.9,16.1,93,93,84,15.0,15.2,14.5,1025.9,1026.3,1025.9,2.0,203,5.7,371.3,0.0
A765,26/08/2018,03,18.2,18.2,17.9,88,92,88,16.1,16.6,16.1,1022.8,1022.8,1022.1,0.7,224,3.3,-2.00,0.0
A765,26/08/2018,19,15.5,15.8,15.4,95,96,95,14.8,15.1,14.6,1025.2,1025.3,1025.2,1.3,226,4.5,270.8,1.6
A765,26/08/2018,21,15.1,15.3,14.9,96,96,96,14.5,14.7,14.3,1026.0,1026.1,1025.6,1.2,256,4.6,49.55,0.4
A765,26/08/2018,02,17.9,18.3,17.9,92,92,91,16.6,16.8,16.5,1022.1,1022.1,1021.7,1.3,234,3.8,-2.42,0.0
A765,26/08/2018,07,16.4,16.8,16.4,96,96,95,15.8,16.0,15.7,1022.2,1022.2,1021.9,0.9,221,3.6,-1.40,0.8
A765,26/08/2018,14,17.0,17.0,16.7,89,94,89,15.2,15.9,15.2,1027.1,1027.2,1026.9,1.8,283,3.7,259.1,0.0
A765,27/08/2018,20,15.9,16.4,15.7,95,95,91,15.1,15.2,14.7,1025.2,1025.3,1025.2,0.8,198,2.6,231.1,0.4
A765,27/08/2018,03,14.7,15.1,14.7,97,97,96,14.2,14.6,14.2,1027.1,1027.3,1027.1,0.6,268,2.9,-0.50,0.6
A765,27/08/2018,07,14.9,15.0,14.6,96,97,96,14.3,14.4,14.1,1025.2,1025.8,1025.2,1.9,290,3.0,-0.79,0.2
A765,27/08/2018,04,15.0,15.1,14.7,96,97,96,14.4,14.5,14.2,1026.6,1027.1,1026.6,1.4,294,2.6,-0.57,0.0
A765,27/08/2018,09,14.8,15.0,14.7,96,96,95,14.1,14.3,14.0,1025.2,1025.2,1024.9,0.8,202,1.8,-0.54,0.2
A765,27/08/2018,16,16.0,17.5,16.0,90,90,84,14.4,15.3,14.2,1026.6,1027.0,1026.6,1.0,18,3.0,829.3,0.0
A765,27/08/2018,00,14.8,15.0,14.7,96,97,96,14.3,14.4,14.1,1027.3,1027.3,1026.8,0.9,239,3.2,-0.18,1.4
A765,27/08/2018,11,15.0,15.0,14.6,96,96,96,14.4,14.4,14.0,1026.2,1026.2,1025.7,1.4,305,2.7,99.17,0.0
A765,27/08/2018,01,15.0,15.1,14.7,97,97,96,14.4,14.6,14.1,1027.3,1027.4,1027.3,2.2,300,3.0,-0.65,0.6
A765,27/08/2018,10,14.6,14.9,14.5,96,96,96,13.9,14.3,13.8,1025.7,1025.7,1025.2,0.9,264,2.1,2.255,0.4
A765,27/08/2018,15,16.9,17.0,15.8,88,94,87,14.9,15.6,14.5,1027.0,1027.4,1027.0,1.0,85,3.2,732.9,0.0
A765,27/08/2018,14,16.1,16.7,16.1,91,91,87,14.6,14.8,14.2,1027.4,1027.4,1027.3,1.7,143,4.0,745.8,0.4
A765,27/08/2018,23,15.9,15.9,15.7,97,97,97,15.4,15.5,15.2,1025.5,1025.5,1025.3,1.0,294,2.4,-0.27,0.4
A765,27/08/2018,13,16.5,16.5,15.7,89,93,88,14.6,14.9,14.3,1027.3,1027.3,1026.7,1.8,6,4.0,711.1,0.0
A765,27/08/2018,12,15.8,15.9,14.9,93,96,93,14.7,14.9,14.3,1026.7,1026.7,1026.2,1.3,338,2.6,397.3,0.0
A765,27/08/2018,18,16.2,16.4,15.9,94,94,93,15.2,15.4,14.9,1025.4,1025.9,1025.4,0.8,243,3.0,431.9,0.0
A765,27/08/2018,21,15.8,16.0,15.7,96,96,95,15.1,15.2,14.9,1025.3,1025.3,1025.2,0.8,320,1.7,110.2,0.4
A765,27/08/2018,06,14.8,14.9,14.6,97,97,96,14.2,14.3,13.9,1025.8,1026.2,1025.8,1.7,288,2.8,-0.70,0.2
A765,27/08/2018,08,14.8,15.3,14.8,95,96,94,14.0,14.5,14.0,1024.9,1025.2,1024.9,0.8,243,2.7,-0.52,0.0
A765,27/08/2018,17,16.1,16.3,15.9,93,94,90,15.0,15.3,14.6,1025.9,1026.6,1025.9,1.3,316,3.5,662.4,0.2
A765,27/08/2018,02,15.0,15.1,14.8,97,97,96,14.5,14.6,14.2,1027.3,1027.3,1027.2,1.7,292,3.1,-0.51,0.8
A765,27/08/2018,05,14.7,15.0,14.7,96,96,96,14.1,14.4,14.0,1026.2,1026.6,1026.2,1.6,283,2.8,-0.59,0.8
A765,27/08/2018,19,16.2,16.7,16.0,91,94,90,14.7,15.6,14.6,1025.2,1025.4,1025.2,0.9,87,2.6,397.4,0.2
A765,27/08/2018,22,15.7,15.9,15.6,97,97,96,15.2,15.3,15.0,1025.4,1025.4,1025.3,1.4,319,2.7,1.952,0.4
A765,28/08/2018,03,16.6,16.8,16.6,97,97,96,16.1,16.3,16.0,1025.4,1025.5,1025.4,0.7,240,2.0,-0.12,0.4
A765,28/08/2018,22,18.8,20.8,18.8,92,92,81,17.5,17.6,17.2,1022.2,1022.2,1022.0,0.7,297,2.0,6.569,0.0
A765,28/08/2018,11,17.5,17.5,17.0,97,98,97,17.1,17.1,16.6,1024.7,1024.7,1024.4,0.8,208,1.7,178.9,0.0
A765,28/08/2018,05,16.7,16.8,16.6,97,97,97,16.3,16.4,16.2,1024.8,1025.3,1024.8,0.7,243,1.7,-0.59,0.0
A765,28/08/2018,14,21.7,22.0,20.0,76,82,75,17.3,18.0,16.2,1025.0,1025.2,1025.0,1.6,109,3.6,2627.,0.0
A765,28/08/2018,07,16.8,16.9,16.8,98,98,97,16.5,16.5,16.4,1023.8,1024.3,1023.8,0.7,233,1.7,-0.04,0.2
A765,28/08/2018,19,23.0,23.7,22.5,68,71,64,16.8,17.4,16.2,1022.0,1022.4,1022.0,2.0,101,3.9,1919.,0.0
A765,28/08/2018,10,17.1,17.2,16.9,98,98,98,16.8,16.8,16.6,1024.4,1024.4,1024.1,0.8,295,1.6,3.533,0.0
A765,28/08/2018,04,16.8,16.9,16.6,97,97,97,16.4,16.4,16.1,1025.3,1025.6,1025.3,1.1,279,2.0,-0.06,0.2
A765,28/08/2018,21,20.8,22.8,20.8,81,81,70,17.3,17.9,17.0,1022.1,1022.1,1021.8,1.0,244,4.3,418.3,0.0
A765,28/08/2018,01,16.4,16.5,16.3,97,97,96,15.9,16.0,15.7,1025.5,1025.7,1025.5,2.0,333,2.9,-0.51,0.0
A765,28/08/2018,08,16.9,17.1,16.8,98,98,98,16.5,16.7,16.4,1023.8,1023.8,1023.7,0.7,212,1.7,-0.49,0.0
A765,28/08/2018,18,22.9,23.0,21.2,70,79,70,17.0,17.9,16.8,1022.4,1023.1,1022.4,1.7,167,3.6,1232.,0.0
A765,28/08/2018,09,17.0,17.1,16.9,98,98,98,16.7,16.7,16.5,1024.1,1024.1,1023.8,0.6,289,1.6,-0.26,0.0
A765,28/08/2018,20,22.8,23.2,22.5,70,71,66,17.0,17.3,16.2,1021.8,1022.0,1021.8,1.3,154,3.5,1161.,0.0
A765,28/08/2018,23,17.8,18.8,17.8,95,95,92,17.0,17.5,16.9,1022.7,1022.7,1022.2,0.6,311,1.2,-3.60,0.0
A765,28/08/2018,00,16.3,16.3,15.9,97,97,97,15.7,15.8,15.4,1025.6,1025.6,1025.3,1.3,338,5.4,-0.52,0.4
A765,28/08/2018,15,22.7,22.9,21.4,71,78,69,17.2,18.1,16.8,1024.3,1025.1,1024.3,1.7,114,4.2,2991.,0.0
A765,28/08/2018,02,16.6,16.6,16.2,97,97,97,16.1,16.2,15.8,1025.5,1025.5,1025.4,1.3,299,3.1,-0.10,0.0
A765,28/08/2018,16,22.3,23.5,22.1,71,72,65,16.7,17.7,16.2,1023.7,1024.3,1023.7,2.6,132,4.5,2884.,0.0
A765,28/08/2018,13,20.1,20.7,19.2,80,92,78,16.4,18.0,16.2,1025.2,1025.2,1025.0,0.8,46,2.3,1225.,0.0
A765,28/08/2018,06,16.8,16.9,16.7,97,98,97,16.4,16.5,16.3,1024.3,1024.8,1024.3,0.9,203,2.1,-0.42,0.0
A765,28/08/2018,17,21.7,22.4,21.1,77,78,70,17.4,17.6,16.3,1023.1,1023.7,1023.1,1.3,149,5.7,1199.,0.0
A765,28/08/2018,12,19.2,19.2,17.5,92,97,92,17.9,18.2,17.0,1025.0,1025.0,1024.7,0.8,189,2.1,686.0,0.0
A765,29/08/2018,04,16.1,16.7,16.1,97,97,97,15.7,16.2,15.7,1023.5,1023.8,1023.4,0.5,333,1.9,-3.60,0.0
A765,29/08/2018,02,16.9,17.2,16.6,97,97,96,16.4,16.7,16.0,1023.6,1023.7,1023.4,0.8,257,1.7,-3.59,0.0
A765,29/08/2018,05,16.0,16.1,15.8,98,98,97,15.6,15.7,15.4,1022.8,1023.5,1022.8,0.7,263,1.9,-3.59,0.0
A765,29/08/2018,00,17.3,17.9,17.3,96,96,95,16.6,17.1,16.6,1023.3,1023.3,1022.7,0.9,245,1.4,-3.60,0.0
A765,29/08/2018,03,16.7,16.9,16.4,97,97,97,16.2,16.4,15.9,1023.7,1023.9,1023.5,0.9,286,2.1,-3.59,0.0
A765,29/08/2018,01,17.1,17.5,17.0,97,97,96,16.5,16.9,16.4,1023.6,1023.6,1023.3,0.7,299,2.1,-3.48,0.0
